layers/arawak.asc
ncols         638
nrows         825
xllcorner     -2985163.8955
yllcorner     -3022031.214
cellsize      10000.0
NODATA_value  -9999
[rows 493 to 521 of 825, columns 325 to 389 of 638]
6.9663E-2 1.49467E-1 5.60225E-1 5.17825E-1 5.40319E-1 4.41639E-1 4.02216E-1 3.67536E-1 2.41886E-1 1.11561E-1 1.36699E-1 3.41212E-1 1.92627E-1 2.02921E-1 8.21893E-2 1.12575E-1 1.0093E-1 9.41203E-2 7.75825E-2 5.86057E-2 2.02601E-2 1.15601E-2 8.76769E-3 7.92084E-3 2.57134E-2 2.68826E-2 8.66219E-3 8.42377E-3 8.72887E-3 9.65429E-3 2.20532E-2 3.777E-2 3.33018E-2 3.14159E-2 2.8546E-2 2.49131E-2 2.08997E-2 9.24721E-3 2.78664E-3 1.25635E-2 5.88536E-3 4.28769E-3 4.27851E-3 2.80125E-3 1.3056E-3 1.83594E-3 3.27111E-3 6.18553E-3 4.67055E-2 2.46219E-3 1.01734E-2 1.61541E-2 3.74193E-3 2.22127E-3 1.96606E-3 1.69047E-3 1.86863E-3 6.72657E-3 1.84277E-2 1.93679E-2 1.96797E-2 1.99664E-2 1.91416E-2 1.90853E-2 1.60834E-2
1.2102E-1 4.49793E-1 4.95451E-1 2.81206E-1 2.66618E-1 2.8384E-1 2.04538E-1 9.74932E-2 8.48156E-2 8.85739E-2 1.11164E-1 1.43377E-1 1.5421E-1 2.14749E-1 8.79622E-2 1.69094E-1 1.31245E-1 1.40599E-1 1.08523E-1 4.4498E-2 2.21908E-2 2.1487E-2 1.50593E-2 2.46396E-2 9.08464E-3 7.90268E-3 3.22326E-3 1.1239E-3 1.5318E-3 7.39977E-3 2.19172E-2 3.82936E-2 2.60028E-2 2.45548E-2 1.06878E-2 2.16162E-2 1.59448E-2 7.79665E-3 1.3481E-2 6.98225E-3 1.1274E-3 7.53828E-4 6.23932E-4 8.51789E-4 1.21156E-3 2.04721E-3 1.21619E-2 7.00618E-2 5.22891E-2 2.63912E-3 2.4872E-3 2.95097E-3 9.99964E-4 7.1514E-4 6.16105E-4 5.2612E-4 5.67472E-4 2.96571E-3 1.15394E-2 1.33132E-2 1.9885E-2 2.0235E-2 1.99264E-2 1.91035E-2 1.58202E-2
2.95451E-1 5.87029E-1 2.71159E-1 1.82784E-1 1.7779E-1 1.91564E-1 1.33778E-1 6.15347E-2 5.84357E-2 4.0589E-2 3.62839E-2 6.55867E-2 8.60932E-2 7.25184E-2 1.15578E-1 3.17511E-1 3.35907E-1 3.48286E-1 1.06323E-1 6.84543E-2 7.27137E-2 1.27305E-1 7.14954E-2 5.2549E-2 1.07222E-2 8.05389E-3 7.24362E-3 1.33399E-3 7.38923E-3 2.00797E-2 2.41192E-2 2.91469E-2 2.05929E-2 1.02854E-2 1.95803E-3 8.28578E-3 3.0583E-3 3.19041E-3 5.83435E-3 1.27578E-3 1.18977E-3 1.19091E-3 6.29403E-4 7.78609E-4 1.78944E-3 3.07534E-3 1.75783E-2 8.35968E-2 7.32223E-2 2.26055E-2 1.06259E-2 7.49407E-3 4.10908E-3 3.18674E-3 2.46886E-3 1.95733E-3 1.71002E-3 3.8431E-3 2.2651E-3 3.66977E-3 1.28401E-2 1.63343E-2 1.86739E-2 1.49251E-2 3.51075E-3
6.22067E-1 2.71587E-1 1.90606E-1 1.30538E-1 1.00547E-1 1.11453E-1 5.26309E-2 4.0084E-2 3.78274E-2 1.88371E-2 8.86916E-3 1.27703E-2 2.23668E-2 3.41414E-2 1.28359E-2 1.23703E-1 5.42499E-1 4.40824E-1 2.1463E-1 1.17935E-1 7.69895E-2 7.79049E-2 9.1098E-2 8.711E-2 5.95134E-2 3.54557E-2 1.50397E-2 8.32829E-3 8.62675E-3 1.6522E-2 1.0331E-2 2.16515E-3 2.40417E-3 5.70366E-3 5.43799E-3 4.86175E-3 9.27903E-4 3.13215E-3 2.88357E-3 2.70703E-3 6.49962E-3 7.51626E-3 1.76327E-3 1.80745E-3 1.26831E-2 2.18908E-2 3.84998E-2 8.62909E-2 3.25176E-2 2.41518E-2 1.50044E-2 1.09849E-2 8.27727E-3 7.69381E-3 6.77967E-3 6.25326E-3 8.93196E-3 4.7173E-3 1.3809E-3 7.10562E-4 1.92508E-3 3.31443E-3 1.29452E-2 4.63364E-3 5.10494E-4
1.71973E-1 5.58651E-2 3.41645E-2 2.23056E-2 1.32158E-2 1.79192E-2 1.15684E-2 1.2008E-2 2.29092E-2 8.13793E-3 5.84537E-3 6.40867E-3 2.05468E-2 3.92987E-2 5.91503E-3 3.79101E-2 1.68888E-1 1.93983E-1 4.53315E-1 2.09123E-1 1.15333E-1 7.48467E-2 1.36312E-1 5.0992E-2 2.70854E-2 1.49954E-2 1.23537E-2 1.03964E-2 3.02104E-2 3.13537E-2 9.91816E-3 7.00151E-3 6.20391E-3 1.97051E-2 1.5826E-2 1.47214E-2 8.17343E-3 1.30107E-2 1.56117E-2 1.58684E-2 1.8076E-2 2.09005E-2 1.34167E-2 1.40164E-2 1.56214E-2 3.29444E-2 4.73521E-2 9.90028E-2 5.83957E-2 2.95084E-2 1.8866E-2 1.39475E-2 1.35349E-2 1.08212E-2 8.64454E-3 9.06628E-3 1.27725E-2 6.62401E-3 5.69016E-3 2.67689E-3 5.7989E-4 6.13176E-4 2.66486E-3 6.99725E-4 7.71087E-4
4.91271E-2 2.12703E-2 8.37646E-3 5.51238E-3 3.47235E-3 5.69073E-3 5.48667E-3 2.79315E-3 6.904E-3 5.58928E-3 1.08139E-2 3.41362E-3 5.64888E-3 1.09435E-2 9.30855E-3 1.06485E-2 4.75761E-2 1.34615E-1 2.10792E-1 1.56217E-1 9.52888E-2 4.52995E-2 3.74627E-2 2.84555E-2 1.91044E-2 2.39257E-2 3.05271E-2 3.9593E-2 3.66155E-2 4.84934E-2 6.33277E-2 1.52811E-2 1.75437E-2 4.26884E-2 4.09231E-2 5.74732E-2 6.06027E-2 4.72849E-2 3.59453E-2 3.46488E-2 3.89139E-2 3.7938E-2 3.40779E-2 2.24102E-2 2.49776E-2 2.64147E-2 4.95863E-2 1.08639E-1 7.94283E-2 3.1891E-2 2.74461E-2 2.19706E-2 2.39598E-2 1.89722E-2 1.51327E-2 1.24426E-2 9.27799E-3 7.29198E-3 7.10873E-3 6.58025E-3 1.43876E-3 4.72972E-4 4.69412E-4 5.74309E-4 9.60007E-3
1.26085E-2 1.01793E-2 4.47065E-3 3.22127E-3 2.50972E-3 2.75146E-3 2.43189E-3 1.86746E-3 2.46807E-3 2.86158E-3 1.19799E-2 6.41544E-3 2.31542E-3 2.11327E-3 7.28785E-3 7.52378E-3 2.93813E-2 9.05768E-2 1.3436E-1 2.20286E-1 1.56489E-1 3.52212E-2 4.91868E-2 5.10017E-2 3.65585E-2 3.17769E-2 3.72967E-2 5.57944E-2 1.02663E-1 1.42537E-1 2.05887E-1 1.76568E-1 8.60963E-2 9.75037E-2 9.58314E-2 1.2326E-1 2.39802E-1 2.08439E-1 6.72444E-2 4.55558E-2 5.56882E-2 4.46098E-2 4.12642E-2 3.65008E-2 3.64911E-2 3.46984E-2 4.31519E-2 9.4754E-2 1.44951E-1 2.0434E-1 3.4019E-2 3.39735E-2 5.47732E-2 4.12642E-2 2.79212E-2 1.48684E-2 9.8415E-3 7.88929E-3 7.31075E-3 6.86522E-3 5.62297E-3 9.93113E-4 5.89259E-4 1.05269E-3 1.45256E-1
1.25111E-2 8.91124E-3 4.60139E-3 2.30056E-3 2.07475E-3 2.04414E-3 1.96709E-3 1.83273E-3 1.92737E-3 4.82403E-3 1.09742E-2 3.63423E-3 1.79622E-3 1.67428E-3 1.94492E-3 3.38882E-3 2.07406E-2 3.70714E-2 7.68653E-2 1.54852E-1 1.08994E-1 2.7822E-2 5.04635E-2 4.03133E-2 3.24424E-2 1.61207E-2 2.59215E-2 1.0771E-2 3.18107E-2 2.99291E-2 2.96712E-2 4.18448E-2 6.82262E-2 1.07774E-1 7.0674E-2 1.44889E-1 2.56373E-1 4.7549E-1 1.54383E-1 9.46702E-2 1.02437E-1 5.04325E-2 7.86427E-2 1.44631E-1 1.29363E-1 1.30837E-1 1.77749E-1 2.46144E-1 3.82534E-1 5.0528E-1 2.5905E-1 2.34303E-1 2.26159E-1 2.29768E-1 1.59373E-1 2.73264E-2 1.47195E-2 1.10138E-2 1.01411E-2 9.23956E-3 8.01421E-3 3.97161E-3 1.42823E-3 1.01628E-2 3.9991E-2
1.75063E-2 9.5457E-3 4.58093E-3 2.2991E-3 1.90199E-3 1.74828E-3 1.75401E-3 1.71695E-3 3.24461E-3 4.92689E-3 3.20433E-3 1.47474E-3 1.3478E-3 1.69415E-3 1.47907E-3 1.35704E-3 7.2871E-3 1.07516E-2 1.8491E-2 9.00434E-2 7.60332E-2 1.94001E-2 3.17418E-2 4.42739E-2 2.32204E-2 7.78644E-3 8.24312E-3 1.85272E-3 4.19879E-3 2.78862E-3 2.78058E-3 2.18004E-2 4.50655E-2 6.32462E-2 9.88305E-2 1.16094E-1 1.93194E-1 5.58566E-1 6.5647E-1 4.62226E-1 1.31493E-1 2.12136E-1 4.02254E-1 3.78762E-1 2.72485E-1 4.91749E-2 2.04012E-1 3.0215E-1 6.03359E-1 5.53929E-1 5.67505E-1 2.57831E-1 4.76073E-1 3.76567E-1 3.7056E-1 1.16704E-1 2.44533E-2 1.80744E-2 1.51754E-2 1.25857E-2 1.01595E-2 1.09344E-2 2.47017E-2 3.78869E-1 1.20185E-1
9.0128E-3 4.98636E-3 3.37343E-3 2.75621E-3 2.24985E-3 1.45729E-3 1.46445E-3 1.57521E-3 2.00598E-3 2.15982E-3 1.40877E-3 1.289E-3 1.29617E-3 1.2395E-3 1.2059E-3 1.22616E-3 2.75832E-3 3.09442E-3 2.92846E-3 5.22733E-2 5.42567E-2 3.32269E-2 3.0983E-2 3.95634E-2 8.55886E-3 1.75902E-3 2.3947E-3 2.06723E-3 2.0305E-3 1.67089E-3 2.47931E-3 2.04273E-2 3.94929E-2 5.2177E-2 8.11788E-2 1.13564E-1 9.65348E-2 2.6895E-1 6.3797E-1 5.63187E-1 1.64867E-1 4.24649E-1 6.18618E-1 3.72558E-1 1.5726E-1 9.34549E-2 7.36725E-2 9.17562E-2 9.27545E-2 8.61778E-2 1.03591E-1 1.49708E-1 3.19437E-1 2.4929E-1 3.1549E-1 9.00443E-2 3.85498E-2 2.58507E-2 2.5979E-2 2.61887E-2 2.35102E-2 1.89068E-2 6.14886E-2 8.02964E-1 3.1797E-2
5.02143E-3 2.98187E-3 2.52382E-3 2.29575E-3 2.03781E-3 1.70329E-3 1.31319E-3 5.86585E-3 2.65836E-3 2.21476E-3 1.42726E-3 1.49563E-3 1.28041E-3 1.21673E-3 1.06979E-3 1.13435E-3 1.09533E-3 1.03598E-3 2.56543E-3 4.53802E-2 4.80594E-2 2.54451E-2 2.98719E-2 2.99423E-2 1.26856E-2 2.01579E-3 2.25455E-3 2.82425E-3 5.37605E-3 7.20718E-3 3.06877E-2 1.64359E-2 9.26261E-3 3.9147E-2 3.54334E-2 3.39879E-2 4.53894E-2 1.39937E-1 2.11164E-1 2.06534E-1 1.27846E-1 1.503E-1 1.61673E-1 8.28063E-2 4.55507E-2 2.52688E-2 2.18993E-2 2.45868E-2 2.3378E-2 2.17155E-2 2.24964E-2 2.85927E-2 8.57302E-2 2.1164E-1 1.76814E-1 1.25813E-1 7.93506E-2 8.9066E-2 7.51484E-2 7.35878E-2 1.30204E-2 2.83211E-2 1.85869E-1 2.53702E-1 2.15783E-2
2.99086E-3 2.28125E-3 1.84592E-3 1.56907E-3 1.47205E-3 1.40007E-3 1.20633E-3 1.37402E-3 1.1478E-3 1.17695E-3 6.77525E-3 3.63336E-3 1.25147E-3 1.03872E-3 1.05869E-3 1.20354E-3 1.06212E-3 1.11708E-3 5.91439E-3 4.35075E-2 2.54043E-2 2.02872E-2 3.20725E-2 1.16081E-2 4.58791E-3 1.93151E-3 1.67073E-3 1.31478E-2 1.11218E-2 6.98382E-3 2.23162E-2 1.81703E-2 3.05789E-2 9.73812E-3 1.09286E-2 1.55213E-2 2.06376E-2 2.68021E-2 3.3092E-2 3.83617E-2 3.12382E-2 2.78509E-2 2.50375E-2 2.26058E-2 1.90299E-2 1.52291E-2 1.37282E-2 1.29785E-2 1.29857E-2 1.30197E-2 1.3504E-2 1.46962E-2 2.40713E-2 1.65307E-2 2.02422E-1 1.18924E-1 1.09868E-1 1.36511E-1 3.1168E-2 8.59947E-3 3.48987E-2 1.79275E-1 3.17858E-1 7.51871E-2 -9999
2.91124E-3 1.93244E-3 1.53863E-3 1.35024E-3 1.17832E-3 1.09293E-3 1.19684E-3 1.16272E-3 2.76888E-3 6.11568E-3 6.87943E-3 1.50427E-3 1.09468E-3 1.1363E-3 1.19332E-3 1.10352E-3 1.08608E-3 5.19221E-3 1.40873E-2 4.57746E-2 1.95445E-2 1.12782E-2 2.03776E-2 8.89762E-3 1.77992E-3 1.5443E-3 1.5272E-3 9.82004E-3 9.24558E-3 7.1972E-3 2.54522E-2 2.67214E-2 8.2575E-3 8.34751E-3 8.89462E-3 1.05507E-2 1.25369E-2 1.42658E-2 1.65105E-2 1.53504E-2 1.31294E-2 1.4559E-2 1.50899E-2 1.48546E-2 1.22731E-2 1.04749E-2 8.45521E-3 8.18982E-3 8.2962E-3 8.47323E-3 8.79437E-3 1.06122E-2 3.48401E-2 6.0492E-2 3.40451E-2 1.07259E-1 7.20676E-2 3.67071E-2 1.06213E-2 -9999 5.25676E-2 2.81137E-1 3.14063E-1 4.97356E-2 -9999
3.18321E-3 1.67724E-3 1.38117E-3 1.1621E-3 1.13807E-3 1.0068E-3 1.10822E-3 1.23335E-3 1.37853E-3 1.56121E-3 1.69221E-3 9.64946E-4 9.55152E-4 1.01669E-3 1.082E-3 1.02806E-3 4.76464E-3 2.27928E-2 3.64329E-2 4.45575E-2 2.12249E-2 6.54521E-3 5.53375E-3 7.02491E-3 1.43909E-3 1.36025E-3 1.36298E-3 5.0315E-3 6.29945E-3 7.22795E-3 7.49558E-3 6.89657E-3 6.11815E-3 7.42791E-3 8.2599E-3 2.93903E-2 9.21494E-3 9.35841E-3 1.04887E-2 9.75288E-3 9.40873E-3 1.00028E-2 1.01255E-2 9.71789E-3 8.06583E-3 7.36153E-3 7.1253E-3 7.02029E-3 7.18757E-3 6.76162E-3 7.04962E-3 8.35642E-3 9.07078E-2 9.65802E-2 -9999 -9999 -9999 -9999 -9999 -9999 3.24431E-2 2.81179E-1 2.21688E-1 -9999 -9999
1.89319E-3 1.59231E-3 1.32631E-3 1.04672E-3 9.54119E-4 9.68043E-4 1.21314E-3 1.2389E-3 1.12653E-3 1.10276E-3 1.24192E-3 1.00396E-3 1.13095E-3 9.69663E-4 9.89737E-4 1.05955E-3 8.56127E-3 3.67773E-2 3.88408E-2 3.48897E-2 1.32742E-2 5.85097E-3 1.85102E-3 6.47819E-3 1.22202E-3 1.17547E-3 2.47459E-3 3.82311E-3 8.62269E-3 9.13882E-3 7.21531E-3 6.59299E-3 1.22935E-3 7.48403E-3 7.78194E-3 8.31192E-3 7.2899E-3 7.01797E-3 7.90428E-3 7.87649E-3 7.82453E-3 7.76026E-3 8.35814E-3 7.64691E-3 6.94307E-3 6.93607E-3 6.70267E-3 6.77713E-3 7.09178E-3 7.20435E-3 7.51143E-3 8.04332E-3 7.44735E-2 -9999 -9999 -9999 -9999 -9999 -9999 1.13635E-2 5.73579E-2 3.0054E-1 3.81679E-2 -9999 -9999
1.79679E-3 1.64803E-3 1.34093E-3 1.12017E-3 9.63094E-4 9.38601E-4 1.0395E-3 1.20658E-3 9.09634E-4 8.40985E-4 1.08037E-3 1.09831E-3 1.22388E-3 9.7624E-4 9.59213E-4 1.0177E-3 1.09309E-2 3.8189E-2 3.42632E-2 1.83885E-2 1.33406E-2 5.29159E-3 1.73676E-3 5.62827E-3 2.2302E-3 4.63247E-3 6.26155E-3 6.83078E-3 2.28848E-2 1.6999E-2 6.84287E-3 6.56072E-3 6.57771E-3 6.9188E-3 7.12484E-3 7.49378E-3 6.92955E-3 6.64175E-3 6.82229E-3 7.67215E-3 8.05187E-3 7.72432E-3 7.8407E-3 6.6766E-3 6.83665E-3 6.71434E-3 6.59824E-3 6.43743E-3 6.13042E-3 7.31319E-3 7.9329E-3 9.09933E-3 1.18075E-2 -9999 -9999 -9999 -9999 -9999 5.11442E-3 4.63755E-2 1.19797E-1 2.06936E-1 1.74734E-2 -9999 -9999
2.25368E-3 1.54113E-3 1.39876E-3 1.27125E-3 1.13681E-3 1.09141E-3 9.57863E-4 9.74012E-4 8.91936E-4 7.59919E-4 9.32632E-4 1.06275E-3 1.30806E-3 3.9928E-3 9.50752E-4 1.00645E-3 9.73487E-3 3.47839E-2 3.54551E-2 1.0133E-2 1.19746E-2 4.77068E-3 1.67127E-3 4.83106E-3 2.39203E-3 1.28725E-2 6.5292E-3 8.75096E-3 1.80497E-2 6.87405E-3 6.3189E-3 6.42841E-3 6.52238E-3 6.16899E-3 6.0915E-3 7.07256E-3 6.90229E-3 6.34119E-3 6.19634E-3 6.98546E-3 7.92458E-3 7.38209E-3 7.56107E-3 6.64963E-3 6.31896E-3 6.7992E-3 6.75997E-3 6.60259E-3 6.79276E-3 8.55047E-3 1.0598E-2 1.3201E-2 4.57456E-3 -9999 -9999 -9999 -9999 -9999 1.45067E-2 9.01997E-2 1.01386E-1 1.86189E-2 1.31459E-2 -9999 -9999
2.65524E-3 1.43957E-3 1.36136E-3 1.27951E-3 1.28554E-3 1.18653E-3 9.5558E-4 8.76014E-4 1.02242E-3 9.88377E-4 8.48065E-4 2.99209E-3 5.54144E-3 5.64453E-3 4.93105E-3 5.06349E-3 2.717E-2 3.03567E-2 3.74526E-2 8.16088E-3 6.07539E-3 2.40555E-3 1.8306E-3 5.96951E-3 9.71124E-4 6.11061E-3 7.417E-3 1.34531E-2 7.43325E-3 6.74319E-3 6.233E-3 6.18194E-3 6.08535E-3 5.85163E-3 5.75288E-3 6.27999E-3 6.2906E-3 5.94905E-3 6.18313E-3 6.75001E-3 6.69842E-3 6.41523E-3 7.39479E-3 7.57128E-3 6.36006E-3 6.73579E-3 7.05504E-3 7.34916E-3 8.55486E-3 1.63747E-2 2.10307E-2 8.81177E-3 -9999 -9999 -9999 -9999 -9999 -9999 2.4604E-2 1.25983E-1 8.6492E-2 1.15854E-2 -9999 -9999 -9999
3.04069E-3 1.43509E-3 1.24629E-3 1.18145E-3 1.20356E-3 1.03273E-3 9.25281E-4 9.3888E-4 9.78119E-4 1.09763E-3 1.90441E-3 4.94434E-3 4.96669E-3 5.24246E-3 5.94964E-3 1.78909E-2 2.70825E-2 3.13572E-2 3.35861E-2 7.87365E-3 2.19173E-3 1.64735E-3 1.9158E-3 7.66682E-3 1.04381E-3 6.54953E-3 1.18114E-2 2.08272E-2 6.90094E-3 6.80475E-3 6.282E-3 6.04799E-3 6.03742E-3 5.81943E-3 5.83694E-3 5.53765E-3 6.05564E-3 6.0878E-3 5.92935E-3 6.09258E-3 6.10195E-3 1.28835E-2 3.3989E-2 7.44322E-3 6.62888E-3 1.26426E-2 1.528E-2 1.02066E-2 1.76194E-2 3.50143E-2 1.17704E-2 -9999 -9999 -9999 -9999 -9999 -9999 -9999 8.55808E-2 1.7736E-1 1.31633E-2 1.11521E-2 -9999 -9999 -9999
3.33811E-3 1.43106E-3 1.22903E-3 1.08673E-3 9.41676E-4 8.08191E-4 7.34924E-4 7.80064E-4 8.817E-4 1.11629E-3 8.5247E-3 7.28961E-3 4.88215E-3 5.16502E-3 5.83861E-3 1.98028E-2 2.54941E-2 3.13549E-2 2.84185E-2 7.29898E-3 1.45487E-3 1.61704E-3 2.22406E-3 6.73052E-3 1.24847E-3 7.40003E-3 2.62814E-2 2.56539E-2 1.13966E-2 6.53319E-3 6.18877E-3 6.04945E-3 6.01699E-3 5.58216E-3 5.52716E-3 5.32231E-3 6.4247E-3 5.86059E-3 5.63035E-3 6.49335E-3 1.98628E-2 8.98994E-3 9.10376E-3 7.10881E-3 7.36682E-3 1.71301E-2 3.45049E-2 4.17309E-2 1.65776E-2 1.13968E-2 1.30966E-2 -9999 -9999 -9999 -9999 -9999 2.29403E-1 2.11276E-1 3.21748E-1 1.58558E-1 2.29904E-2 -9999 -9999 -9999 -9999
3.44007E-3 1.4601E-3 1.21224E-3 9.89042E-4 8.18622E-4 7.3939E-4 7.00289E-4 7.30368E-4 8.01989E-4 1.12886E-3 1.86788E-3 4.55569E-3 5.261E-3 5.68649E-3 6.36195E-3 6.51021E-3 2.54841E-2 2.80445E-2 2.72097E-2 5.69766E-3 1.29451E-3 1.52331E-3 2.15848E-3 1.07983E-2 4.39258E-3 7.65406E-3 2.72108E-2 2.66587E-2 2.40239E-2 1.12026E-2 7.2581E-3 6.29651E-3 5.80083E-3 5.31427E-3 5.27225E-3 5.63111E-3 6.25355E-3 6.27544E-3 6.04889E-3 7.19857E-3 8.23862E-3 6.80816E-3 7.55076E-3 9.23338E-3 1.05569E-2 1.70725E-2 4.99768E-2 1.15091E-1 2.36173E-2 1.38869E-2 1.84681E-2 -9999 -9999 -9999 -9999 1.95844E-2 8.47878E-2 1.73224E-1 2.38537E-1 -9999 -9999 -9999 -9999 -9999 -9999
3.3575E-3 1.72236E-3 1.14135E-3 9.16127E-4 8.25673E-4 7.2639E-4 6.85165E-4 6.84315E-4 7.3805E-4 5.15253E-3 5.0124E-3 5.02614E-3 9.94485E-4 6.02319E-3 6.79706E-3 7.09389E-3 1.24893E-2 2.67093E-2 2.48591E-2 1.50813E-3 1.27715E-3 1.41059E-3 1.56777E-3 6.11193E-3 1.4102E-2 6.11106E-3 1.92306E-2 2.96688E-2 2.77713E-2 2.52585E-2 8.8146E-3 6.0531E-3 5.70789E-3 5.61148E-3 5.43788E-3 5.49854E-3 5.78843E-3 6.4902E-3 6.38386E-3 6.80206E-3 6.67421E-3 6.94407E-3 7.16057E-3 6.95778E-3 7.34746E-3 1.28538E-2 4.62359E-2 1.12488E-1 5.90046E-2 2.92562E-2 1.12095E-2 -9999 -9999 -9999 2.20716E-1 9.31955E-2 1.92702E-1 3.2051E-1 -9999 -9999 -9999 -9999 -9999 -9999 -9999
2.85585E-3 1.62042E-3 1.07284E-3 9.28197E-4 7.81689E-4 7.96387E-4 7.07315E-4 6.94007E-4 9.65807E-4 4.79149E-3 5.28445E-3 1.481E-3 4.94523E-3 6.30906E-3 7.24018E-3 7.27313E-3 7.42836E-3 1.86202E-2 7.44157E-3 1.03769E-3 1.36131E-3 1.27484E-3 1.28752E-3 1.85287E-3 4.88854E-3 2.5564E-3 6.87581E-3 1.42748E-2 1.37789E-2 1.39493E-2 7.85097E-3 5.71654E-3 5.7453E-3 6.00345E-3 5.39577E-3 5.64479E-3 5.94694E-3 6.28636E-3 6.81857E-3 7.18691E-3 7.23462E-3 7.35422E-3 7.39519E-3 7.16653E-3 7.27256E-3 9.46159E-3 2.47307E-2 9.80165E-2 4.66572E-2 1.176E-2 -9999 -9999 -9999 1.9748E-2 3.6227E-1 2.49309E-1 1.94573E-1 5.96267E-2 -9999 -9999 -9999 -9999 -9999 -9999 -9999
1.90297E-3 1.18007E-3 1.01276E-3 9.13663E-4 8.19981E-4 7.97414E-4 7.11749E-4 9.65057E-4 3.84174E-3 5.27156E-3 5.4371E-3 1.37291E-3 4.80609E-3 3.42309E-3 5.70476E-3 6.23088E-3 1.27589E-3 1.4562E-3 1.45619E-3 1.17428E-3 1.18636E-3 1.23753E-3 1.19888E-3 1.2879E-3 1.36226E-3 1.16605E-3 1.89158E-3 3.19512E-3 3.50168E-3 2.90566E-3 3.26754E-3 5.89751E-3 5.88797E-3 5.6439E-3 6.03665E-3 6.48229E-3 6.55343E-3 6.59199E-3 7.10191E-3 7.75028E-3 7.78569E-3 6.92131E-3 7.18906E-3 7.34512E-3 7.53615E-3 8.08497E-3 1.53997E-2 1.03439E-2 1.20632E-2 -9999 -9999 -9999 -9999 4.8701E-2 1.46896E-1 1.4806E-1 6.36968E-2 1.12923E-2 -9999 -9999 -9999 -9999 -9999 -9999 -9999
1.27739E-3 1.08347E-3 1.09394E-3 9.66502E-4 8.40299E-4 1.75966E-3 1.51666E-3 3.23314E-3 4.88263E-3 6.121E-3 5.22683E-3 1.18145E-3 4.31601E-3 2.38854E-3 4.74385E-3 1.25043E-3 1.2512E-3 1.16561E-3 1.32232E-3 1.38426E-3 1.2087E-3 1.12649E-3 1.38526E-3 1.34403E-3 1.31525E-3 1.30098E-3 1.43726E-3 1.39711E-3 1.16476E-3 1.03042E-3 1.07708E-3 1.21199E-2 7.68747E-3 5.85093E-3 6.68313E-3 6.95313E-3 6.9079E-3 6.49141E-3 6.8104E-3 7.55845E-3 6.62515E-3 3.9847E-3 9.04769E-3 9.46349E-3 1.01163E-2 1.37776E-2 4.02562E-3 2.24921E-3 2.52006E-3 -9999 -9999 -9999 -9999 -9999 1.093E-1 3.60703E-2 2.25272E-2 -9999 -9999 -9999 -9999 -9999 -9999 -9999 -9999
1.29639E-3 1.17948E-3 1.06858E-3 1.0384E-3 8.62191E-4 3.33708E-3 4.12165E-3 5.48996E-3 5.46174E-3 5.6965E-3 5.46429E-3 1.71065E-3 1.32754E-3 9.66235E-4 9.77288E-4 9.74037E-4 1.04231E-3 1.04538E-3 1.21957E-3 1.32965E-3 1.28343E-3 1.35486E-3 1.31938E-3 1.3682E-3 1.40398E-3 1.41027E-3 1.34159E-3 1.10382E-3 1.00813E-3 1.04942E-3 1.0311E-3 1.28291E-2 8.24645E-3 6.69683E-3 6.81715E-3 6.81126E-3 7.0569E-3 6.79328E-3 6.81157E-3 8.4764E-3 1.12766E-2 1.28373E-2 1.41602E-2 1.46635E-2 2.40926E-2 5.16142E-2 4.6912E-3 2.63536E-3 -9999 -9999 -9999 -9999 -9999 -9999 -9999 -9999 -9999 -9999 -9999 -9999 -9999 -9999 -9999 -9999 -9999
1.07096E-3 1.10402E-3 1.02631E-3 1.12556E-3 9.20799E-4 8.39226E-4 1.44114E-3 3.42497E-3 5.44253E-3 6.23423E-3 6.65622E-3 6.95595E-3 4.42836E-3 1.3073E-3 1.09489E-3 9.95989E-4 9.6646E-4 1.00038E-3 8.90368E-4 1.00138E-3 1.1366E-3 1.31891E-3 1.36673E-3 1.42121E-3 1.42541E-3 1.3245E-3 1.14215E-3 1.12267E-3 1.09707E-3 1.08272E-3 1.0664E-3 3.87559E-3 6.13353E-3 7.06799E-3 6.86747E-3 6.91807E-3 7.25094E-3 6.93957E-3 8.10616E-3 1.10807E-2 1.51965E-2 1.86043E-2 2.1915E-2 3.33694E-2 8.56088E-2 5.1005E-2 6.31382E-3 4.50976E-3 -9999 -9999 5.22529E-2 2.02824E-1 -9999 -9999 -9999 -9999 -9999 -9999 -9999 -9999 -9999 -9999 -9999 -9999 -9999
1.10562E-3 1.06646E-3 1.06208E-3 1.10063E-3 1.07994E-3 1.03555E-3 1.00512E-3 8.68519E-4 5.27602E-3 7.04802E-3 7.76249E-3 8.40363E-3 6.17247E-3 1.58386E-3 1.24434E-3 3.56981E-3 3.22556E-3 5.25977E-3 1.03571E-3 9.97301E-4 1.02798E-3 1.04023E-3 1.37213E-3 1.46938E-3 1.38193E-3 1.25726E-3 1.11466E-3 1.26472E-3 1.1294E-3 1.01724E-3 1.06725E-3 2.64413E-3 6.27712E-3 6.38942E-3 6.60803E-3 7.02421E-3 7.15515E-3 7.77365E-3 1.0695E-2 1.47667E-2 2.00677E-2 2.85924E-2 5.77325E-2 1.6012E-1 8.31414E-2 2.75419E-2 1.16763E-2 -9999 -9999 1.4329E-2 7.27003E-2 4.16381E-1 -9999 -9999 -9999 -9999 -9999 -9999 -9999 -9999 -9999 -9999 -9999 -9999 -9999
1.2447E-3 1.05503E-3 9.28389E-4 9.77493E-4 1.05985E-3 1.107E-3 1.08679E-3 1.02274E-3 5.2506E-3 5.82616E-3 7.48711E-3 8.59177E-3 6.33987E-3 1.50091E-3 1.52674E-3 1.36586E-3 1.43582E-3 1.33229E-3 1.30179E-3 1.23954E-3 1.07528E-3 1.02626E-3 1.37727E-3 1.46716E-3 1.1152E-3 1.01532E-3 9.72986E-4 1.06254E-3 9.78095E-4 1.08035E-3 9.17144E-4 3.09035E-3 6.32969E-3 6.19916E-3 6.4739E-3 7.04717E-3 7.29385E-3 9.18084E-3 1.36026E-2 2.00766E-2 2.92996E-2 5.02092E-2 3.3307E-1 1.64256E-1 5.44621E-2 1.30203E-2 -9999 -9999 -9999 9.64585E-2 1.25485E-1 -9999 -9999 -9999 -9999 -9999 -9999 -9999 -9999 -9999 -9999 -9999 -9999 -9999 -9999
