layers/arawak.asc
ncols         638
nrows         825
xllcorner     -2985163.8955
yllcorner     -3022031.214
cellsize      10000.0
NODATA_value  -9999
[rows 58 to 86 of 825, columns 195 to 259 of 638]
5.61771E-4 7.15487E-4 8.69491E-4 8.55938E-4 1.13171E-3 1.35791E-3 1.02635E-3 2.13022E-3 3.71967E-3 7.7608E-3 1.51357E-2 1.36847E-2 1.39547E-2 1.4878E-2 1.46263E-2 1.39109E-2 1.3504E-2 1.27143E-2 1.30775E-2 8.10863E-3 5.77882E-3 6.43881E-3 5.63324E-3 4.81714E-3 3.99431E-3 4.43831E-3 4.90014E-3 5.22192E-3 4.93261E-3 4.56295E-3 2.40114E-3 6.31488E-4 6.69454E-4 7.2556E-4 1.11605E-3 2.24029E-3 1.4977E-3 2.32234E-3 2.38202E-3 5.10054E-3 1.12519E-2 5.87097E-3 3.34195E-3 2.66094E-3 1.35011E-3 1.08965E-3 1.02377E-3 1.02549E-3 1.00685E-3 9.43424E-4 8.81238E-4 7.61437E-4 4.92915E-3 2.96022E-2 2.98529E-2 1.88463E-2 2.03877E-2 2.33589E-2 2.43627E-2 2.58221E-2 2.77317E-2 3.0488E-2 3.35035E-2 3.32956E-2 4.9962E-2
4.53926E-3 4.92398E-3 5.37463E-3 2.93612E-3 1.26095E-3 1.07213E-3 9.81429E-4 8.96381E-4 2.82684E-3 1.04157E-2 1.60604E-2 1.55284E-2 1.71193E-2 1.74688E-2 1.56846E-2 1.42855E-2 1.41299E-2 1.36825E-2 1.37871E-2 9.4423E-3 5.76951E-3 5.24946E-3 5.03364E-3 4.66727E-3 4.66198E-3 4.56759E-3 4.85034E-3 5.02543E-3 4.08851E-3 1.93441E-3 6.59513E-4 6.35934E-4 7.78844E-4 6.54442E-4 7.37089E-4 8.56815E-4 1.47019E-3 2.41077E-3 2.75215E-3 4.80017E-3 8.12135E-3 4.24056E-3 2.58896E-3 2.19756E-3 1.50484E-3 1.13039E-3 1.00607E-3 1.01745E-3 9.50109E-4 8.94264E-4 8.44531E-4 7.99699E-4 4.59979E-3 2.79952E-2 2.9834E-2 1.87752E-2 2.09168E-2 2.25174E-2 2.29773E-2 2.45857E-2 2.72979E-2 3.11666E-2 3.29078E-2 3.98468E-2 4.61267E-2
1.11495E-2 1.07656E-2 9.96E-3 8.67898E-3 7.86213E-3 6.35122E-3 3.86952E-3 3.53931E-3 8.13591E-3 1.16846E-2 1.12192E-2 1.32714E-2 1.79979E-2 1.69323E-2 1.8039E-2 1.88402E-2 1.27014E-2 6.26749E-3 6.11915E-3 6.28616E-3 5.82993E-3 5.3865E-3 5.32309E-3 4.9157E-3 4.78056E-3 4.78238E-3 5.06187E-3 5.24395E-3 3.81996E-3 7.93504E-4 7.34705E-4 7.85122E-4 7.95628E-4 7.32263E-4 8.21141E-4 9.87264E-4 1.51077E-3 2.23812E-3 2.77228E-3 3.94673E-3 5.65778E-3 3.10297E-3 1.9764E-3 1.7146E-3 1.33119E-3 1.14249E-3 9.93664E-4 9.92291E-4 9.40516E-4 8.68699E-4 8.50402E-4 8.69808E-4 4.88339E-3 3.07842E-2 3.22284E-2 1.83585E-2 1.65515E-2 1.94933E-2 1.99068E-2 2.02092E-2 3.6362E-2 3.86809E-2 3.97092E-2 4.66715E-2 5.07726E-2
6.30467E-3 1.09278E-2 1.51566E-2 2.36746E-2 1.44582E-2 9.85653E-3 1.03041E-2 1.0285E-2 8.50234E-3 9.6604E-3 9.46972E-3 1.07121E-2 1.06519E-2 9.8689E-3 8.59814E-3 8.19144E-3 7.55421E-3 6.96105E-3 6.52607E-3 6.19677E-3 6.20834E-3 5.7185E-3 5.45211E-3 5.06558E-3 4.64235E-3 4.90623E-3 5.19201E-3 5.17002E-3 4.44625E-3 8.04563E-4 8.38726E-4 8.34898E-4 7.8316E-4 8.67175E-4 1.17451E-3 1.46477E-3 1.63422E-3 1.94571E-3 2.484E-3 3.32053E-3 3.95688E-3 2.42842E-3 1.65447E-3 1.31654E-3 1.25993E-3 1.17239E-3 1.0533E-3 1.01026E-3 9.58747E-4 9.53161E-4 8.00713E-4 8.94113E-4 6.08774E-3 3.80922E-2 3.7246E-2 3.27487E-2 2.15895E-2 2.00998E-2 2.0653E-2 1.98387E-2 2.18098E-2 3.40424E-2 5.99911E-2 4.7945E-2 6.71405E-2
1.99796E-2 1.66426E-2 1.91094E-2 2.24841E-2 1.54153E-2 1.5988E-2 1.42048E-2 1.24003E-2 1.21286E-2 1.12678E-2 8.63461E-3 7.97183E-3 9.74912E-3 9.37756E-3 9.01469E-3 8.64101E-3 8.09439E-3 7.6299E-3 6.98828E-3 6.59215E-3 6.82283E-3 6.17981E-3 5.82848E-3 5.32684E-3 5.31394E-3 5.55398E-3 5.49304E-3 5.45388E-3 5.93924E-3 4.95329E-3 9.10867E-4 8.288E-4 8.1063E-4 9.84241E-4 1.33037E-3 1.50955E-3 1.58994E-3 1.84263E-3 2.51774E-3 2.68759E-3 2.75106E-3 2.06205E-3 1.59752E-3 1.31407E-3 1.31032E-3 1.20544E-3 1.12485E-3 1.05831E-3 9.82031E-4 9.23749E-4 1.05068E-3 1.05109E-3 6.33771E-3 3.97857E-2 4.12393E-2 4.18826E-2 2.446E-2 2.1144E-2 2.1106E-2 2.14067E-2 2.14515E-2 2.42404E-2 2.59302E-2 3.12674E-2 7.48071E-2
2.9474E-2 2.50403E-2 2.62401E-2 2.60077E-2 2.46579E-2 2.08933E-2 2.00258E-2 1.92028E-2 1.91328E-2 1.90128E-2 1.17555E-2 1.52951E-2 1.22972E-2 1.31508E-2 2.1279E-2 8.87817E-3 8.45845E-3 8.03333E-3 7.35291E-3 7.24168E-3 7.252E-3 6.52317E-3 6.11915E-3 5.77569E-3 5.77206E-3 5.46493E-3 5.76317E-3 5.71049E-3 6.05618E-3 1.30334E-3 9.65946E-4 9.43421E-4 9.65882E-4 1.09267E-3 1.2294E-3 1.43511E-3 1.47493E-3 1.82589E-3 2.58246E-3 2.36954E-3 2.06131E-3 1.90022E-3 1.58507E-3 1.35377E-3 1.29814E-3 1.18961E-3 1.16983E-3 1.05389E-3 9.19602E-4 1.09268E-3 1.22469E-3 1.09965E-3 1.09523E-3 5.63932E-3 3.79573E-2 4.35466E-2 4.23129E-2 2.55091E-2 2.81447E-2 2.52114E-2 2.48154E-2 2.65148E-2 3.36673E-2 3.06077E-2 4.76246E-2
3.81723E-2 2.81564E-2 3.35659E-2 4.92969E-2 4.56606E-2 2.844E-2 2.67858E-2 2.60778E-2 2.41555E-2 2.43523E-2 1.93949E-2 1.96777E-2 1.70186E-2 3.13026E-2 1.84314E-2 1.9005E-2 9.08261E-3 8.74386E-3 8.27731E-3 7.77128E-3 7.65462E-3 6.88032E-3 6.38219E-3 4.27044E-3 4.28353E-3 4.0563E-3 6.24646E-3 6.5948E-3 2.22013E-2 1.50489E-2 4.45153E-3 1.01677E-3 1.01053E-3 1.12176E-3 1.13836E-3 1.19778E-3 1.32133E-3 1.56518E-3 1.90099E-3 2.0231E-3 1.99607E-3 1.61324E-3 1.35714E-3 1.3176E-3 1.26518E-3 1.13818E-3 1.13563E-3 1.00636E-3 1.73364E-3 1.06058E-2 1.40789E-2 2.73897E-3 1.35255E-3 1.34293E-3 9.22954E-3 3.72338E-2 4.42209E-2 3.47906E-2 3.49008E-2 3.52541E-2 3.61187E-2 3.77648E-2 3.67103E-2 5.26553E-2 7.54753E-2
3.1172E-2 3.4097E-2 3.76078E-2 6.19269E-2 6.61202E-2 2.38119E-2 2.52199E-2 3.66937E-2 3.11811E-2 2.90224E-2 2.76889E-2 2.43861E-2 2.34628E-2 3.28235E-2 1.09442E-3 1.52349E-2 1.00509E-2 9.4677E-3 8.84675E-3 8.20235E-3 5.7145E-3 7.27058E-3 6.94499E-3 5.68098E-3 4.72038E-3 4.4707E-3 6.86061E-3 6.95398E-3 2.39061E-2 4.02474E-2 3.21507E-2 4.11451E-3 1.10286E-3 1.10186E-3 1.14347E-3 1.27119E-3 1.3355E-3 1.35453E-3 1.35822E-3 1.48561E-3 1.61447E-3 1.33327E-3 1.27334E-3 1.26715E-3 1.22282E-3 1.04966E-3 1.06029E-3 1.02754E-3 1.82872E-2 4.03389E-2 4.82362E-2 1.71634E-2 5.15841E-3 4.19395E-3 1.57659E-3 2.10562E-2 4.30089E-2 4.6749E-2 4.07355E-2 4.7387E-2 2.93603E-2 3.5391E-2 4.49175E-2 7.67083E-2 9.41862E-2
1.01482E-2 4.9226E-2 5.2793E-2 6.14601E-2 2.99995E-2 2.04214E-2 2.03837E-2 3.92922E-2 3.68519E-2 3.29226E-2 2.65731E-2 2.57058E-2 2.24447E-2 4.74496E-2 1.27045E-2 1.41108E-2 1.08141E-2 8.16783E-3 7.05574E-3 7.20287E-3 7.8893E-3 7.1315E-3 6.72745E-3 7.03854E-3 7.38635E-3 7.57491E-3 7.57417E-3 7.23167E-3 2.40223E-2 4.02154E-2 4.10132E-2 2.21396E-2 1.3855E-3 1.05494E-3 6.56573E-3 1.49821E-3 1.61543E-3 2.93489E-2 3.10739E-2 1.9432E-3 1.36333E-3 1.33085E-3 1.28806E-3 1.29381E-3 1.12854E-3 1.12206E-3 1.16168E-3 1.12551E-3 9.72911E-3 3.97569E-2 4.81369E-2 3.8062E-2 3.3424E-2 2.51542E-2 1.27738E-2 4.07849E-2 4.61695E-2 3.99128E-2 4.9702E-2 4.70911E-2 4.69633E-2 4.74837E-2 5.37131E-2 5.98132E-2 7.26407E-2
9.2427E-3 1.75544E-2 8.69715E-2 9.89299E-2 4.78233E-2 2.34743E-2 2.09086E-2 1.67597E-2 1.47101E-2 3.73303E-2 2.90722E-2 2.47676E-2 3.76527E-3 3.18317E-3 2.01129E-2 1.63152E-2 1.32425E-2 1.0201E-2 2.3038E-2 8.76543E-3 8.12202E-3 7.82007E-3 8.00254E-3 7.8966E-3 7.98925E-3 7.87984E-3 8.12595E-3 7.95078E-3 2.58927E-2 4.38606E-2 4.47038E-2 4.39231E-2 3.80114E-2 3.82124E-2 4.25578E-2 1.6656E-2 3.31848E-2 5.12198E-2 4.04617E-2 1.27286E-2 7.47484E-3 1.79132E-3 1.35401E-3 1.32218E-3 1.12347E-3 1.21474E-3 1.30714E-3 1.32482E-3 2.06855E-3 2.4319E-2 4.47333E-2 5.05277E-2 4.94792E-2 4.71231E-2 4.66101E-2 4.73949E-2 4.86807E-2 5.16503E-2 4.83316E-2 5.13045E-2 5.10609E-2 5.68356E-2 6.08586E-2 5.85758E-2 1.44181E-1
8.91833E-3 2.02455E-2 2.56395E-2 6.20076E-2 1.42588E-1 3.61426E-2 2.70273E-2 1.47911E-2 1.00086E-2 7.93012E-3 5.96165E-3 4.44285E-3 3.9797E-3 4.46048E-3 1.88192E-2 1.09219E-2 7.03537E-3 9.04422E-3 9.77943E-3 9.00828E-3 7.99004E-3 7.82293E-3 8.08726E-3 6.35854E-3 6.80758E-3 7.91027E-3 8.0647E-3 8.66921E-3 2.84451E-2 4.38731E-2 4.52362E-2 4.46447E-2 3.60794E-2 3.58268E-2 4.22573E-2 4.29841E-2 5.08317E-2 5.56926E-2 5.75542E-2 6.12025E-2 4.31096E-2 2.88858E-3 1.30727E-3 1.1973E-3 1.14888E-3 1.2207E-3 1.29251E-3 1.32311E-3 5.55252E-3 3.63997E-2 4.43475E-2 4.95554E-2 5.26517E-2 5.1604E-2 4.89916E-2 4.48782E-2 3.25989E-2 5.39768E-2 3.8411E-2 4.7063E-2 6.72217E-2 7.73525E-2 7.64958E-2 1.39354E-1 2.44114E-1
9.59248E-3 1.80128E-2 2.7107E-2 3.44106E-2 1.11301E-1 1.60801E-1 9.10035E-2 3.20042E-2 2.57539E-2 1.70869E-2 1.00079E-2 7.53345E-3 5.68312E-3 5.70384E-3 8.83278E-3 4.75518E-3 2.98215E-3 3.50162E-3 1.29447E-3 5.2926E-3 2.85375E-3 7.62804E-3 7.98603E-3 6.40703E-3 6.15038E-3 7.72448E-3 7.50672E-3 8.73396E-3 3.19875E-2 3.77097E-2 4.54235E-2 4.63573E-2 4.24148E-2 3.78391E-2 4.15308E-2 4.83447E-2 5.54475E-2 5.75649E-2 6.57097E-2 7.51143E-2 7.12631E-2 4.73587E-3 1.2815E-3 1.20012E-3 1.23678E-3 1.24932E-3 1.31037E-3 1.36503E-3 1.81701E-2 4.75496E-2 5.61663E-2 5.94447E-2 6.69635E-2 6.78169E-2 6.24312E-2 4.74236E-2 4.37034E-2 7.09112E-2 9.4038E-2 5.3316E-2 8.98961E-2 1.06449E-1 1.66279E-1 2.72085E-1 4.50655E-1
8.28596E-3 1.34171E-2 2.07796E-2 2.71365E-2 4.49035E-2 2.00043E-1 1.43447E-1 1.06349E-1 5.70269E-2 3.25972E-2 1.73234E-2 1.17496E-2 1.02142E-2 9.76071E-3 4.81059E-3 2.23511E-3 1.99619E-3 2.2708E-3 1.26693E-3 1.00159E-3 8.93394E-4 9.21973E-4 1.65757E-3 1.50533E-3 1.43125E-3 5.05552E-3 7.60562E-3 9.18626E-3 3.8841E-2 3.86757E-2 4.39716E-2 5.23104E-2 5.4923E-2 5.15706E-2 5.30927E-2 5.92621E-2 6.21087E-2 7.68578E-2 8.28426E-2 9.29327E-2 7.0459E-2 4.11102E-3 1.30598E-3 1.20948E-3 1.30716E-3 1.3303E-3 1.35127E-3 3.65728E-3 3.39486E-2 6.4229E-2 1.19296E-1 9.34539E-2 8.60087E-2 9.30761E-2 8.72466E-2 7.11721E-2 6.6306E-2 8.27919E-2 1.30049E-1 1.25085E-1 1.17815E-1 1.61812E-1 2.93704E-1 4.70399E-1 6.17601E-1
6.77706E-3 9.02358E-3 1.26554E-2 1.81542E-2 3.37135E-2 5.7939E-2 6.48814E-2 1.45557E-1 7.2728E-2 6.04156E-2 2.36152E-2 1.82161E-2 1.69014E-2 1.53406E-2 1.06293E-2 4.19089E-3 2.5983E-3 2.7589E-3 2.3874E-3 1.44994E-3 1.16586E-3 8.73961E-4 8.80485E-4 9.44609E-4 1.23612E-3 1.78721E-3 4.0393E-3 1.11539E-2 3.00202E-2 4.41391E-2 4.70649E-2 5.43698E-2 4.99079E-2 6.46493E-2 7.9402E-2 9.14969E-2 1.10858E-1 1.2351E-1 1.2521E-1 1.28333E-1 1.83485E-2 2.39612E-3 1.49318E-3 1.26458E-3 1.36508E-3 1.65543E-3 6.53136E-3 5.06207E-2 8.26281E-2 8.51088E-2 1.46371E-1 1.21262E-1 1.22557E-1 1.25555E-1 1.17314E-1 9.48107E-2 1.31789E-1 2.08792E-1 2.63446E-1 2.55141E-1 2.57536E-1 3.07567E-1 5.3408E-1 8.7531E-1 8.25586E-1
5.89202E-3 5.96344E-3 9.18747E-3 1.60019E-2 2.38874E-2 3.00191E-2 6.04262E-2 1.53303E-1 1.4515E-1 1.22342E-1 3.77224E-2 3.46094E-2 2.8837E-2 2.20492E-2 1.70637E-2 8.84692E-3 6.06958E-3 4.63085E-3 4.28651E-3 2.37701E-3 1.82996E-3 1.48858E-3 1.37264E-3 1.54778E-3 1.27232E-3 1.01001E-3 1.49701E-3 1.42683E-2 2.86117E-2 4.32081E-2 5.29074E-2 5.94258E-2 7.31576E-2 1.5145E-1 1.95997E-1 2.20287E-1 2.24421E-1 2.25932E-1 2.23958E-1 6.87078E-2 9.96502E-3 5.26503E-3 2.75251E-3 1.62296E-3 1.61848E-3 2.32782E-3 3.01493E-2 1.04726E-1 1.43648E-1 1.38717E-1 1.70018E-1 2.43874E-1 2.31232E-1 1.7509E-1 1.36788E-1 2.09808E-1 4.24076E-1 5.35439E-1 6.86215E-1 5.16922E-1 5.04936E-1 5.65789E-1 8.04679E-1 5.06048E-1 3.65154E-1
1.36874E-2 1.35463E-2 1.60837E-2 1.6262E-2 1.85877E-2 3.17764E-2 4.90818E-2 2.04776E-1 2.73464E-1 5.41208E-1 2.1415E-1 1.10923E-1 4.05667E-2 2.80798E-2 2.15694E-2 1.60293E-2 1.25311E-2 1.05363E-2 6.16672E-3 4.2178E-3 3.33116E-3 2.65302E-3 2.64478E-3 2.20817E-3 1.90133E-3 2.22421E-3 2.35583E-3 4.50461E-3 2.93476E-2 6.73745E-2 9.89831E-2 9.68786E-2 1.27878E-1 2.0866E-1 2.76977E-1 3.25773E-1 3.33746E-1 3.46168E-1 3.59471E-1 1.18E-1 1.54228E-2 7.04407E-3 4.66466E-3 2.67747E-3 6.37989E-3 2.34252E-2 3.8996E-2 1.29719E-1 1.98727E-1 2.51697E-1 3.29526E-1 8.88994E-1 9.81887E-1 5.56008E-1 4.05075E-1 6.13758E-1 7.76411E-1 9.85166E-1 8.63657E-1 5.97021E-1 5.63564E-1 5.19103E-1 3.17359E-1 2.37496E-1 1.57414E-1
2.3429E-2 2.10641E-2 2.31043E-2 2.37264E-2 2.43061E-2 2.55028E-2 3.51429E-2 1.59845E-1 2.32454E-1 2.75504E-1 3.82354E-1 3.06595E-1 4.99461E-2 4.69283E-2 3.40858E-2 3.21199E-2 2.60283E-2 2.3619E-2 1.22105E-2 7.92596E-3 7.53322E-3 5.79385E-3 4.88969E-3 4.22476E-3 3.85021E-3 4.12959E-3 4.44689E-3 5.13524E-3 9.72921E-3 9.06174E-3 1.86573E-2 1.92295E-2 3.42466E-2 1.50816E-1 2.57138E-1 4.14489E-1 6.65258E-1 7.69226E-1 7.48421E-1 3.93651E-1 1.29026E-1 2.15524E-2 6.03945E-3 4.86929E-3 5.75371E-2 1.06406E-1 1.13303E-1 1.84337E-1 6.62786E-1 8.39836E-1 5.91898E-1 8.31398E-1 9.95289E-1 9.5738E-1 7.03759E-1 7.37094E-1 7.98691E-1 6.44903E-1 4.99253E-1 2.61546E-1 2.30748E-1 2.27734E-1 1.69709E-1 1.10954E-1 1.06386E-1
4.09569E-2 3.0374E-2 3.32328E-2 3.08107E-2 2.82837E-2 2.59894E-2 2.58204E-2 4.991E-2 1.07171E-1 3.07892E-1 6.78593E-1 5.31092E-1 3.99446E-1 1.14714E-1 6.3028E-2 5.35729E-2 4.22193E-2 3.91833E-2 2.56473E-2 1.8889E-2 2.01345E-2 1.59019E-2 1.15941E-2 1.03117E-2 8.39732E-3 7.59889E-3 7.87114E-3 8.7923E-3 1.44832E-2 1.75789E-2 1.0894E-2 5.87094E-3 5.68021E-3 2.22865E-2 2.1648E-1 4.56811E-1 9.98681E-1 9.91453E-1 9.24126E-1 6.92346E-1 2.83332E-1 2.04889E-1 8.04457E-2 4.7232E-2 1.56312E-1 1.99708E-1 2.10617E-1 3.13127E-1 9.57815E-1 9.33961E-1 3.98979E-1 2.83166E-1 8.86963E-1 6.00762E-1 2.55244E-1 4.2389E-1 2.1989E-1 1.82167E-1 1.49764E-1 1.76419E-1 1.53289E-1 1.22516E-1 9.88394E-2 9.79537E-2 8.90616E-2
9.56078E-2 4.13418E-2 8.57796E-2 8.03925E-2 7.31203E-2 6.48571E-2 5.20355E-2 8.09221E-2 2.40459E-1 3.36841E-1 4.05793E-1 6.75144E-1 7.35565E-1 5.22053E-1 4.55246E-1 1.44184E-1 7.13656E-2 6.22223E-2 4.87583E-2 5.00275E-2 4.61865E-2 4.02386E-2 2.68088E-2 2.02972E-2 1.89494E-2 1.94415E-2 2.22812E-2 8.75486E-3 8.30533E-3 2.40928E-2 2.93029E-2 2.3532E-2 2.10934E-2 2.38166E-2 2.69023E-1 8.58686E-1 8.76253E-1 9.67512E-1 9.88826E-1 8.27904E-1 5.32774E-1 5.13962E-1 6.05212E-1 4.98438E-1 6.31412E-1 5.86096E-1 6.42437E-1 6.71396E-1 9.98652E-1 9.2774E-1 3.41186E-1 2.37503E-1 6.86103E-1 2.20658E-1 1.89182E-1 2.11863E-1 1.49223E-1 1.00244E-1 8.32906E-2 7.92718E-2 1.00131E-1 9.39144E-2 8.09786E-2 6.57391E-2 6.50713E-2
1.18475E-1 8.92871E-2 9.55756E-2 7.33761E-2 6.34099E-2 5.62391E-2 2.81681E-2 4.89042E-2 7.44875E-2 5.09007E-2 1.40659E-1 3.14864E-1 3.88973E-1 7.05781E-1 3.74505E-1 1.45008E-1 2.17953E-1 9.4861E-2 8.59277E-2 8.80185E-2 7.78364E-2 7.70213E-2 7.56082E-2 5.05108E-2 4.43988E-2 4.943E-2 5.11684E-2 1.75163E-2 1.05519E-2 3.107E-2 5.1075E-2 4.39469E-2 4.50459E-2 3.19925E-1 9.71357E-1 7.52575E-1 3.2105E-1 3.49741E-1 5.3442E-1 4.62611E-1 3.82735E-1 3.84128E-1 7.103E-1 9.71976E-1 9.96155E-1 9.4625E-1 9.76127E-1 9.16895E-1 9.57233E-1 2.90725E-1 2.04669E-1 1.74901E-1 1.70169E-1 9.3341E-2 1.24589E-1 1.46034E-1 8.39928E-2 5.34703E-2 5.40645E-2 5.66697E-2 6.47059E-2 4.15069E-2 2.99064E-2 3.24245E-2 4.89856E-2
9.1601E-2 7.26229E-2 4.90069E-2 5.12681E-2 5.28308E-2 4.96256E-2 3.88638E-2 2.96855E-2 6.62018E-2 1.45703E-1 1.91779E-1 2.28861E-1 3.09942E-1 3.54101E-1 1.98792E-1 4.12379E-1 6.7507E-1 3.93621E-1 2.57151E-1 2.87006E-1 2.05685E-1 2.61234E-1 1.15703E-1 6.64449E-2 1.68223E-1 2.43129E-1 9.85341E-2 1.00634E-1 1.1367E-1 5.71377E-1 8.16612E-1 5.40063E-1 4.70263E-1 5.6069E-1 3.36773E-1 2.48255E-1 1.78215E-1 2.24631E-1 2.12198E-1 2.60218E-1 3.29894E-1 5.35791E-1 8.20512E-1 9.99492E-1 9.9993E-1 9.9888E-1 5.27619E-1 2.14893E-1 1.94644E-1 1.51397E-1 9.21715E-2 7.3081E-2 6.37588E-2 5.06542E-2 5.5806E-2 5.51532E-2 4.91145E-2 3.98561E-2 3.28431E-2 2.9726E-2 3.19978E-2 2.78257E-2 2.54923E-2 3.4841E-2 5.48811E-2
1.06134E-1 5.56941E-2 3.06315E-2 3.35852E-2 3.45668E-2 3.47324E-2 3.16144E-2 2.59314E-2 2.6935E-2 3.71294E-2 1.52897E-1 3.66873E-1 3.70924E-1 5.26467E-1 1.39719E-1 1.67067E-1 2.41324E-1 1.57757E-1 4.30707E-1 5.36697E-1 5.75787E-1 6.00511E-1 4.35974E-1 3.92537E-1 6.31084E-1 7.97661E-1 6.06412E-1 1.93518E-1 3.63832E-1 7.41241E-1 3.19546E-1 3.20519E-1 2.60351E-1 2.31154E-1 2.69141E-1 1.61306E-1 1.2418E-1 1.48102E-1 1.21283E-1 2.39353E-1 3.85048E-1 6.98359E-1 8.06405E-1 9.16111E-1 9.18333E-1 6.07988E-1 2.75839E-1 2.05823E-1 1.6813E-1 1.09047E-1 5.72227E-2 5.12673E-2 4.68611E-2 3.83242E-2 4.00121E-2 4.04887E-2 3.81856E-2 3.26836E-2 3.05385E-2 2.98816E-2 3.67637E-2 3.58337E-2 2.48721E-2 3.32651E-2 5.06828E-2
3.03049E-2 1.41384E-2 1.32846E-2 1.36989E-2 1.36547E-2 1.36576E-2 1.54745E-2 3.70751E-2 1.11486E-1 1.50812E-1 2.64447E-1 4.42591E-1 5.10493E-1 3.19577E-1 1.28338E-1 1.31432E-1 1.06355E-1 1.43008E-1 1.82031E-1 1.12652E-1 1.88944E-1 5.79376E-1 4.28038E-1 5.07085E-1 8.80963E-1 2.17018E-1 5.02746E-2 1.07274E-1 3.03445E-1 2.9384E-1 2.37728E-1 2.09367E-1 1.64003E-1 1.49645E-1 1.24E-1 1.0385E-1 9.18707E-2 1.1479E-1 1.70151E-1 2.11796E-1 3.17369E-1 5.92422E-1 3.74624E-1 3.70704E-1 3.36648E-1 2.48574E-1 1.85053E-1 1.6596E-1 1.32018E-1 1.04139E-1 6.37797E-2 3.64979E-2 3.26735E-2 3.17062E-2 3.49187E-2 3.61475E-2 3.24559E-2 3.02455E-2 3.04799E-2 3.022E-2 2.79987E-2 3.07991E-2 3.40108E-2 4.42405E-2 5.81449E-2
1.25595E-2 1.01189E-2 1.00758E-2 1.01668E-2 1.02811E-2 1.04402E-2 1.2826E-2 2.52491E-2 8.70246E-2 1.22387E-1 3.23513E-1 6.09152E-1 5.65239E-1 3.55096E-1 2.31846E-1 3.0467E-1 2.17311E-1 3.05769E-1 3.31472E-1 3.87984E-1 4.26627E-1 5.22136E-1 7.37572E-1 6.82494E-1 2.81347E-1 5.1816E-2 4.16274E-2 1.49586E-1 1.86078E-1 1.54159E-1 1.5135E-1 1.19996E-1 1.00674E-1 1.11769E-1 1.14163E-1 7.98609E-2 4.39796E-2 4.87781E-2 1.09429E-1 1.40035E-1 2.43108E-1 4.69997E-1 3.62403E-1 2.96212E-1 2.18539E-1 1.4866E-1 8.21658E-2 5.71148E-2 5.04215E-2 4.08818E-2 3.22635E-2 2.73453E-2 2.80237E-2 3.04603E-2 3.26024E-2 3.30582E-2 3.25633E-2 3.20429E-2 3.16507E-2 3.76348E-2 4.44309E-2 4.78235E-2 6.50088E-2 8.04752E-2 8.39653E-2
1.02521E-2 1.76965E-2 4.48419E-2 1.52683E-2 1.79445E-2 2.40855E-2 5.60814E-2 8.60207E-2 1.96622E-1 3.65824E-1 5.73382E-1 6.43212E-1 6.59627E-1 7.64556E-1 7.25367E-1 6.30755E-1 6.47182E-1 3.25617E-1 4.09932E-1 5.20199E-1 2.66766E-1 1.32576E-1 7.77633E-1 4.14146E-1 9.54638E-2 7.6345E-2 1.3438E-1 1.49034E-1 1.13813E-1 1.07496E-1 1.02639E-1 8.33121E-2 8.13768E-2 8.52018E-2 9.66396E-2 6.97591E-2 4.40377E-2 3.87468E-2 6.62368E-2 8.34301E-2 2.37788E-1 5.02309E-1 6.41096E-1 3.09308E-1 2.56665E-1 1.21575E-1 4.96225E-2 4.15272E-2 4.6114E-2 4.31664E-2 2.95239E-2 2.56901E-2 2.83099E-2 3.09219E-2 3.31315E-2 3.20686E-2 3.20484E-2 3.46163E-2 4.07747E-2 5.64342E-2 6.85217E-2 9.15016E-2 1.05872E-1 1.29505E-1 1.30811E-1
2.41478E-2 7.59891E-2 8.63779E-2 9.51157E-2 1.04062E-1 1.34074E-1 2.33064E-1 2.91461E-1 2.69538E-1 4.02921E-1 5.02409E-1 5.02199E-1 5.05638E-1 6.38321E-1 7.69696E-1 8.7349E-1 8.1977E-1 3.07612E-1 5.02909E-1 5.71365E-1 3.74387E-1 2.10338E-1 5.82885E-2 5.23682E-2 1.22603E-1 2.45293E-1 1.54879E-1 1.47003E-1 1.0227E-1 6.8351E-2 6.43383E-2 5.8019E-2 5.4851E-2 5.47519E-2 5.7214E-2 6.17659E-2 5.10681E-2 3.11037E-2 4.27427E-2 1.05898E-1 2.13748E-1 3.03145E-1 5.47533E-1 5.74471E-1 2.63357E-1 1.79887E-1 6.94067E-2 6.47947E-2 1.10575E-1 7.98168E-2 3.35392E-2 2.84793E-2 2.9879E-2 3.09894E-2 3.07881E-2 3.1024E-2 3.93577E-2 6.06809E-2 6.25796E-2 6.23821E-2 8.68338E-2 1.16689E-1 1.50251E-1 1.92979E-1 1.98634E-1
2.16217E-1 1.98936E-1 1.99676E-1 1.97924E-1 1.99127E-1 2.25397E-1 2.93066E-1 2.85431E-1 2.68863E-1 3.94036E-1 3.48825E-1 3.43442E-1 4.10412E-1 5.79113E-1 5.82057E-1 5.31756E-1 4.72684E-1 2.51607E-1 4.44184E-1 6.53641E-1 5.4101E-2 6.5374E-2 8.49076E-2 1.775E-1 2.09399E-1 1.57565E-1 1.09296E-1 6.95804E-2 7.67591E-2 6.17746E-2 6.41903E-2 5.14782E-2 4.70261E-2 4.60056E-2 3.91944E-2 5.90376E-2 5.86147E-2 4.06688E-2 4.77055E-2 1.20032E-1 1.43738E-1 2.55276E-1 3.08027E-1 5.84395E-1 2.30758E-1 2.48532E-1 1.78397E-1 1.03155E-1 9.19196E-2 6.09658E-2 3.40414E-2 2.99629E-2 3.40694E-2 3.33065E-2 3.50136E-2 5.58316E-2 6.06779E-2 7.20031E-2 7.34554E-2 7.3719E-2 1.03005E-1 1.31326E-1 1.72842E-1 2.49659E-1 2.56444E-1
1.94858E-1 1.91764E-1 1.93609E-1 1.90319E-1 2.05884E-1 3.14193E-1 2.7535E-1 3.27544E-1 3.22656E-1 3.77913E-1 2.47376E-1 2.47973E-1 2.84169E-1 4.23849E-1 4.2585E-1 1.63499E-1 9.50959E-2 7.246E-2 1.79795E-1 1.60134E-1 2.46532E-2 1.07137E-1 1.71689E-1 1.75367E-1 1.53778E-1 9.4714E-2 7.66124E-2 6.48361E-2 3.27733E-2 5.68572E-2 7.73599E-2 5.55713E-2 5.13799E-2 5.65007E-2 6.01239E-2 7.25404E-2 5.74963E-2 4.09385E-2 4.85042E-2 7.82076E-2 1.72544E-1 1.7207E-1 2.33249E-1 2.77626E-1 5.4177E-1 4.87387E-1 5.3078E-1 1.9617E-1 9.31136E-2 5.25018E-2 4.54864E-2 5.68012E-2 5.72876E-2 5.44604E-2 5.14777E-2 6.22014E-2 7.01911E-2 6.41638E-2 7.27148E-2 9.33418E-2 1.14844E-1 1.69708E-1 2.27472E-1 2.69795E-1 4.59781E-1
2.43888E-1 1.75498E-1 1.67247E-1 1.64563E-1 1.87327E-1 2.89588E-1 2.66421E-1 3.44932E-1 3.64597E-1 2.61984E-1 2.29559E-1 2.65842E-1 2.45024E-1 2.63996E-1 3.3563E-1 1.97549E-1 1.47134E-1 7.22428E-2 2.10422E-1 2.10975E-1 3.91505E-2 1.44269E-1 1.63537E-1 1.61845E-1 9.53751E-2 5.61084E-2 4.12708E-2 3.56646E-2 2.09477E-2 3.82651E-2 5.71878E-2 5.99764E-2 5.40395E-2 4.68548E-2 3.54374E-2 5.88757E-2 5.63529E-2 4.0064E-2 2.5685E-2 5.42126E-2 9.41541E-2 1.18531E-1 1.4441E-1 2.14613E-1 2.524E-1 5.42972E-1 5.85362E-1 2.73998E-1 1.49109E-1 5.83289E-2 5.24454E-2 5.96863E-2 6.53458E-2 5.92907E-2 5.65268E-2 5.79403E-2 6.11823E-2 7.15941E-2 9.22295E-2 1.56041E-1 1.5017E-1 1.95475E-1 2.41378E-1 5.00265E-1 2.89019E-1
