layers/arawak.asc
ncols         638
nrows         825
xllcorner     -2985163.8955
yllcorner     -3022031.214
cellsize      10000.0
NODATA_value  -9999
[rows 174 to 202 of 825, columns 390 to 454 of 638]
7.06432E-1 4.45307E-1 4.58399E-1 7.02327E-1 7.40007E-1 7.23742E-1 7.11801E-1 6.68679E-1 6.12118E-1 5.84992E-1 3.62225E-1 2.69221E-1 2.58001E-1 2.39599E-1 2.55318E-1 4.66183E-1 5.17567E-1 5.46581E-1 5.76172E-1 5.76087E-1 5.59662E-1 5.61901E-1 4.67372E-1 4.77828E-1 3.86174E-1 5.18833E-1 4.79719E-1 3.55339E-1 3.24433E-1 3.26886E-1 3.66114E-1 4.04793E-1 2.42099E-1 5.40244E-1 5.39344E-1 4.80426E-1 3.54217E-1 3.22271E-2 1.00552E-2 3.49831E-2 1.2662E-1 1.35469E-1 7.55859E-2 9.19041E-2 1.12913E-1 1.30433E-1 1.78189E-1 2.79458E-1 3.35764E-1 3.58795E-1 3.66062E-1 3.4666E-1 3.28457E-1 3.21611E-1 3.12445E-1 3.09786E-1 5.84736E-1 5.69416E-1 2.42052E-1 9.66213E-1 -9999 -9999 -9999 -9999 -9999
4.46921E-1 4.44353E-1 6.91181E-1 6.59361E-1 3.90178E-1 5.83913E-1 5.0547E-1 6.59478E-1 8.30956E-1 5.37928E-1 2.5829E-1 2.00287E-1 1.35168E-1 1.40838E-1 3.4372E-1 5.60633E-1 5.53201E-1 5.33023E-1 5.60943E-1 5.71451E-1 5.63631E-1 5.55212E-1 5.18253E-1 4.93789E-1 5.48623E-1 5.37156E-1 4.6984E-1 3.57935E-1 3.15983E-1 3.23596E-1 3.47269E-1 3.92376E-1 3.99988E-1 5.20829E-1 5.17921E-1 7.63927E-1 1.61142E-1 -9999 7.32561E-2 7.59186E-2 8.40849E-2 8.90105E-2 1.14086E-1 1.42461E-1 2.1088E-1 2.51095E-1 3.12633E-1 3.89139E-1 3.79941E-1 3.84268E-1 3.7336E-1 3.58818E-1 3.40098E-1 3.31193E-1 3.31572E-1 3.23723E-1 3.43256E-1 3.56206E-1 3.25531E-1 7.18372E-1 2.31284E-1 2.45366E-1 3.393E-1 5.50613E-1 8.96674E-1
6.51823E-1 6.19774E-1 3.94061E-1 3.87552E-1 2.91651E-1 4.24816E-1 5.70075E-1 6.04235E-1 4.77477E-1 1.41122E-1 1.53834E-1 1.60629E-1 1.88388E-1 2.24284E-1 5.22448E-1 7.1246E-1 6.68802E-1 6.14924E-1 5.41884E-1 5.63529E-1 5.7068E-1 5.54358E-1 5.60051E-1 5.52036E-1 5.33264E-1 5.09832E-1 4.48407E-1 3.68562E-1 3.40499E-1 3.48245E-1 3.49834E-1 4.05536E-1 4.41175E-1 4.86983E-1 5.06547E-1 8.74112E-1 6.29154E-2 -9999 2.17149E-1 1.61104E-1 1.38985E-1 1.42803E-1 1.74533E-1 2.34127E-1 3.65817E-1 4.41179E-1 5.01327E-1 5.22884E-1 4.31444E-1 3.99188E-1 3.92751E-1 3.86025E-1 3.79362E-1 3.81464E-1 3.58377E-1 3.36941E-1 3.56299E-1 3.6736E-1 3.3867E-1 3.33753E-1 2.95317E-1 2.95786E-1 2.65016E-1 2.21203E-1 5.00458E-1
6.78065E-1 4.2303E-1 6.15787E-1 5.72607E-1 3.73315E-1 7.0478E-1 7.78592E-1 5.68644E-1 6.28617E-1 4.81482E-1 2.19259E-1 2.27079E-1 2.41577E-1 3.02285E-1 6.93572E-1 8.41858E-1 7.57057E-1 6.6871E-1 4.96566E-1 4.76715E-1 5.57441E-1 5.27922E-1 5.25639E-1 5.33294E-1 5.12886E-1 5.05002E-1 4.84185E-1 4.76038E-1 4.58935E-1 4.49656E-1 3.68825E-1 4.65958E-1 4.65141E-1 3.06374E-1 1.55329E-1 9.37243E-2 1.67438E-1 6.70776E-1 3.36854E-1 3.12078E-1 2.83676E-1 2.44564E-1 3.14606E-1 3.90993E-1 6.43914E-1 7.55922E-1 7.11586E-1 6.43021E-1 5.78604E-1 4.81239E-1 4.46843E-1 4.32638E-1 4.11896E-1 3.89769E-1 3.85422E-1 3.51113E-1 3.43534E-1 3.38378E-1 2.60678E-1 1.52729E-1 3.46862E-1 2.94855E-1 2.31149E-1 2.40295E-1 5.34019E-1
4.16479E-1 7.1158E-1 7.55471E-1 6.76594E-1 5.4708E-1 8.01823E-1 7.95905E-1 6.566E-1 7.36493E-1 6.47554E-1 3.52192E-1 3.32634E-1 2.9377E-1 3.87372E-1 5.32113E-1 9.33431E-1 8.2752E-1 7.26893E-1 2.9947E-1 3.1387E-1 4.63142E-1 4.52288E-1 4.55177E-1 7.58259E-1 7.74461E-1 7.8159E-1 6.93739E-1 6.42968E-1 4.55227E-1 4.21126E-1 3.46944E-1 5.10275E-1 4.40424E-1 7.36887E-2 1.65778E-1 7.38058E-2 7.16152E-1 5.91085E-1 7.75516E-1 7.631E-1 6.4172E-1 5.43245E-1 6.66518E-1 5.49689E-1 9.74374E-1 8.87121E-1 7.9414E-1 7.98656E-1 7.29985E-1 6.11941E-1 5.01626E-1 4.4213E-1 4.75436E-1 4.43413E-1 4.10134E-1 3.76111E-1 3.61002E-1 3.64085E-1 2.4585E-1 1.08268E-1 1.25198E-1 1.74595E-1 2.18064E-1 2.81144E-1 4.00482E-1
6.7339E-1 7.4651E-1 6.53794E-1 5.27728E-1 4.43418E-1 7.41474E-1 8.54437E-1 7.07274E-1 8.23647E-1 9.18392E-1 9.02327E-1 8.79824E-1 4.34615E-1 4.54535E-1 6.37111E-1 5.98571E-1 9.10857E-1 4.34096E-1 2.32192E-1 2.02233E-1 2.42444E-1 2.35074E-1 2.34463E-1 5.95079E-1 7.14496E-1 7.61472E-1 4.97148E-1 2.52447E-1 2.62045E-1 2.6314E-1 1.88062E-1 1.11041E-1 4.04245E-2 4.6809E-1 4.70193E-1 6.38044E-1 7.326E-1 7.62838E-1 8.47161E-1 2.72603E-1 3.5581E-1 3.85651E-1 8.32673E-1 9.42254E-1 9.92687E-1 9.23092E-1 9.29864E-1 9.00223E-1 8.12069E-1 7.36456E-1 5.94814E-1 4.59902E-1 4.38169E-1 4.67452E-1 4.53187E-1 3.73659E-1 3.56411E-1 3.40968E-1 2.52897E-1 1.15398E-1 1.48336E-1 2.14183E-1 2.84514E-1 3.68307E-1 4.3576E-1
6.88131E-1 6.49943E-1 5.78423E-1 4.67049E-1 6.89938E-1 7.51636E-1 8.52446E-1 7.09576E-1 8.44145E-1 9.45049E-1 9.99216E-1 9.9459E-1 4.87473E-1 9.97104E-1 9.98705E-1 1.41584E-1 5.26463E-1 3.98915E-1 2.44742E-1 3.67367E-1 1.6223E-1 1.53868E-1 1.90824E-1 2.4188E-1 3.12539E-1 5.60417E-1 6.48702E-1 3.64386E-1 6.1426E-1 5.95971E-1 6.2193E-2 6.7755E-2 5.53372E-1 6.43235E-1 7.37098E-1 5.87815E-1 7.13722E-1 8.06259E-1 7.26776E-1 7.41458E-1 4.31693E-1 3.26158E-1 4.20235E-1 7.32053E-1 9.92598E-1 9.9332E-1 9.9887E-1 9.37029E-1 9.03044E-1 7.91641E-1 6.36276E-1 4.92126E-1 3.95439E-1 3.60684E-1 3.58267E-1 3.19071E-1 2.70664E-1 2.70366E-1 2.12812E-1 1.54942E-1 1.81268E-1 2.34922E-1 3.30318E-1 4.47385E-1 7.74033E-1
5.55029E-1 5.09679E-1 4.60414E-1 6.70668E-1 7.06183E-1 7.64938E-1 8.3541E-1 7.40948E-1 8.5436E-1 9.44312E-1 9.99336E-1 9.9123E-1 6.62386E-1 4.88537E-1 9.32308E-1 9.97887E-1 9.97968E-1 6.71538E-1 6.80088E-1 8.70436E-1 8.2701E-1 6.97147E-1 5.46541E-1 2.99756E-1 5.75651E-1 6.60895E-1 7.01762E-1 7.31006E-1 7.37608E-1 5.22535E-1 1.00816E-1 6.72187E-1 6.38876E-1 6.42199E-1 6.73812E-1 5.32519E-1 6.50018E-1 7.23868E-1 7.89636E-1 8.70728E-1 8.6209E-1 7.72558E-1 8.03781E-1 5.51506E-1 8.79579E-1 9.197E-1 9.98892E-1 9.93234E-1 9.1366E-1 7.58644E-1 6.21314E-1 5.08957E-1 3.81645E-1 2.96061E-1 2.90938E-1 2.72914E-1 2.47541E-1 2.50765E-1 2.12583E-1 2.55482E-1 2.874E-1 3.06592E-1 3.17983E-1 4.60222E-1 7.97154E-1
5.34022E-1 4.30733E-1 6.87231E-1 7.02962E-1 7.35397E-1 7.71817E-1 8.67295E-1 9.48749E-1 9.87505E-1 9.98698E-1 1E0 9.99914E-1 9.46095E-1 7.29503E-1 8.031E-1 5.45642E-1 4.41571E-1 8.19015E-1 9.54539E-1 9.32268E-1 8.37986E-1 6.74249E-1 6.02818E-1 6.17493E-1 6.40162E-1 7.04673E-1 7.81156E-1 8.2479E-1 8.75966E-1 1.38099E-1 6.12003E-1 4.39352E-1 4.35555E-1 4.38755E-1 4.3057E-1 4.64552E-1 5.45122E-1 6.75192E-1 3.99818E-1 4.62422E-1 5.53173E-1 5.19501E-1 5.65901E-1 7.07402E-1 7.63438E-1 5.93879E-1 9.95692E-1 8.98134E-1 8.23168E-1 6.39926E-1 5.11011E-1 4.14122E-1 3.22292E-1 3.11351E-1 3.12473E-1 2.68881E-1 2.34513E-1 1.57373E-1 1.74456E-1 3.35404E-1 3.74278E-1 4.26249E-1 4.9251E-1 4.89046E-1 8.08857E-1
5.88593E-1 4.68139E-1 6.89125E-1 6.85616E-1 7.41286E-1 8.15382E-1 9.07135E-1 9.6608E-1 9.92857E-1 9.52392E-1 7.38637E-1 9.44763E-1 9.48228E-1 9.10445E-1 8.21587E-1 7.92636E-1 3.58945E-1 7.18853E-1 9.20347E-1 6.5411E-1 4.4707E-1 3.53088E-1 3.4227E-1 6.1104E-1 6.7904E-1 7.64646E-1 8.67325E-1 9.10286E-1 7.76625E-1 3.4409E-1 6.39879E-1 5.41765E-1 5.08964E-1 4.03615E-1 4.24431E-1 4.06255E-1 4.35391E-1 2.66096E-1 1.76371E-1 2.07381E-1 2.39658E-1 2.93505E-1 3.41409E-1 4.79862E-1 6.82734E-1 8.41473E-1 8.81455E-1 9.78076E-1 8.39189E-1 6.17497E-1 4.6187E-1 3.4901E-1 2.71596E-1 2.88972E-1 2.77191E-1 2.49492E-1 2.40908E-1 1.08147E-1 1.10638E-1 2.23493E-1 3.90178E-1 5.48629E-1 7.5939E-1 8.49873E-1 7.89109E-1
6.68781E-1 5.04204E-1 6.96547E-1 6.84766E-1 7.22779E-1 8.28643E-1 9.18483E-1 9.75987E-1 9.97268E-1 9.97155E-1 9.98721E-1 9.50632E-1 8.3985E-1 8.20395E-1 7.43706E-1 7.00947E-1 5.81705E-1 7.77263E-1 8.64485E-1 5.74942E-1 4.20514E-1 3.48541E-1 3.35759E-1 6.22991E-1 7.62404E-1 8.55256E-1 9.25655E-1 9.70273E-1 8.29251E-1 8.49294E-1 7.10074E-1 6.1118E-1 5.4277E-1 3.11961E-1 2.23659E-1 1.64824E-1 1.23859E-1 8.92145E-2 9.45572E-2 1.20479E-1 1.43474E-1 1.7871E-1 2.45788E-1 4.17865E-1 6.25321E-1 7.59313E-1 7.99449E-1 8.17458E-1 6.81116E-1 5.27958E-1 4.29669E-1 3.08127E-1 2.53077E-1 2.62925E-1 2.60092E-1 2.49193E-1 2.39229E-1 2.42438E-1 1.12658E-1 1.79052E-1 2.81208E-1 4.82134E-1 5.35846E-1 8.68326E-1 5.02946E-1
7.15599E-1 5.67598E-1 4.33716E-1 4.09499E-1 4.19093E-1 5.3226E-1 7.0652E-1 8.31509E-1 9.40222E-1 9.99462E-1 9.9895E-1 9.55774E-1 8.70739E-1 7.49637E-1 7.03945E-1 6.48446E-1 6.07135E-1 6.03752E-1 5.70304E-1 5.43112E-1 4.1654E-1 3.58691E-1 3.37445E-1 4.02054E-1 8.13299E-1 9.07302E-1 9.71405E-1 9.91582E-1 9.87251E-1 8.75993E-1 7.56409E-1 6.62376E-1 4.79054E-1 2.43572E-1 1.33415E-1 9.11631E-2 8.25296E-2 8.18384E-2 7.63472E-2 8.61837E-2 1.07096E-1 1.54055E-1 2.4541E-1 3.86942E-1 5.71568E-1 6.7999E-1 8.33604E-1 9.43191E-1 6.49989E-1 5.23653E-1 4.22342E-1 2.84648E-1 2.27624E-1 2.29566E-1 2.2586E-1 2.42168E-1 2.51888E-1 2.50525E-1 9.3336E-2 1.40937E-1 1.74024E-1 2.82106E-1 4.28558E-1 7.39015E-1 7.62479E-1
7.77622E-1 5.86993E-1 4.57401E-1 4.06836E-1 4.09901E-1 4.92804E-1 6.70401E-1 8.29084E-1 9.43008E-1 9.96359E-1 9.99357E-1 9.57584E-1 9.36826E-1 8.75962E-1 8.45773E-1 7.76414E-1 6.57348E-1 5.88371E-1 5.38489E-1 5.40582E-1 4.10496E-1 3.7173E-1 3.8426E-1 4.55208E-1 8.48835E-1 9.34768E-1 9.86913E-1 9.99988E-1 8.97436E-1 8.61533E-1 7.77759E-1 6.19535E-1 3.53662E-1 1.75381E-1 8.81248E-2 8.09925E-2 9.20828E-2 8.67225E-2 8.18745E-2 9.16967E-2 1.06004E-1 1.77573E-1 2.80894E-1 4.10166E-1 6.27215E-1 7.26747E-1 9.53352E-1 7.16644E-1 4.59172E-1 3.94416E-1 3.42999E-1 2.31003E-1 1.88042E-1 1.75255E-1 1.6147E-1 1.78241E-1 2.04002E-1 2.42523E-1 3.43813E-1 1.79425E-1 2.01739E-1 2.98465E-1 4.91904E-1 1.44056E-1 4.6534E-1
7.95007E-1 6.31205E-1 5.05184E-1 4.33314E-1 4.19983E-1 4.75486E-1 6.0948E-1 7.77889E-1 9.09254E-1 9.56205E-1 9.98635E-1 9.9816E-1 9.65937E-1 9.68882E-1 9.44465E-1 8.61843E-1 7.88596E-1 7.07474E-1 6.15578E-1 5.0036E-1 4.13098E-1 4.34065E-1 4.90644E-1 5.6491E-1 9.01373E-1 9.70182E-1 8.74239E-1 9.93985E-1 9.06081E-1 8.30256E-1 5.90641E-1 3.85415E-1 2.07325E-1 1.18985E-1 7.80782E-2 7.79322E-2 8.54374E-2 9.14998E-2 1.01747E-1 1.08714E-1 1.14077E-1 1.81989E-1 2.86354E-1 4.23184E-1 6.32886E-1 8.82878E-1 9.6786E-1 6.76018E-1 3.41747E-1 2.54226E-1 1.93883E-1 1.49169E-1 1.41097E-1 1.18466E-1 1.19715E-1 1.24222E-1 1.49721E-1 2.5139E-1 3.32717E-1 1.89822E-1 2.48679E-1 3.02711E-1 6.35878E-1 7.17217E-1 3.75145E-1
7.91023E-1 6.84939E-1 5.36929E-1 4.37339E-1 4.217E-1 4.11815E-1 5.57928E-1 6.74313E-1 7.98182E-1 9.24368E-1 9.6285E-1 9.45128E-1 9.96658E-1 9.97874E-1 9.68839E-1 9.44341E-1 8.63505E-1 8.04423E-1 7.22647E-1 4.62581E-1 4.427E-1 6.06E-1 7.47255E-1 6.5667E-1 9.63154E-1 9.84097E-1 9.93944E-1 9.90212E-1 9.37637E-1 6.61884E-1 4.0937E-1 2.33284E-1 1.16986E-1 8.47403E-2 7.53116E-2 7.58456E-2 7.74075E-2 1.00385E-1 1.22525E-1 1.46672E-1 1.77142E-1 2.14864E-1 2.97317E-1 4.27299E-1 5.71891E-1 9.08794E-1 9.45692E-1 6.46102E-1 3.32641E-1 1.86919E-1 1.10849E-1 1.04195E-1 1.06532E-1 8.3886E-2 8.56018E-2 9.28584E-2 1.34941E-1 2.72012E-1 3.97759E-1 5.03147E-1 6.83721E-1 7.21597E-1 5.89212E-1 4.86812E-1 2.71308E-1
8.20065E-1 7.07035E-1 5.93143E-1 4.71205E-1 4.07431E-1 3.77696E-1 4.69993E-1 5.82509E-1 7.35878E-1 8.38155E-1 8.8268E-1 9.29984E-1 9.59534E-1 9.60958E-1 9.50789E-1 9.78593E-1 9.60586E-1 8.86577E-1 7.74411E-1 4.92694E-1 4.99991E-1 7.92663E-1 8.33699E-1 7.76326E-1 8.54318E-1 9.80622E-1 9.96552E-1 8.90132E-1 6.67538E-1 4.26402E-1 3.05984E-1 1.98386E-1 1.02489E-1 8.46876E-2 8.33555E-2 7.6715E-2 7.97434E-2 8.98718E-2 1.09136E-1 1.43988E-1 1.8262E-1 2.14572E-1 2.77344E-1 4.0788E-1 5.67616E-1 8.77007E-1 8.47891E-1 5.82818E-1 3.24705E-1 1.66582E-1 9.77196E-2 7.42284E-2 6.08998E-2 5.95924E-2 6.79647E-2 8.22908E-2 1.61967E-1 3.46131E-1 5.74921E-1 6.89881E-1 6.26645E-1 8.04422E-1 1.96758E-1 1.08611E-1 9.85486E-2
8.57295E-1 7.66031E-1 6.53716E-1 6.22323E-1 5.16618E-1 4.52472E-1 4.13402E-1 5.43594E-1 6.57915E-1 7.47098E-1 8.10063E-1 8.74092E-1 8.95939E-1 9.72294E-1 9.98647E-1 9.99476E-1 9.83253E-1 9.26453E-1 8.16105E-1 6.29297E-1 5.61143E-1 8.13452E-1 8.5224E-1 8.58776E-1 9.8503E-1 9.93589E-1 9.24237E-1 5.74004E-1 3.19068E-1 2.58829E-1 2.0627E-1 1.50667E-1 9.59451E-2 8.36364E-2 8.07434E-2 7.09014E-2 7.49266E-2 8.61266E-2 9.84059E-2 1.23929E-1 1.6418E-1 2.24281E-1 3.05357E-1 4.31706E-1 5.20272E-1 8.2295E-1 8.39435E-1 5.4345E-1 3.05782E-1 1.32846E-1 8.04779E-2 5.99273E-2 5.01166E-2 5.31169E-2 6.35066E-2 1.03418E-1 2.18108E-1 5.55214E-1 7.09479E-1 7.86529E-1 7.78776E-1 6.06962E-1 1.97319E-1 5.1177E-2 4.61243E-2
9.03172E-1 8.57189E-1 7.7913E-1 7.35862E-1 6.90433E-1 5.69051E-1 5.05195E-1 4.95006E-1 5.89374E-1 5.67868E-1 6.37869E-1 6.78094E-1 7.93982E-1 9.49402E-1 9.65613E-1 9.98514E-1 9.7884E-1 9.05966E-1 8.32188E-1 6.96394E-1 6.71858E-1 8.18752E-1 8.61475E-1 8.67517E-1 9.92499E-1 9.06538E-1 8.46675E-1 3.99329E-1 2.56708E-1 2.01359E-1 1.40624E-1 1.07542E-1 9.0862E-2 7.91864E-2 6.93026E-2 7.27705E-2 7.92122E-2 8.17344E-2 9.35426E-2 1.06026E-1 1.43636E-1 2.20008E-1 3.26586E-1 5.03105E-1 7.48205E-1 7.88673E-1 8.06814E-1 5.07399E-1 3.10858E-1 1.41592E-1 7.64991E-2 6.77443E-2 5.4654E-2 5.98358E-2 9.05216E-2 1.6984E-1 3.32363E-1 7.01767E-1 8.23749E-1 7.19237E-1 7.83727E-1 4.34976E-1 7.77911E-2 1.00864E-1 2.98335E-2
9.84617E-1 9.14947E-1 9.18447E-1 8.79829E-1 7.96749E-1 6.88144E-1 5.54887E-1 5.23634E-1 4.42912E-1 4.04811E-1 4.2176E-1 5.19527E-1 6.47811E-1 8.1465E-1 8.80965E-1 8.85811E-1 9.26785E-1 8.7177E-1 8.07109E-1 7.09792E-1 7.23323E-1 8.51983E-1 8.87103E-1 8.84622E-1 9.94762E-1 9.21865E-1 6.86953E-1 3.27957E-1 2.01959E-1 1.5535E-1 1.04959E-1 9.0847E-2 8.76162E-2 7.50488E-2 8.17758E-2 8.56695E-2 8.50241E-2 8.44063E-2 9.46569E-2 1.02532E-1 1.26589E-1 2.00883E-1 3.13226E-1 4.51135E-1 7.50961E-1 4.56257E-1 5.18556E-1 4.27606E-1 2.71645E-1 1.39449E-1 8.74936E-2 7.50844E-2 7.23165E-2 7.64743E-2 1.27059E-1 2.67697E-1 4.15068E-1 6.25016E-1 9.20266E-1 8.90832E-1 6.41864E-1 2.72216E-1 1.85565E-1 4.37141E-2 8.03291E-2
7.66987E-1 9.94946E-1 9.98325E-1 9.00629E-1 6.72519E-1 4.8094E-1 4.30541E-1 3.84792E-1 3.68458E-1 3.44015E-1 3.0937E-1 3.76563E-1 4.83103E-1 6.718E-1 6.82816E-1 6.58938E-1 7.51517E-1 7.25227E-1 7.39621E-1 6.60532E-1 7.42615E-1 8.72149E-1 9.11465E-1 9.14135E-1 4.0549E-1 9.21489E-1 6.41471E-1 3.29635E-1 1.86457E-1 1.23362E-1 9.21901E-2 8.07034E-2 8.40013E-2 6.80465E-2 7.72349E-2 1.01249E-1 9.83436E-2 1.11153E-1 1.16588E-1 1.32491E-1 1.67013E-1 1.98923E-1 2.88413E-1 4.1489E-1 7.31352E-1 7.78237E-1 4.76055E-1 3.47936E-1 2.3991E-1 1.3843E-1 1.03122E-1 8.56515E-2 8.83899E-2 9.35277E-2 1.64717E-1 5.17788E-1 5.42814E-1 5.36193E-1 9.04836E-1 7.27929E-1 3.56275E-1 3.0773E-1 2.25287E-1 1.68442E-1 8.58948E-2
4.17578E-1 9.90115E-1 9.96393E-1 8.51363E-1 5.15122E-1 3.12999E-1 3.14902E-1 2.99805E-1 2.91445E-1 2.6512E-1 2.41639E-1 2.75825E-1 3.53611E-1 4.11254E-1 4.68241E-1 4.64203E-1 4.90057E-1 5.20895E-1 5.55063E-1 5.94472E-1 5.83305E-1 7.78793E-1 8.84126E-1 9.06435E-1 9.95076E-1 9.13547E-1 7.61816E-1 4.80882E-1 2.62897E-1 1.59451E-1 9.70134E-2 7.71524E-2 8.82478E-2 8.27056E-2 1.05678E-1 1.32199E-1 1.36425E-1 1.57705E-1 1.48397E-1 1.65097E-1 2.26958E-1 2.70472E-1 3.46388E-1 3.90646E-1 7.20332E-1 7.42335E-1 6.46466E-1 4.04368E-1 2.11678E-1 1.18076E-1 1.01985E-1 9.1292E-2 9.66192E-2 9.15266E-2 1.28496E-1 3.46768E-1 4.73426E-1 5.18477E-1 5.62831E-1 4.84387E-1 3.3928E-1 2.26208E-1 1.55197E-1 1.17791E-1 9.11536E-2
3.31237E-1 9.36218E-1 7.47511E-1 7.02733E-1 2.92401E-1 1.63069E-1 2.39564E-1 2.42875E-1 2.31732E-1 2.05622E-1 1.84117E-1 2.08302E-1 2.25864E-1 2.45679E-1 2.93293E-1 3.03951E-1 3.09236E-1 3.34652E-1 4.18784E-1 4.83866E-1 3.96978E-1 6.75465E-1 8.31263E-1 8.93402E-1 9.95625E-1 8.99567E-1 7.79442E-1 6.81118E-1 3.84437E-1 1.93339E-1 9.84291E-2 7.54799E-2 9.56461E-2 1.10739E-1 1.48305E-1 1.73967E-1 1.86271E-1 2.0243E-1 1.89308E-1 2.03699E-1 2.92543E-1 3.61973E-1 3.58952E-1 6.41963E-1 6.89982E-1 6.49298E-1 4.20899E-1 3.02859E-1 1.62231E-1 1.26193E-1 7.78402E-2 7.53914E-2 8.4246E-2 7.79951E-2 8.37689E-2 1.18918E-1 2.66567E-1 4.47305E-1 4.17131E-1 3.18291E-1 2.36704E-1 1.37551E-1 8.12737E-2 5.98419E-2 5.10525E-2
8.20644E-1 9.77154E-1 9.39033E-1 6.99434E-1 2.53934E-1 1.08054E-1 1.29487E-1 1.20022E-1 9.34152E-2 8.52207E-2 8.48384E-2 1.52166E-1 1.74991E-1 1.75985E-1 1.78815E-1 1.8433E-1 2.25629E-1 2.66242E-1 3.00057E-1 2.94149E-1 2.31801E-1 4.85026E-1 8.09044E-1 9.0133E-1 4.51193E-1 9.07802E-1 7.72799E-1 6.9384E-1 4.68365E-1 2.43882E-1 1.18867E-1 8.18609E-2 1.18461E-1 1.4747E-1 1.81041E-1 2.435E-1 2.83746E-1 2.94855E-1 2.91721E-1 3.31617E-1 3.75909E-1 6.66732E-1 6.18224E-1 5.8131E-1 5.36989E-1 3.30834E-1 2.53873E-1 1.68755E-1 1.20425E-1 1.04889E-1 7.5825E-2 6.7618E-2 6.65118E-2 6.64747E-2 7.06519E-2 9.55908E-2 1.58357E-1 3.06034E-1 2.79036E-1 1.68023E-1 1.36422E-1 7.8866E-2 5.64042E-2 4.72763E-2 4.41459E-2
7.24591E-1 9.81454E-1 7.19366E-1 5.98325E-1 1.99166E-1 9.79302E-2 1.13233E-1 9.54623E-2 6.34484E-2 5.81944E-2 5.68151E-2 7.40481E-2 8.95118E-2 1.20993E-1 9.64034E-2 1.15954E-1 1.89641E-1 2.37247E-1 2.03689E-1 1.65315E-1 1.34451E-1 3.01878E-1 6.97589E-1 9.05652E-1 4.48283E-1 9.10939E-1 8.72802E-1 7.78726E-1 5.57381E-1 3.20837E-1 1.34117E-1 9.01449E-2 1.3582E-1 1.85729E-1 2.69563E-1 3.11008E-1 5.07988E-1 4.84919E-1 4.97541E-1 5.11635E-1 5.19832E-1 6.34383E-1 5.725E-1 2.88553E-1 2.90208E-1 2.32721E-1 1.39857E-1 8.75133E-2 6.44292E-2 5.79226E-2 5.91196E-2 6.81139E-2 6.69857E-2 7.41774E-2 8.60104E-2 8.0993E-2 1.1563E-1 1.96508E-1 1.40937E-1 1.05515E-1 9.17169E-2 4.83491E-2 4.74874E-2 4.69947E-2 4.80868E-2
8.3057E-1 9.22385E-1 8.68449E-1 5.83923E-1 2.35089E-1 1.06372E-1 8.94263E-2 6.55247E-2 5.15911E-2 5.09203E-2 4.90851E-2 5.30309E-2 5.80014E-2 5.28173E-2 5.49205E-2 8.35861E-2 1.21026E-1 1.52886E-1 1.20139E-1 9.92513E-2 1.10364E-1 1.67879E-1 2.62027E-1 6.13914E-1 9.96866E-1 9.90227E-1 8.48379E-1 6.89145E-1 4.85936E-1 2.70041E-1 9.73042E-2 8.55841E-2 1.39493E-1 2.17565E-1 3.57579E-1 5.50973E-1 5.0157E-1 4.83021E-1 2.57348E-1 2.79978E-1 2.80861E-1 3.22484E-1 2.74737E-1 2.2301E-1 1.62862E-1 1.40779E-1 9.72569E-2 5.32231E-2 4.39438E-2 4.38698E-2 5.79864E-2 6.00507E-2 5.80057E-2 6.35323E-2 8.3593E-2 1.30562E-1 1.54104E-1 1.08767E-1 7.25731E-2 6.46702E-2 4.22096E-2 2.44628E-2 2.28925E-2 4.5297E-2 4.84094E-2
5.59024E-1 4.38329E-1 8.18112E-1 7.90418E-1 2.41156E-1 1.11998E-1 8.37796E-2 5.78887E-2 4.59039E-2 4.70102E-2 4.52365E-2 4.47659E-2 4.20697E-2 4.02897E-2 4.69483E-2 6.41353E-2 7.86731E-2 9.20362E-2 6.74758E-2 6.30268E-2 8.12184E-2 1.16498E-1 1.3216E-1 4.44563E-1 9.9611E-1 9.75455E-1 7.14067E-1 5.16901E-1 3.28134E-1 1.69202E-1 8.86422E-2 9.48432E-2 1.33005E-1 1.87159E-1 3.11913E-1 3.51411E-1 2.99064E-1 2.94398E-1 2.72291E-1 2.16938E-1 1.66252E-1 1.79016E-1 1.56805E-1 1.1571E-1 7.88748E-2 8.05081E-2 6.70752E-2 4.17912E-2 3.7807E-2 3.98594E-2 5.48235E-2 7.63495E-2 9.25715E-2 1.11338E-1 1.76354E-1 3.07282E-1 1.45652E-1 4.52005E-2 3.94254E-2 3.82881E-2 3.73648E-2 3.70733E-2 3.67607E-2 4.49629E-2 5.43179E-2
3.09389E-1 3.19372E-1 6.18974E-1 2.93134E-1 2.1136E-1 1.13688E-1 9.6247E-2 7.43125E-2 5.03482E-2 4.39381E-2 4.20266E-2 3.69862E-2 3.48498E-2 3.81322E-2 4.39597E-2 4.97456E-2 5.73359E-2 6.48406E-2 5.05415E-2 4.95101E-2 6.90676E-2 9.28428E-2 1.28718E-1 4.20635E-1 9.73917E-1 6.94418E-1 5.20729E-1 2.50816E-1 1.45055E-1 9.99558E-2 7.44718E-2 7.77791E-2 1.03268E-1 1.4677E-1 2.12682E-1 2.17878E-1 1.83753E-1 1.6994E-1 1.61392E-1 1.38276E-1 1.09638E-1 9.83635E-2 9.2527E-2 9.34528E-2 7.0004E-2 5.9295E-2 5.17629E-2 4.49641E-2 4.19961E-2 4.14784E-2 8.68104E-2 2.72927E-1 4.693E-1 4.80744E-1 4.76009E-1 4.73586E-1 8.56699E-2 3.03449E-2 2.57681E-2 3.35938E-2 3.63217E-2 1.87922E-2 1.11802E-2 3.49196E-2 5.74278E-2
1.80804E-1 2.28258E-1 4.9348E-1 2.41216E-1 2.06617E-1 1.54677E-1 1.14102E-1 7.60288E-2 4.37176E-2 3.75161E-2 3.85579E-2 3.57605E-2 3.61863E-2 3.99428E-2 4.27749E-2 4.68076E-2 4.84385E-2 5.00151E-2 4.64215E-2 5.48589E-2 8.43059E-2 1.22733E-1 1.83542E-1 3.11817E-1 4.07226E-1 5.64557E-1 3.61798E-1 1.45438E-1 9.2307E-2 7.65681E-2 6.66605E-2 6.46323E-2 7.75304E-2 1.12954E-1 1.46992E-1 1.43796E-1 1.27731E-1 1.18251E-1 1.0467E-1 1.01677E-1 8.25514E-2 7.49152E-2 8.05932E-2 7.48488E-2 6.10816E-2 5.10139E-2 5.26278E-2 6.05056E-2 5.70191E-2 5.80844E-2 5.82343E-2 1.76423E-1 3.19988E-1 2.79745E-1 2.17829E-1 1.90279E-1 3.62474E-2 2.43353E-2 2.05755E-2 2.42259E-2 3.22773E-2 4.20549E-2 1.85728E-2 1.75735E-2 6.76328E-2
1.4074E-1 1.54452E-1 1.93025E-1 4.5619E-1 3.64262E-1 2.13669E-1 1.28992E-1 7.40609E-2 4.93721E-2 4.05663E-2 3.73672E-2 3.61857E-2 3.64625E-2 4.0674E-2 4.16462E-2 4.41337E-2 4.3295E-2 4.33267E-2 4.79322E-2 6.3467E-2 9.74813E-2 1.50425E-1 2.58735E-1 3.91276E-1 6.06325E-2 4.57627E-1 3.13001E-1 1.15991E-1 6.84197E-2 5.75738E-2 5.59295E-2 5.67922E-2 6.79148E-2 8.00096E-2 9.04945E-2 8.91173E-2 7.97221E-2 8.18537E-2 8.45869E-2 8.30309E-2 8.05029E-2 8.55289E-2 6.9482E-2 6.55607E-2 5.62645E-2 5.06082E-2 5.30261E-2 6.2069E-2 5.82647E-2 5.32992E-2 5.22193E-2 8.73592E-2 1.92864E-1 8.82842E-2 6.19902E-2 5.37895E-2 3.53348E-2 2.64557E-2 2.58428E-2 1.30591E-2 2.0664E-2 5.13767E-2 7.54057E-2 1.07331E-1 1.29264E-1
