layers/arawak.asc
ncols         638
nrows         825
xllcorner     -2985163.8955
yllcorner     -3022031.214
cellsize      10000.0
NODATA_value  -9999
[rows 348 to 376 of 825, columns 390 to 454 of 638]
2.01203E-2 1.9961E-2 1.82225E-2 1.80446E-2 1.8285E-2 1.0257E-2 5.28785E-3 5.78303E-3 5.42724E-3 5.00751E-3 5.08109E-3 5.23865E-3 4.78053E-3 4.27177E-3 4.76766E-3 4.93194E-3 5.56428E-3 6.82706E-3 5.62471E-3 1.19617E-2 1.3851E-2 1.79267E-2 9.19095E-3 6.45255E-3 6.25892E-3 6.10193E-3 5.84524E-3 5.65655E-3 5.71312E-3 8.74562E-3 1.96831E-2 5.32516E-3 5.17219E-3 4.7922E-3 1.10225E-2 6.7195E-3 1.81665E-2 5.24907E-3 5.20659E-3 6.17972E-3 6.18778E-3 4.73851E-3 2.30624E-2 1.61511E-2 6.78664E-3 5.70189E-3 4.10094E-3 4.06604E-3 6.21009E-3 6.52255E-3 1.78786E-2 1.84937E-2 2.14246E-2 2.98222E-2 5.99649E-2 1.07197E-1 1.32028E-1 1.52839E-1 1.72886E-1 6.13492E-2 2.91834E-1 1.28893E-1 9.94547E-2 4.97611E-2 3.71918E-2
1.97799E-2 1.93871E-2 1.90268E-2 1.87351E-2 1.83005E-2 1.83226E-2 5.71478E-3 6.46753E-3 5.02096E-3 4.86246E-3 5.35298E-3 5.61963E-3 5.64705E-3 4.3559E-3 4.72052E-3 5.12986E-3 5.64853E-3 6.61091E-3 6.084E-3 5.28935E-3 8.50149E-3 1.89687E-2 8.42899E-3 6.43968E-3 6.79074E-3 6.90024E-3 6.85827E-3 6.60822E-3 1.31485E-2 1.44663E-2 1.98429E-2 8.80593E-3 5.21961E-3 4.84215E-3 7.26254E-3 7.63338E-3 6.53817E-3 1.4288E-2 4.80983E-3 5.32322E-3 6.5047E-3 5.48997E-3 2.19186E-2 1.63393E-2 1.35447E-2 1.86037E-2 8.55203E-3 3.62699E-3 4.62861E-3 7.97286E-3 1.81202E-2 1.78298E-2 1.8389E-2 2.69079E-2 3.75708E-2 4.65301E-2 5.22253E-2 8.52787E-2 1.18166E-1 6.30993E-2 3.53722E-1 2.95122E-1 7.66465E-2 4.48052E-2 3.15678E-2
2.41767E-2 1.91005E-2 1.88E-2 1.83958E-2 1.78672E-2 1.83593E-2 8.76454E-3 6.74805E-3 4.77637E-3 4.85651E-3 5.29062E-3 5.5588E-3 5.77272E-3 4.63302E-3 4.65609E-3 4.99732E-3 5.25569E-3 5.99672E-3 5.98346E-3 5.49443E-3 7.8749E-3 1.33413E-2 7.16588E-3 6.4164E-3 7.28726E-3 6.9475E-3 7.22417E-3 6.83491E-3 8.19509E-3 9.34382E-3 2.19591E-2 1.35031E-2 5.4199E-3 7.78972E-3 2.10993E-2 2.33946E-2 7.85636E-3 1.28825E-2 4.85727E-3 5.56347E-3 7.36146E-3 5.29608E-3 1.16812E-2 1.95747E-2 1.48848E-2 2.47625E-2 2.51928E-2 5.31578E-3 5.2438E-3 6.11408E-3 1.61807E-2 2.13598E-2 1.95366E-2 2.46556E-2 2.9731E-2 3.76507E-2 4.69958E-2 1.22489E-1 9.74946E-2 1.0362E-1 2.91588E-1 1.42274E-1 6.64355E-2 4.06355E-2 2.8756E-2
2.65536E-2 2.54244E-2 2.23391E-2 1.89029E-2 1.81365E-2 1.88745E-2 1.94226E-2 8.3153E-3 6.68107E-3 5.38542E-3 5.62282E-3 5.42632E-3 5.31182E-3 7.19092E-3 8.23486E-3 5.00479E-3 5.31415E-3 1.381E-2 6.17803E-3 5.84957E-3 5.78979E-3 5.74402E-3 5.93761E-3 6.75334E-3 1.51293E-2 6.74866E-3 6.77114E-3 6.70353E-3 6.4237E-3 7.28495E-3 2.25268E-2 1.25062E-2 5.36226E-3 1.65647E-2 2.43731E-2 1.932E-2 8.65253E-3 1.09319E-2 4.89392E-3 5.13753E-3 5.82045E-3 6.32022E-3 1.59911E-2 1.99382E-2 2.74909E-2 3.00261E-2 3.23139E-2 2.61565E-2 1.14881E-2 1.79783E-2 3.17972E-2 2.73396E-2 2.49509E-2 3.26192E-2 3.60707E-2 4.43833E-2 6.55418E-2 1.48068E-1 2.96115E-1 3.52488E-1 3.48246E-1 2.55887E-1 6.73792E-2 2.22725E-2 1.83638E-2
2.69348E-2 2.66954E-2 2.45036E-2 2.32663E-2 2.28585E-2 1.97281E-2 2.11521E-2 1.89849E-2 1.79712E-2 7.69643E-3 6.37835E-3 5.48926E-3 7.37296E-3 1.10956E-2 1.01387E-2 6.81311E-3 1.44405E-2 8.20675E-3 6.07356E-3 6.25025E-3 6.10939E-3 6.06056E-3 9.22763E-3 8.53483E-3 1.07128E-2 1.27684E-2 7.968E-3 8.56251E-3 2.46902E-2 2.20816E-2 2.40044E-2 1.1031E-2 5.54026E-3 1.94669E-2 2.17227E-2 1.17884E-2 9.76703E-3 9.43846E-3 5.03301E-3 5.08304E-3 1.37478E-2 5.28737E-3 1.29187E-2 2.22658E-2 2.97896E-2 3.33805E-2 4.38274E-2 5.3182E-2 3.73757E-2 1.60802E-2 3.81097E-2 3.99863E-2 3.49515E-2 5.77972E-2 5.10034E-2 5.16736E-2 8.28887E-2 2.89234E-1 3.33634E-1 3.18045E-1 2.175E-1 2.2099E-2 2.93276E-2 1.52584E-2 2.31244E-2
2.56752E-2 2.43926E-2 1.95102E-2 2.2503E-2 2.37951E-2 2.35399E-2 2.54428E-2 2.61022E-2 2.32411E-2 1.22569E-2 6.14458E-3 6.40763E-3 5.72828E-3 5.33931E-3 1.12962E-2 6.18119E-3 2.05892E-2 1.15483E-2 5.84929E-3 6.40211E-3 6.34381E-3 6.0989E-3 1.44941E-2 1.65537E-2 2.12202E-2 1.63184E-2 1.15749E-2 1.27007E-2 4.38718E-2 4.00322E-2 2.1969E-2 8.24719E-3 1.11029E-2 2.35142E-2 2.07057E-2 8.68756E-3 1.14405E-2 7.71762E-3 4.91216E-3 4.87016E-3 6.00725E-3 5.00911E-3 1.15546E-2 2.55476E-2 2.93365E-2 3.85774E-2 5.52597E-2 7.20118E-2 9.1675E-2 4.11844E-2 6.0835E-2 5.73965E-2 4.40581E-2 5.50329E-2 6.97831E-2 7.88663E-2 1.0567E-1 2.61001E-1 3.04515E-1 1.01815E-1 7.96874E-2 2.04873E-1 9.34741E-2 2.23373E-2 4.37207E-2
2.36446E-2 2.23419E-2 2.02597E-2 2.41053E-2 2.87056E-2 3.00128E-2 2.83219E-2 2.96942E-2 2.74292E-2 2.41124E-2 8.48027E-3 1.29565E-2 6.03507E-3 5.74884E-3 1.32104E-2 1.6802E-2 7.0708E-3 7.39685E-3 6.28166E-3 6.66824E-3 6.50008E-3 6.21768E-3 6.39996E-3 7.64162E-3 1.75912E-2 4.22089E-2 1.92333E-2 1.96166E-2 6.52359E-2 3.8754E-2 1.42161E-2 8.59868E-3 1.074E-2 2.52511E-2 2.50087E-2 2.14268E-2 1.21948E-2 5.57254E-3 4.79921E-3 4.6744E-3 4.89901E-3 8.88877E-3 1.77992E-2 2.50129E-2 3.06334E-2 3.46482E-2 6.13636E-2 8.58341E-2 1.21403E-1 2.73493E-1 1.67504E-2 7.5165E-2 9.36394E-2 5.04707E-2 8.25901E-2 1.94257E-1 2.84694E-1 2.63803E-1 2.53329E-1 8.00888E-2 8.32513E-2 1.96514E-1 9.07508E-2 3.98495E-2 2.0467E-2
2.46475E-2 2.73777E-2 2.17729E-2 2.4214E-2 3.15744E-2 3.24454E-2 3.14441E-2 3.17215E-2 3.00408E-2 2.67269E-2 2.15932E-2 8.27877E-3 7.10505E-3 6.28637E-3 5.28348E-3 5.45782E-3 6.03473E-3 6.15921E-3 6.68024E-3 6.95926E-3 6.79666E-3 6.35642E-3 7.27754E-3 9.9025E-3 2.66533E-2 5.25802E-2 2.36377E-2 2.84081E-2 2.94531E-2 2.35166E-2 1.56671E-2 1.09323E-2 8.12326E-3 1.51655E-2 1.38717E-2 1.33556E-2 1.49985E-2 6.51889E-3 5.03422E-3 4.71528E-3 4.20407E-3 1.0895E-2 1.94679E-2 2.0931E-2 3.3206E-2 4.28159E-2 5.91025E-2 8.32068E-2 1.28853E-1 2.56366E-1 1.68696E-1 2.75229E-1 1.20137E-1 8.42422E-2 8.85878E-2 2.92628E-1 3.61045E-1 1.37309E-1 8.84729E-2 6.54268E-2 7.28107E-2 2.44185E-2 2.13694E-1 4.08764E-2 1.38826E-2
2.54874E-2 2.27093E-2 2.1772E-2 2.15252E-2 3.27934E-2 3.45611E-2 3.40991E-2 3.51713E-2 3.38318E-2 3.11771E-2 2.93211E-2 2.74812E-2 1.38358E-2 6.39957E-3 1.7773E-2 1.81348E-2 9.27215E-3 1.16877E-2 6.64653E-3 7.29865E-3 7.1836E-3 6.91596E-3 8.37445E-3 1.18097E-2 3.74958E-2 7.32999E-2 3.20937E-2 5.30127E-2 5.24132E-2 2.62896E-2 4.37042E-2 5.18599E-2 1.01877E-2 8.00738E-3 5.94888E-3 5.5755E-3 5.75055E-3 8.57612E-3 6.38227E-3 1.66269E-2 8.99322E-3 5.15545E-3 7.01529E-3 2.19477E-2 3.37499E-2 4.08605E-2 5.47033E-2 7.23385E-2 1.0709E-1 9.735E-2 8.04116E-2 3.20986E-1 2.98313E-1 2.69798E-1 2.53438E-1 1.50006E-1 1.17512E-1 8.37557E-2 4.59928E-2 4.86853E-2 6.21259E-2 2.78595E-2 2.09668E-1 1.61812E-1 3.96952E-2
2.4182E-2 2.29104E-2 2.26825E-2 2.86401E-2 3.29752E-2 3.71609E-2 3.70535E-2 3.63539E-2 3.56907E-2 3.4238E-2 3.36675E-2 2.99836E-2 2.53127E-2 1.00951E-2 2.15865E-2 1.76074E-2 1.07791E-2 2.12367E-2 1.8769E-2 8.14773E-3 7.08039E-3 7.95905E-3 1.07197E-2 1.4041E-2 4.88979E-2 8.64368E-2 1.8865E-1 5.5825E-2 5.30894E-2 7.37909E-2 5.77353E-2 2.31986E-2 1.02129E-2 1.01531E-2 5.53123E-3 5.2883E-3 5.56688E-3 2.41834E-2 7.1392E-3 9.96525E-3 1.98899E-2 6.16906E-3 4.90451E-3 9.20768E-3 2.7186E-2 3.64031E-2 4.61864E-2 6.11197E-2 7.73955E-2 5.38791E-2 6.40923E-2 1.16378E-1 1.75939E-1 3.07346E-1 1.02386E-1 7.79931E-2 4.98022E-2 4.58542E-2 3.31232E-2 5.32561E-2 7.54619E-2 7.53984E-2 1.85831E-1 1.64095E-1 8.41961E-2
2.52164E-2 2.55334E-2 2.94719E-2 3.56155E-2 3.39785E-2 3.55707E-2 3.83503E-2 3.82552E-2 3.59368E-2 3.65891E-2 3.55484E-2 3.36556E-2 3.02147E-2 2.69245E-2 2.05366E-2 6.39236E-3 6.21408E-3 7.29305E-3 8.65334E-3 7.38917E-3 7.54807E-3 9.94618E-3 1.36817E-2 1.80622E-2 4.83376E-2 8.4225E-2 1.96737E-1 5.96079E-2 4.87048E-2 5.3386E-2 4.45863E-2 1.07895E-2 1.06952E-2 1.15798E-2 5.23357E-3 5.23395E-3 9.26266E-3 2.6703E-2 2.16591E-2 2.05096E-2 8.12017E-3 4.20854E-3 4.78172E-3 7.43175E-3 2.74835E-2 3.25964E-2 3.84478E-2 4.36501E-2 5.65668E-2 3.95368E-2 5.70744E-2 1.14796E-1 1.31781E-1 8.75153E-2 7.00976E-2 4.66318E-2 3.52955E-2 3.05226E-2 4.42699E-2 7.35357E-2 5.36283E-2 8.51742E-2 1.89451E-1 6.57322E-3 6.02931E-2
2.71826E-2 2.99815E-2 3.20677E-2 3.41041E-2 3.5831E-2 3.58863E-2 4.28167E-2 4.38152E-2 4.45802E-2 3.91375E-2 3.76643E-2 3.60745E-2 3.14842E-2 2.6457E-2 2.14397E-2 2.11305E-2 2.09634E-2 2.18984E-2 8.01093E-3 7.09577E-3 8.30429E-3 1.16977E-2 1.67759E-2 2.65336E-2 2.83833E-2 1.53308E-1 1.57652E-1 5.08118E-2 4.238E-2 4.08786E-2 8.94032E-3 6.79313E-3 1.05681E-2 9.89167E-3 5.01183E-3 1.04935E-2 2.79301E-2 2.93247E-2 2.44261E-2 1.75473E-2 1.92838E-2 4.40307E-3 1.70109E-2 1.96809E-2 3.16378E-2 3.2728E-2 2.62408E-2 1.86395E-2 3.34645E-2 3.82377E-2 4.20119E-2 7.23767E-2 5.28422E-2 4.97509E-2 4.76605E-2 3.71053E-2 2.62974E-2 3.32965E-2 5.13488E-2 5.37235E-2 6.21904E-2 2.20203E-1 2.1351E-1 6.55866E-2 2.64666E-2
2.76455E-2 3.0864E-2 3.10364E-2 3.08003E-2 3.68848E-2 4.665E-2 5.74429E-2 6.00338E-2 6.08114E-2 5.69143E-2 4.42884E-2 3.53201E-2 2.94566E-2 2.70873E-2 2.3346E-2 2.13825E-2 2.16398E-2 9.29477E-3 7.23341E-3 8.25859E-3 1.30865E-2 1.93988E-2 1.66402E-2 2.80901E-2 5.69025E-2 1.43397E-1 4.90623E-2 2.46628E-2 3.84424E-2 3.43608E-2 6.18531E-3 5.53971E-3 7.2686E-3 6.29302E-3 5.12629E-3 2.49331E-2 2.86785E-2 2.27916E-2 2.18351E-2 9.48866E-3 1.5371E-2 5.40392E-3 2.55991E-2 3.03994E-2 3.05948E-2 3.13285E-2 1.29076E-2 1.41634E-2 3.19194E-2 2.6983E-2 2.95196E-2 3.22957E-2 3.22078E-2 3.43994E-2 3.18708E-2 2.6883E-2 2.57819E-2 3.81606E-2 5.70949E-2 2.97038E-2 4.68047E-2 1.77257E-1 1.76222E-1 8.96235E-2 5.19079E-2
2.88084E-2 2.99858E-2 2.78873E-2 3.41481E-2 4.6009E-2 5.96515E-2 7.86244E-2 9.30468E-2 9.12342E-2 7.60322E-2 5.38577E-2 3.93326E-2 2.9582E-2 2.58869E-2 2.55923E-2 2.19577E-2 2.23515E-2 8.28668E-3 7.00344E-3 8.24166E-3 1.94404E-2 2.17021E-2 1.73507E-2 2.69223E-2 6.78576E-2 6.20662E-2 2.87179E-2 1.78373E-2 1.21019E-2 8.4887E-3 5.50427E-3 8.60498E-3 1.72483E-2 6.67067E-3 1.28817E-2 2.43033E-2 1.9174E-2 1.86739E-2 1.95622E-2 2.00719E-2 6.27219E-3 2.79558E-2 2.85094E-2 2.67693E-2 3.01237E-2 3.06737E-2 3.09987E-2 3.16933E-2 2.44833E-2 1.56625E-2 1.79993E-2 2.0167E-2 2.42632E-2 2.39575E-2 2.13064E-2 2.06737E-2 3.23678E-2 6.24312E-2 7.75135E-2 7.98395E-2 1.84318E-1 8.42026E-2 1.53316E-1 2.38122E-1 7.62373E-2
2.69148E-2 2.70536E-2 2.68292E-2 3.82693E-2 5.70258E-2 7.87909E-2 1.08248E-1 1.37468E-1 1.23805E-1 8.82157E-2 7.14493E-2 4.98879E-2 3.37464E-2 2.76063E-2 2.98916E-2 2.27832E-2 2.15988E-2 8.91893E-3 2.32106E-2 1.00234E-2 2.63313E-2 4.56563E-2 1.85913E-2 2.80761E-2 1.38114E-2 6.83929E-2 3.54971E-2 1.54229E-2 1.11528E-2 7.81116E-3 5.49489E-3 1.07109E-2 2.07641E-2 1.59363E-2 1.99472E-2 2.03074E-2 2.00994E-2 1.84053E-2 1.8195E-2 1.85583E-2 1.95163E-2 2.03299E-2 2.02621E-2 1.93029E-2 2.6957E-2 3.00135E-2 2.99392E-2 1.80948E-2 1.11567E-2 7.02778E-3 1.33481E-2 1.8599E-2 1.92975E-2 1.83112E-2 1.69476E-2 2.17085E-2 4.42961E-2 5.66171E-2 8.10656E-2 1.47367E-1 1.8037E-1 7.87112E-2 1.68145E-1 9.17215E-2 5.83051E-2
2.79526E-2 2.88649E-2 2.71835E-2 3.34835E-2 5.00344E-2 8.81412E-2 1.38162E-1 3.50502E-2 1.43945E-1 1.08979E-1 7.66391E-2 5.94958E-2 4.30544E-2 3.11277E-2 2.94209E-2 2.3903E-2 1.06306E-2 8.85296E-3 1.00408E-2 2.12772E-2 5.27467E-2 7.72863E-2 6.26606E-2 3.10029E-2 1.83168E-1 7.28082E-2 3.24751E-2 1.71372E-2 2.13363E-2 2.11932E-2 1.27317E-2 1.41945E-2 2.63618E-2 2.65362E-2 2.56771E-2 2.47866E-2 2.23251E-2 1.98105E-2 1.84438E-2 1.96603E-2 1.91474E-2 1.21742E-2 5.00322E-3 1.55225E-2 2.71214E-2 2.9757E-2 2.81811E-2 9.8811E-3 7.92057E-3 6.34138E-3 8.18392E-3 1.87323E-2 1.87342E-2 1.75928E-2 1.80097E-2 2.47031E-2 3.88029E-2 3.14108E-2 7.78377E-2 1.72852E-1 5.00167E-2 5.88523E-2 2.98056E-2 2.39852E-2 5.66357E-2
2.43933E-2 2.92328E-2 2.5109E-2 3.13048E-2 4.58867E-2 7.39512E-2 1.4822E-1 3.27757E-1 1.23978E-1 1.31192E-1 8.01796E-2 6.12697E-2 4.63859E-2 2.88312E-2 2.86351E-2 2.782E-2 3.28348E-2 3.25203E-2 1.35298E-2 3.07332E-2 7.65029E-2 8.93521E-2 1.47736E-1 1.19716E-1 1.80907E-1 4.69336E-2 4.7899E-2 4.03927E-2 1.29908E-2 2.45204E-2 2.51732E-2 1.39711E-2 3.32684E-2 3.67663E-2 1.90199E-2 3.53525E-2 2.63255E-2 1.98973E-2 1.93773E-2 2.13335E-2 1.90213E-2 1.78858E-2 1.81488E-2 2.17476E-2 2.30743E-2 2.01575E-2 1.2949E-2 5.30683E-3 1.42519E-2 1.02785E-2 1.3828E-2 1.8651E-2 1.86242E-2 1.77549E-2 2.06504E-2 3.06551E-2 4.57542E-2 5.30154E-2 7.38572E-2 1.62582E-1 2.89989E-2 2.34435E-2 7.25417E-2 1.88054E-1 1.02032E-1
2.3198E-2 2.35987E-2 2.36043E-2 3.02172E-2 4.51629E-2 6.84875E-2 1.48618E-1 2.74163E-1 3.04712E-1 1.34773E-1 9.05822E-2 6.57969E-2 4.71988E-2 3.57284E-2 3.32504E-2 3.5008E-2 4.5968E-2 4.47376E-2 2.94925E-2 7.30061E-2 8.74732E-2 1.9515E-1 2.00799E-1 1.83652E-1 8.79143E-2 5.40264E-2 4.85969E-2 4.04231E-2 2.98287E-2 2.77781E-2 1.90536E-2 1.34076E-2 5.26811E-2 5.50398E-2 3.35794E-2 3.09134E-2 3.12158E-2 2.00674E-2 1.91966E-2 1.98209E-2 1.86287E-2 1.75467E-2 1.87334E-2 2.0441E-2 1.70855E-2 1.91821E-2 8.6878E-3 4.01915E-3 1.61376E-2 1.10361E-2 6.29767E-3 1.58803E-2 1.86531E-2 1.99974E-2 2.68302E-2 3.6357E-2 5.46943E-2 8.06025E-2 1.68152E-1 1.35105E-1 6.53192E-2 2.34979E-2 3.22203E-2 7.29654E-2 1.33913E-1
2.66153E-2 2.36199E-2 2.23221E-2 2.59101E-2 3.9381E-2 6.00499E-2 1.17037E-1 1.51075E-1 2.85054E-1 1.25663E-1 1.03276E-1 8.19573E-2 5.59278E-2 5.34871E-2 4.84844E-2 4.81112E-2 6.16441E-2 8.11046E-2 8.31304E-2 8.08386E-2 1.94778E-1 1.94107E-1 1.76515E-1 8.02963E-2 6.9306E-2 5.70803E-2 5.53391E-2 5.31532E-2 2.38653E-2 1.46898E-2 1.66322E-2 5.10603E-2 8.03608E-2 8.92164E-2 6.72209E-2 2.82123E-2 3.32236E-2 2.5762E-2 2.02006E-2 1.88725E-2 1.78417E-2 1.77484E-2 1.93328E-2 1.68908E-2 1.60646E-2 1.96529E-2 7.2982E-3 3.89052E-3 8.86725E-3 4.97269E-3 5.0609E-3 8.94929E-3 1.86724E-2 2.38122E-2 3.34189E-2 4.58638E-2 6.64614E-2 7.85724E-2 1.70274E-1 6.224E-2 5.58397E-2 3.51118E-2 3.58275E-2 7.34167E-2 1.50751E-1
2.95633E-2 2.91458E-2 2.34743E-2 2.39804E-2 3.17122E-2 4.82899E-2 8.49285E-2 1.46153E-1 3.20559E-1 2.39653E-1 1.27705E-1 8.61959E-2 7.66462E-2 7.6363E-2 7.02391E-2 6.4759E-2 8.62311E-2 1.20217E-1 2.18472E-1 2.36941E-1 2.95225E-1 2.22123E-1 2.03028E-1 1.5894E-1 8.48617E-2 8.35981E-2 8.59665E-2 8.49421E-2 7.10454E-2 2.74439E-2 2.28932E-2 3.42965E-2 1.00514E-1 7.61718E-2 9.12934E-2 2.67882E-2 2.06082E-2 3.168E-2 2.06342E-2 1.86554E-2 1.85945E-2 1.97975E-2 1.90054E-2 1.65432E-2 1.703E-2 1.92009E-2 1.45732E-2 4.86907E-3 1.06054E-2 8.37106E-3 5.23754E-3 7.07227E-3 1.93229E-2 3.01861E-2 3.79009E-2 5.16385E-2 7.6418E-2 1.77738E-1 1.37097E-1 6.29912E-2 4.09637E-2 3.59124E-2 4.83107E-2 7.08284E-2 1.59506E-2
2.85352E-2 2.63645E-2 2.80601E-2 3.57563E-2 5.01387E-2 6.77007E-2 8.36381E-2 1.41989E-1 2.70486E-1 1.3316E-1 1.03412E-1 1.0082E-1 1.14164E-1 1.05626E-1 9.77245E-2 9.55627E-2 1.04731E-1 2.38142E-1 2.33113E-1 2.29502E-1 1.14528E-1 1.98588E-1 8.28707E-2 8.41154E-2 1.41813E-1 1.72332E-1 9.92225E-2 1.99178E-1 8.34517E-2 4.95503E-2 3.67551E-2 2.01833E-1 1.73807E-1 1.94194E-1 8.83774E-2 4.8635E-2 1.22776E-2 2.94996E-2 2.00907E-2 2.09873E-2 2.12334E-2 2.05957E-2 1.87363E-2 1.76375E-2 1.78622E-2 1.82407E-2 1.8028E-2 1.25718E-2 1.66662E-2 1.48245E-2 1.07067E-2 1.68216E-2 2.45948E-2 3.51475E-2 4.78265E-2 6.82601E-2 7.72949E-2 1.7473E-1 1.65155E-1 6.95019E-2 4.13837E-2 3.11741E-2 1.92176E-2 6.31986E-2 1.57711E-1
2.84628E-2 2.95247E-2 3.74039E-2 5.12926E-2 6.43989E-2 1.00874E-1 1.31254E-1 1.43586E-1 3.30755E-1 2.6748E-1 1.26552E-1 1.25999E-1 2.72767E-1 2.45005E-1 2.82925E-1 1.91762E-1 2.72302E-1 2.35748E-1 1.01594E-1 1.05539E-1 9.07692E-2 1.00103E-1 1.97996E-1 1.69392E-1 8.30962E-2 8.34988E-2 5.65513E-2 1.51377E-1 1.70475E-1 1.59477E-1 1.75114E-1 8.93697E-2 1.88806E-1 9.15193E-2 7.22416E-2 4.99418E-2 2.78646E-2 2.65622E-2 2.27125E-2 2.24649E-2 2.11801E-2 1.96315E-2 1.84287E-2 1.64361E-2 1.71929E-2 1.77479E-2 1.79656E-2 1.77908E-2 1.69021E-2 1.95989E-2 2.39346E-2 2.35776E-2 2.99504E-2 4.09548E-2 5.54007E-2 8.56052E-2 1.69533E-1 1.49807E-1 6.91296E-2 6.01758E-2 4.22665E-2 3.26745E-2 1.46048E-2 6.49541E-2 1.52682E-1
2.97019E-2 4.01864E-2 5.19224E-2 6.14668E-2 9.42619E-2 1.31102E-1 3.17562E-1 2.60773E-1 3.50046E-1 3.21091E-1 3.02388E-1 2.95647E-1 2.92192E-1 2.10586E-1 2.14957E-1 2.82523E-1 2.62311E-1 1.07786E-1 8.169E-2 7.13975E-2 7.26482E-2 1.00998E-1 1.0399E-1 1.69864E-1 3.32631E-2 3.09034E-2 3.69288E-2 6.87455E-2 9.07293E-2 1.26067E-1 1.08148E-1 5.03473E-2 9.4491E-2 3.59712E-2 4.29322E-2 1.39373E-2 3.03782E-2 2.35438E-2 2.28184E-2 2.16399E-2 1.97507E-2 1.92628E-2 1.7648E-2 1.50658E-2 1.64782E-2 1.76684E-2 1.74443E-2 1.81047E-2 1.63599E-2 1.87157E-2 2.17103E-2 2.57939E-2 3.69683E-2 5.44413E-2 7.12724E-2 8.45021E-2 2.05273E-1 1.49247E-1 7.19625E-2 4.64953E-2 3.47709E-2 3.03423E-2 1.65885E-2 5.91299E-2 6.9178E-2
3.60341E-2 5.30938E-2 6.80314E-2 9.27524E-2 1.27157E-1 3.27338E-1 1.42325E-1 1.44016E-1 1.50543E-1 1.23838E-1 1.2595E-1 1.23539E-1 1.21226E-1 1.30778E-1 1.1278E-1 1.23349E-1 1.07569E-1 9.04213E-2 6.23375E-2 5.73165E-2 5.55257E-2 6.89144E-2 8.80952E-2 9.26522E-2 1.2071E-1 5.24539E-2 2.58944E-2 3.87106E-2 7.96189E-2 1.0575E-1 1.04985E-1 8.1268E-2 5.60685E-2 2.17653E-2 1.23461E-2 9.82292E-3 2.19293E-2 1.96582E-2 2.06714E-2 2.04979E-2 2.14191E-2 1.97724E-2 1.77799E-2 1.56044E-2 1.58786E-2 1.64073E-2 1.5621E-2 1.66508E-2 1.73869E-2 1.99965E-2 2.20924E-2 2.57043E-2 4.08298E-2 6.18129E-2 8.74486E-2 2.10261E-1 2.14295E-1 6.6691E-2 6.33517E-2 4.43912E-2 3.08421E-2 2.53581E-2 3.34515E-2 4.66215E-2 5.82052E-2
4.33431E-2 6.01173E-2 9.92252E-2 1.21453E-1 3.11094E-1 2.33465E-1 1.20998E-1 8.27773E-2 8.48897E-2 7.07934E-2 7.1833E-2 7.93848E-2 8.17203E-2 8.68766E-2 8.7509E-2 8.10191E-2 7.44459E-2 6.67559E-2 5.19069E-2 3.97047E-2 4.12584E-2 5.51499E-2 7.02165E-2 8.92227E-2 9.54357E-2 7.3803E-2 3.7686E-2 3.34037E-2 5.22208E-2 6.76008E-2 6.62106E-2 5.54369E-2 2.26267E-2 1.12558E-2 9.23041E-3 8.97501E-3 1.84292E-2 1.81355E-2 1.91338E-2 1.97229E-2 2.43198E-2 2.0808E-2 1.85985E-2 1.67934E-2 1.5862E-2 1.59573E-2 1.79927E-2 1.70468E-2 1.69389E-2 1.97445E-2 2.29796E-2 2.65128E-2 4.24893E-2 6.35992E-2 9.57478E-2 2.26076E-1 2.66242E-1 1.28681E-1 7.19E-2 4.79103E-2 3.30579E-2 2.13505E-2 2.54282E-2 3.62375E-2 4.40933E-2
7.41701E-2 7.18763E-2 1.2544E-1 3.02218E-1 2.19498E-1 1.1819E-1 9.34163E-2 6.77125E-2 5.47273E-2 5.07836E-2 4.51152E-2 4.3481E-2 4.42408E-2 5.55068E-2 4.97506E-2 4.92508E-2 5.06294E-2 4.29593E-2 3.69756E-2 2.96862E-2 2.85977E-2 3.63315E-2 5.47524E-2 6.44486E-2 6.77947E-2 5.64555E-2 3.73907E-2 2.51151E-2 3.34078E-2 4.93494E-2 5.00126E-2 4.07883E-2 3.15404E-2 1.01005E-2 8.66959E-3 2.03324E-2 1.85142E-2 1.75765E-2 1.74727E-2 1.90616E-2 2.06246E-2 1.91498E-2 1.8321E-2 1.77784E-2 1.63736E-2 1.54903E-2 1.81823E-2 1.78425E-2 1.77965E-2 2.05394E-2 2.12437E-2 2.61522E-2 4.06471E-2 6.00199E-2 8.26078E-2 1.19001E-1 2.4954E-1 7.24655E-2 6.42719E-2 4.05775E-2 2.87491E-2 2.0638E-2 1.96899E-2 2.54368E-2 3.17876E-2
1.10934E-1 1.23064E-1 1.23943E-1 2.84614E-1 2.46224E-1 1.24885E-1 7.48159E-2 4.54499E-2 3.51688E-2 3.4448E-2 3.1973E-2 3.29754E-2 3.26114E-2 2.98112E-2 2.9923E-2 3.0586E-2 3.07825E-2 2.86109E-2 2.52983E-2 2.46884E-2 2.32646E-2 2.70938E-2 3.46805E-2 4.10882E-2 4.95336E-2 4.48329E-2 3.50702E-2 2.40162E-2 2.14119E-2 2.40321E-2 3.09382E-2 2.80939E-2 2.21393E-2 2.17111E-2 2.18357E-2 2.05645E-2 1.87727E-2 1.77244E-2 1.6567E-2 1.80669E-2 1.8142E-2 1.92299E-2 1.90934E-2 1.85057E-2 1.65391E-2 1.60203E-2 1.80121E-2 1.87375E-2 1.91625E-2 1.93721E-2 1.96587E-2 2.36457E-2 3.17875E-2 4.38353E-2 6.22531E-2 1.13795E-1 1.90755E-1 9.16513E-2 7.81412E-2 4.15844E-2 2.54184E-2 2.01743E-2 1.68152E-2 1.92773E-2 1.7221E-2
1.27077E-1 2.44055E-1 2.167E-1 2.48601E-1 1.23815E-1 1.01104E-1 7.14363E-2 3.86022E-2 2.55732E-2 2.24844E-2 2.47084E-2 2.58039E-2 2.40839E-2 2.32216E-2 2.41635E-2 2.46236E-2 2.47623E-2 2.53661E-2 2.50482E-2 2.44878E-2 2.42702E-2 2.47047E-2 2.66353E-2 2.80711E-2 3.02276E-2 3.22083E-2 2.96604E-2 2.49396E-2 1.92477E-2 1.64951E-2 2.0627E-2 2.65407E-2 2.01165E-2 2.26383E-2 2.24404E-2 2.04558E-2 2.02372E-2 1.95779E-2 1.82531E-2 1.80532E-2 1.84089E-2 2.11534E-2 2.01487E-2 1.8575E-2 1.70197E-2 1.73557E-2 1.92414E-2 1.90969E-2 1.91599E-2 1.83722E-2 1.93119E-2 2.0856E-2 2.37592E-2 3.75314E-2 5.81432E-2 9.59624E-2 1.14088E-1 2.30098E-1 8.81272E-2 5.04712E-2 2.85832E-2 2.06875E-2 1.76165E-2 1.93045E-2 6.92398E-3
1.41889E-1 1.07038E-1 1.24236E-1 1.30224E-1 1.06294E-1 7.28933E-2 5.33808E-2 3.48845E-2 2.24589E-2 2.02701E-2 2.19064E-2 2.4103E-2 2.53729E-2 2.55306E-2 2.23277E-2 2.18249E-2 2.29524E-2 2.45493E-2 2.58817E-2 2.644E-2 2.4916E-2 2.46204E-2 2.59948E-2 2.46108E-2 2.27012E-2 2.50145E-2 2.70968E-2 2.7671E-2 2.08666E-2 1.75354E-2 1.85132E-2 2.19961E-2 2.26012E-2 1.84109E-2 1.79386E-2 1.85243E-2 1.97182E-2 1.92869E-2 1.90709E-2 1.93338E-2 1.86262E-2 2.04868E-2 2.02145E-2 1.86635E-2 1.76152E-2 1.81432E-2 1.96372E-2 1.85084E-2 1.82497E-2 1.8057E-2 1.7989E-2 1.88837E-2 2.0536E-2 3.37126E-2 4.9227E-2 7.56701E-2 1.22459E-1 2.2742E-1 9.74034E-2 6.01895E-2 4.18475E-2 3.1777E-2 2.50982E-2 2.24825E-2 1.69717E-2
