layers/carib.asc
ncols         638
nrows         825
xllcorner     -2985163.8955
yllcorner     -3022031.214
cellsize      10000.0
NODATA_value  -9999
[rows 319 to 347 of 825, columns 325 to 389 of 638]
3.42564E-2 3.57251E-2 3.54416E-2 3.48188E-2 3.48113E-2 3.74585E-2 3.79215E-2 2.96898E-2 3.15092E-2 3.26704E-2 2.43391E-2 2.48786E-2 2.28599E-2 2.20127E-2 2.29505E-2 2.43835E-2 2.73882E-2 2.32358E-2 2.49196E-2 2.51975E-2 2.43803E-2 2.07286E-2 1.89071E-2 1.91287E-2 1.75888E-2 1.69618E-2 1.71364E-2 1.8325E-2 2.04235E-2 2.09862E-2 2.34254E-2 2.43316E-2 2.28109E-2 2.10916E-2 2.41988E-2 2.57478E-2 2.58437E-2 2.67488E-2 3.01054E-2 3.51242E-2 4.03846E-2 2.78962E-2 3.11534E-2 2.96157E-2 2.72047E-2 2.32229E-2 2.14602E-2 1.88372E-2 2.69421E-2 2.33888E-2 2.06592E-2 1.74877E-2 1.3383E-2 1.46711E-2 1.38146E-2 1.45221E-2 1.71363E-2 1.78574E-2 2.33222E-2 2.64435E-2 3.24619E-2 1.37972E-2 5.31213E-3 8.90395E-3 1.95427E-2
4.1132E-2 4.02855E-2 4.31564E-2 3.94401E-2 3.35459E-2 3.3578E-2 4.15999E-2 3.48606E-2 3.28633E-2 4.37981E-2 3.40637E-2 2.82025E-2 2.33299E-2 1.83729E-2 1.76994E-2 2.27807E-2 2.64114E-2 2.42201E-2 2.62391E-2 2.53969E-2 2.7538E-2 3.2858E-2 2.95613E-2 1.82914E-2 1.67832E-2 1.91962E-2 1.94313E-2 1.98622E-2 2.11917E-2 2.19613E-2 2.53855E-2 2.76736E-2 3.06214E-2 2.75936E-2 3.13486E-2 3.4683E-2 3.59476E-2 3.71042E-2 4.25397E-2 4.90176E-2 4.68824E-2 4.17699E-2 3.32299E-2 2.8334E-2 2.53519E-2 2.38148E-2 2.59911E-2 2.95394E-2 3.23783E-2 2.83672E-2 3.34277E-2 2.48744E-2 1.55533E-2 1.60179E-2 1.55622E-2 1.67122E-2 1.77694E-2 1.88791E-2 2.14012E-2 2.59318E-2 2.38406E-2 2.53614E-2 9.97436E-3 9.50906E-3 2.17128E-2
3.80535E-2 3.9694E-2 3.56252E-2 3.62457E-2 3.09952E-2 3.61939E-2 3.9011E-2 4.23275E-2 5.51646E-2 6.06814E-2 3.5068E-2 3.36263E-2 2.79963E-2 1.99814E-2 1.75454E-2 1.60003E-2 1.40147E-2 1.46679E-2 1.65656E-2 1.84154E-2 1.78782E-2 1.8901E-2 3.47885E-2 2.66393E-2 2.23087E-2 2.31084E-2 2.48016E-2 2.71249E-2 3.50458E-2 2.71391E-2 3.54455E-2 5.20198E-2 5.36183E-2 4.44078E-2 3.98847E-2 5.46149E-2 4.50831E-2 3.33768E-2 3.4604E-2 3.73073E-2 3.86412E-2 3.85417E-2 3.64558E-2 3.68521E-2 3.26446E-2 3.14881E-2 4.13716E-2 3.33999E-2 2.98327E-2 2.85204E-2 2.62985E-2 2.81213E-2 1.81662E-2 1.63554E-2 1.68374E-2 1.94141E-2 2.01247E-2 2.07124E-2 2.36346E-2 2.09717E-2 2.12619E-2 7.09773E-3 7.26905E-3 1.19616E-2 2.2377E-2
3.37072E-2 3.90573E-2 3.73486E-2 4.00229E-2 4.65597E-2 3.98056E-2 4.89154E-2 7.64847E-2 8.11273E-2 5.46546E-2 3.03226E-2 2.60104E-2 2.10316E-2 2.61381E-2 1.99835E-2 1.97016E-2 1.75466E-2 1.79586E-2 1.74659E-2 1.44286E-2 1.28497E-2 1.39429E-2 1.44083E-2 1.51945E-2 1.69568E-2 2.0037E-2 2.24155E-2 2.70678E-2 3.17475E-2 3.94419E-2 4.85131E-2 6.31611E-2 6.20495E-2 4.72814E-2 3.55979E-2 4.03846E-2 4.13349E-2 3.91187E-2 4.40464E-2 4.14453E-2 3.79982E-2 3.51181E-2 3.20405E-2 3.31559E-2 3.84481E-2 3.95312E-2 3.6834E-2 2.36287E-2 2.4645E-2 2.4935E-2 2.73689E-2 3.49284E-2 1.91398E-2 1.71703E-2 2.17506E-2 3.0524E-2 2.31394E-2 2.12075E-2 2.30851E-2 2.01716E-2 1.74717E-2 6.00992E-3 1.05561E-2 1.4236E-2 1.10319E-2
3.58952E-2 3.67724E-2 3.66669E-2 3.92846E-2 3.78596E-2 3.39586E-2 5.79322E-2 7.94363E-2 5.04308E-2 3.85797E-2 2.5839E-2 1.98254E-2 2.25644E-2 2.2903E-2 2.06098E-2 2.05586E-2 2.00201E-2 1.84704E-2 1.62812E-2 1.41314E-2 1.47141E-2 1.4399E-2 1.53074E-2 1.7109E-2 2.12585E-2 2.50195E-2 2.62871E-2 3.36322E-2 4.70004E-2 5.40759E-2 4.02246E-2 4.00771E-2 4.22233E-2 3.42245E-2 3.13054E-2 3.57509E-2 4.13702E-2 3.58936E-2 3.68843E-2 3.45055E-2 3.29234E-2 3.22162E-2 3.3243E-2 3.69587E-2 4.07682E-2 3.07733E-2 3.59496E-2 3.24239E-2 2.73994E-2 2.53548E-2 3.54231E-2 4.56523E-2 3.30801E-2 2.16206E-2 2.16094E-2 2.26515E-2 2.1101E-2 2.06711E-2 2.1541E-2 2.02325E-2 1.05629E-2 5.25009E-3 7.03382E-3 9.01843E-3 2.36178E-2
4.10022E-2 4.02504E-2 4.17184E-2 4.08458E-2 3.43369E-2 3.12703E-2 4.24662E-2 4.79138E-2 3.75717E-2 2.23714E-2 2.02649E-2 2.94258E-2 2.96408E-2 2.86252E-2 2.74622E-2 2.39333E-2 2.13199E-2 1.79E-2 2.19512E-2 2.26578E-2 3.10013E-2 2.40875E-2 2.80384E-2 2.8127E-2 3.06801E-2 3.08143E-2 3.04446E-2 3.99348E-2 4.95319E-2 4.39624E-2 2.84234E-2 2.66633E-2 2.8131E-2 3.16525E-2 3.36441E-2 3.62468E-2 3.85156E-2 3.45846E-2 3.48441E-2 3.09501E-2 2.62552E-2 3.02344E-2 2.91971E-2 2.77557E-2 3.9705E-2 3.31956E-2 3.49567E-2 3.42366E-2 2.89748E-2 3.09607E-2 3.86741E-2 5.37957E-2 2.72805E-2 2.13591E-2 2.11375E-2 2.10652E-2 2.10655E-2 2.0641E-2 1.98021E-2 1.26254E-2 9.29806E-3 7.79821E-3 1.09743E-2 2.23494E-2 2.53135E-2
3.89765E-2 5.4713E-2 6.96209E-2 4.15887E-2 2.76072E-2 2.93539E-2 2.70659E-2 3.02515E-2 1.69938E-2 2.08491E-2 2.49738E-2 2.82712E-2 3.8074E-2 4.20425E-2 3.48044E-2 2.30533E-2 1.90018E-2 1.9017E-2 2.13503E-2 2.51397E-2 3.05423E-2 2.82889E-2 3.04542E-2 3.34036E-2 4.0381E-2 4.29531E-2 3.93285E-2 5.22033E-2 4.91989E-2 3.18497E-2 2.21329E-2 2.18047E-2 2.22452E-2 2.97006E-2 3.3416E-2 3.17815E-2 3.46084E-2 2.64548E-2 3.32046E-2 2.32268E-2 2.29735E-2 2.41948E-2 2.69984E-2 3.29571E-2 3.60185E-2 3.63594E-2 3.80986E-2 4.0493E-2 4.06058E-2 4.52969E-2 2.96961E-2 4.79749E-2 1.78467E-2 1.88641E-2 1.77891E-2 1.72838E-2 1.85552E-2 1.9073E-2 1.79841E-2 8.68059E-3 6.95602E-3 8.08473E-3 1.32066E-2 2.31642E-2 2.88318E-2
3.61695E-2 5.19345E-2 6.7531E-2 3.56277E-2 2.08176E-2 2.49799E-2 2.89838E-2 2.01447E-2 1.77252E-2 2.64877E-2 3.12772E-2 3.61043E-2 4.65209E-2 4.82649E-2 3.92756E-2 2.15485E-2 2.04005E-2 2.37207E-2 2.03422E-2 1.74355E-2 2.1682E-2 2.65193E-2 2.97827E-2 2.59749E-2 2.42955E-2 4.33368E-2 5.30675E-2 3.79636E-2 2.7151E-2 2.22584E-2 1.94199E-2 1.97834E-2 2.29814E-2 2.60168E-2 2.80553E-2 3.09158E-2 3.17314E-2 2.28361E-2 2.88201E-2 2.44498E-2 2.25938E-2 2.09297E-2 2.55968E-2 3.15382E-2 3.45749E-2 3.45793E-2 3.73706E-2 3.47899E-2 3.95782E-2 4.73981E-2 3.19331E-2 3.43072E-2 1.67412E-2 1.69376E-2 1.61836E-2 1.48149E-2 1.56592E-2 1.65185E-2 1.79208E-2 6.19556E-3 7.61566E-3 7.14641E-3 1.2997E-2 2.4093E-2 3.05054E-2
3.72711E-2 4.47818E-2 6.24824E-2 3.33285E-2 3.04346E-2 2.4398E-2 2.39213E-2 3.04898E-2 2.64937E-2 2.98273E-2 3.60782E-2 3.45987E-2 4.11131E-2 4.08466E-2 3.55226E-2 3.43784E-2 2.87216E-2 2.66453E-2 2.37803E-2 1.95123E-2 1.85266E-2 2.68211E-2 3.38184E-2 3.20696E-2 2.10776E-2 2.44373E-2 2.23928E-2 2.06676E-2 2.43195E-2 2.11316E-2 2.18577E-2 2.22185E-2 2.47208E-2 2.40144E-2 2.74936E-2 2.25583E-2 2.32248E-2 2.44919E-2 2.45194E-2 2.54809E-2 2.31993E-2 2.17157E-2 2.40355E-2 2.60936E-2 2.27978E-2 2.46527E-2 2.67152E-2 2.96245E-2 3.99177E-2 3.38667E-2 2.83334E-2 3.51281E-2 1.61605E-2 1.4368E-2 1.33157E-2 1.37621E-2 1.44721E-2 1.7457E-2 1.82689E-2 6.22258E-3 1.07676E-2 1.76461E-2 2.53108E-2 2.42179E-2 2.36174E-2
3.97359E-2 4.36876E-2 5.17207E-2 4.62675E-2 3.25077E-2 2.2726E-2 2.42165E-2 3.0582E-2 2.28328E-2 2.96308E-2 4.07908E-2 3.62264E-2 2.70521E-2 3.41351E-2 3.70043E-2 4.00965E-2 3.66314E-2 3.01441E-2 2.46644E-2 2.11133E-2 3.25101E-2 3.84896E-2 4.08258E-2 2.60752E-2 1.80758E-2 1.83221E-2 1.41416E-2 1.74452E-2 2.18683E-2 2.16127E-2 2.44287E-2 2.59429E-2 2.53309E-2 2.72497E-2 2.76033E-2 2.18292E-2 2.32901E-2 2.30321E-2 2.46964E-2 2.2697E-2 2.53914E-2 2.58147E-2 2.40229E-2 2.37597E-2 1.89819E-2 1.99042E-2 2.03842E-2 2.55382E-2 3.83625E-2 3.06249E-2 2.61728E-2 3.83511E-2 3.3969E-2 2.41995E-2 1.22966E-2 1.35531E-2 1.59574E-2 1.87722E-2 2.0638E-2 1.08843E-2 2.74794E-2 2.56116E-2 2.6299E-2 2.93723E-2 3.03633E-2
4.13759E-2 4.00716E-2 4.18729E-2 3.7764E-2 2.29373E-2 1.6785E-2 1.76369E-2 2.49389E-2 1.86072E-2 2.89954E-2 4.02487E-2 4.64471E-2 4.84021E-2 4.03057E-2 5.09028E-2 3.74898E-2 3.78063E-2 4.04673E-2 3.45769E-2 2.73693E-2 4.11634E-2 3.93052E-2 2.98621E-2 2.29816E-2 2.02052E-2 1.81096E-2 1.70458E-2 2.0066E-2 2.16325E-2 2.26146E-2 2.4729E-2 2.55436E-2 2.54993E-2 2.69988E-2 2.69333E-2 2.48293E-2 2.33214E-2 2.19947E-2 2.21992E-2 2.27767E-2 2.73345E-2 2.88831E-2 2.22557E-2 1.88612E-2 1.72316E-2 1.87118E-2 1.88537E-2 3.07936E-2 3.45473E-2 2.71471E-2 2.54226E-2 3.6662E-2 3.30192E-2 2.16064E-2 1.31546E-2 1.37437E-2 1.68009E-2 2.03645E-2 1.8626E-2 2.58796E-2 3.12679E-2 2.63403E-2 2.57848E-2 1.86967E-2 2.44763E-2
3.64876E-2 5.04672E-2 3.63515E-2 1.77038E-2 1.55721E-2 1.61353E-2 1.57574E-2 1.26116E-2 2.07973E-2 2.70777E-2 3.25256E-2 3.85205E-2 6.15785E-2 4.62217E-2 3.57317E-2 3.74248E-2 4.09352E-2 4.56503E-2 4.19622E-2 3.92927E-2 3.66898E-2 3.12253E-2 2.14392E-2 2.2604E-2 2.32241E-2 2.26327E-2 2.18224E-2 2.25506E-2 2.22785E-2 2.18828E-2 2.19105E-2 2.30843E-2 2.67835E-2 2.56352E-2 2.62133E-2 2.5387E-2 2.45845E-2 2.11853E-2 2.10334E-2 2.00254E-2 2.14825E-2 2.31828E-2 2.27013E-2 1.98869E-2 2.06918E-2 2.12417E-2 2.12432E-2 2.86002E-2 2.70253E-2 1.82866E-2 2.05054E-2 2.54885E-2 2.81927E-2 3.03276E-2 1.9147E-2 1.50879E-2 1.77113E-2 1.93362E-2 1.79448E-2 2.48756E-2 2.58812E-2 2.35104E-2 2.15185E-2 1.76631E-2 2.35159E-2
3.78833E-2 3.57905E-2 4.44567E-2 1.72327E-2 1.45435E-2 1.53067E-2 9.62694E-3 1.36963E-2 2.28025E-2 2.32272E-2 2.60681E-2 4.09582E-2 6.17707E-2 5.33801E-2 3.34057E-2 2.70886E-2 3.57728E-2 3.26229E-2 3.06138E-2 3.1057E-2 2.57529E-2 2.48318E-2 2.00218E-2 2.48729E-2 2.76192E-2 2.04072E-2 2.05759E-2 2.13818E-2 2.19395E-2 2.03152E-2 2.30703E-2 2.29594E-2 2.49864E-2 2.56975E-2 2.76508E-2 2.4403E-2 2.59884E-2 2.49218E-2 2.31247E-2 1.96133E-2 2.17156E-2 2.31546E-2 2.4766E-2 2.38973E-2 2.77106E-2 2.78945E-2 2.4402E-2 2.54924E-2 2.3696E-2 2.24771E-2 2.59348E-2 2.87234E-2 2.53929E-2 2.11385E-2 1.29357E-2 1.67587E-2 1.89361E-2 2.19121E-2 2.32125E-2 2.63002E-2 2.55951E-2 2.1161E-2 1.83421E-2 1.98799E-2 2.04546E-2
7.54229E-2 4.23559E-2 3.31119E-2 1.93457E-2 1.43235E-2 1.04929E-2 8.1636E-3 1.43821E-2 1.90911E-2 2.00959E-2 2.51971E-2 4.00114E-2 4.46026E-2 4.18135E-2 3.44781E-2 2.93313E-2 2.41329E-2 1.65698E-2 2.13504E-2 2.40747E-2 1.98646E-2 1.95922E-2 2.11894E-2 2.65236E-2 3.22606E-2 2.69847E-2 1.98254E-2 2.15736E-2 2.19002E-2 2.10976E-2 1.95223E-2 1.87821E-2 1.89375E-2 2.26988E-2 2.24918E-2 2.06851E-2 2.59998E-2 2.54105E-2 2.45978E-2 2.3364E-2 2.56038E-2 2.39851E-2 2.43569E-2 2.44393E-2 2.4975E-2 2.63292E-2 2.65182E-2 2.48303E-2 2.48806E-2 2.36563E-2 2.40626E-2 2.66095E-2 1.3942E-2 1.15323E-2 1.69684E-2 1.90271E-2 2.20182E-2 2.36972E-2 2.43112E-2 2.67064E-2 2.50727E-2 2.10957E-2 1.87373E-2 1.6648E-2 1.7009E-2
5.73611E-2 2.66418E-2 1.67522E-2 1.47358E-2 1.36701E-2 9.14187E-3 1.1692E-2 1.18366E-2 1.28511E-2 1.67965E-2 2.2755E-2 2.59869E-2 3.73867E-2 4.23067E-2 4.58575E-2 5.11924E-2 4.49384E-2 2.11111E-2 1.96654E-2 2.6855E-2 2.78856E-2 2.0708E-2 2.01241E-2 2.84067E-2 3.52201E-2 2.90253E-2 2.82766E-2 3.00722E-2 2.57867E-2 2.39587E-2 2.27312E-2 2.04616E-2 2.1739E-2 2.50146E-2 2.09918E-2 2.09635E-2 2.26736E-2 2.35521E-2 2.29967E-2 2.08114E-2 2.7139E-2 2.59585E-2 2.26038E-2 2.39934E-2 1.98074E-2 2.2553E-2 2.74078E-2 2.76141E-2 2.46025E-2 2.648E-2 2.94814E-2 2.89094E-2 1.23567E-2 1.49427E-2 1.87397E-2 2.14467E-2 2.48149E-2 2.83569E-2 1.95802E-2 2.09283E-2 2.20637E-2 1.97979E-2 1.80626E-2 1.38928E-2 1.2262E-2
7.79799E-2 1.98893E-2 1.29702E-2 1.14846E-2 7.32384E-3 1.24854E-2 1.37327E-2 1.31353E-2 8.74302E-3 1.56664E-2 1.94309E-2 1.96764E-2 3.33964E-2 5.55899E-2 6.1426E-2 6.87711E-2 5.54905E-2 2.09678E-2 3.26563E-2 3.15675E-2 3.23871E-2 2.32976E-2 2.04022E-2 2.9177E-2 3.83903E-2 2.77273E-2 3.06278E-2 3.56979E-2 3.23464E-2 2.55469E-2 1.89681E-2 1.78458E-2 2.59088E-2 2.71527E-2 2.45581E-2 3.17729E-2 2.45193E-2 2.02693E-2 2.43337E-2 2.78493E-2 2.82421E-2 2.12672E-2 1.90654E-2 1.98777E-2 1.90834E-2 1.9947E-2 2.2615E-2 2.47307E-2 2.67382E-2 3.10884E-2 3.42534E-2 3.84583E-2 2.10856E-2 1.86355E-2 1.91631E-2 1.96261E-2 2.20925E-2 2.28343E-2 2.02608E-2 2.20093E-2 1.88997E-2 1.79852E-2 1.44807E-2 1.27535E-2 1.36049E-2
3.40843E-2 1.96398E-2 1.26036E-2 7.27782E-3 8.98905E-3 1.7594E-2 1.82315E-2 1.36299E-2 9.1823E-3 1.80967E-2 2.08112E-2 2.35987E-2 4.92791E-2 7.6539E-2 9.50352E-2 6.89255E-2 3.71489E-2 1.99477E-2 3.08304E-2 2.71055E-2 2.62595E-2 1.98861E-2 2.02885E-2 2.2036E-2 3.54615E-2 2.54275E-2 2.9687E-2 3.21553E-2 3.17438E-2 2.70991E-2 2.24561E-2 2.76248E-2 2.59328E-2 2.74848E-2 2.33427E-2 2.20424E-2 2.04152E-2 2.03216E-2 2.37162E-2 2.67001E-2 2.76069E-2 2.28806E-2 1.82016E-2 1.99465E-2 2.05097E-2 1.73742E-2 1.89646E-2 2.25889E-2 2.61454E-2 2.55424E-2 3.03067E-2 4.2779E-2 5.07301E-2 3.12938E-2 2.33625E-2 2.38532E-2 1.88661E-2 2.26273E-2 2.41784E-2 2.44628E-2 1.97649E-2 1.55836E-2 1.6455E-2 1.34187E-2 1.44165E-2
2.5172E-2 2.06325E-2 1.42958E-2 1.33563E-2 2.36566E-2 2.29346E-2 2.96212E-2 1.29046E-2 1.43464E-2 2.3298E-2 2.39792E-2 3.209E-2 6.287E-2 9.77414E-2 1.07066E-1 7.21765E-2 2.8168E-2 3.54284E-2 2.3444E-2 2.53136E-2 2.25108E-2 2.0625E-2 1.66418E-2 1.58141E-2 3.25564E-2 2.42531E-2 2.71858E-2 2.79848E-2 2.8119E-2 3.09764E-2 3.52863E-2 3.06542E-2 2.34307E-2 2.17404E-2 2.1071E-2 2.13839E-2 2.16556E-2 2.28386E-2 2.24098E-2 2.38377E-2 2.38233E-2 2.67641E-2 2.55038E-2 2.5062E-2 2.25025E-2 1.90713E-2 1.87285E-2 2.59237E-2 2.67754E-2 2.32212E-2 2.5922E-2 4.04871E-2 5.2726E-2 5.44728E-2 2.64696E-2 2.39032E-2 2.38012E-2 2.46827E-2 2.24574E-2 2.36657E-2 1.87496E-2 1.86591E-2 1.97733E-2 2.21848E-2 2.29646E-2
2.18623E-2 1.06764E-2 1.69985E-2 2.50792E-2 3.13414E-2 2.86782E-2 1.89781E-2 1.39674E-2 1.75303E-2 2.72973E-2 2.58509E-2 2.55293E-2 4.88759E-2 7.93742E-2 1.23926E-1 6.44428E-2 3.38052E-2 2.51788E-2 3.13987E-2 2.68725E-2 2.46323E-2 2.32996E-2 1.52863E-2 1.69172E-2 3.30314E-2 2.77157E-2 2.14329E-2 2.50128E-2 2.7394E-2 2.98445E-2 3.39509E-2 3.07636E-2 2.50484E-2 2.43027E-2 2.37271E-2 2.42089E-2 2.23465E-2 2.69922E-2 2.91861E-2 2.72533E-2 3.75377E-2 3.72002E-2 3.13255E-2 2.50843E-2 2.28671E-2 2.03297E-2 2.0396E-2 3.3726E-2 3.90213E-2 3.97718E-2 3.35969E-2 3.11343E-2 4.21079E-2 4.4839E-2 2.94664E-2 2.53025E-2 2.28571E-2 2.02363E-2 1.90424E-2 1.70505E-2 1.57756E-2 1.74218E-2 1.33676E-2 1.48719E-2 1.98387E-2
1.97147E-2 1.0033E-2 2.63502E-2 3.59272E-2 3.82592E-2 2.68507E-2 2.12942E-2 2.02176E-2 2.52314E-2 3.12357E-2 2.69765E-2 2.42683E-2 2.66851E-2 3.74079E-2 8.67827E-2 5.21235E-2 2.6364E-2 4.02618E-2 2.38981E-2 1.78129E-2 2.22299E-2 1.91601E-2 1.76035E-2 2.23466E-2 3.65527E-2 4.00477E-2 2.48357E-2 2.70021E-2 2.69866E-2 2.65358E-2 2.74818E-2 2.77234E-2 2.65672E-2 2.98741E-2 2.23416E-2 2.84819E-2 2.88901E-2 3.23208E-2 3.17326E-2 3.09821E-2 3.5709E-2 3.82266E-2 2.84604E-2 2.52191E-2 2.20397E-2 1.87094E-2 2.09114E-2 2.91865E-2 4.37332E-2 4.32696E-2 4.05826E-2 3.6533E-2 2.82136E-2 2.37207E-2 2.42591E-2 2.68844E-2 2.5148E-2 1.81306E-2 1.81959E-2 1.6452E-2 1.64105E-2 1.82733E-2 1.22262E-2 1.10915E-2 1.25323E-2
1.15954E-2 1.18254E-2 2.67212E-2 3.72989E-2 4.70938E-2 3.05426E-2 2.81204E-2 3.41682E-2 3.77584E-2 3.52072E-2 3.40642E-2 3.1419E-2 3.51304E-2 2.87631E-2 4.79339E-2 3.06458E-2 3.02605E-2 3.69216E-2 1.19277E-2 1.66584E-2 1.69715E-2 1.47826E-2 1.7569E-2 1.84757E-2 3.42083E-2 4.59823E-2 2.54947E-2 2.63369E-2 3.09216E-2 2.01706E-2 2.07E-2 2.3354E-2 2.5155E-2 2.95112E-2 2.50912E-2 2.06092E-2 2.97504E-2 3.12741E-2 3.37363E-2 3.31714E-2 3.208E-2 4.31299E-2 3.86781E-2 3.60067E-2 2.85458E-2 2.12791E-2 2.39742E-2 2.48553E-2 3.08972E-2 3.4306E-2 3.53816E-2 3.39019E-2 2.91562E-2 2.63072E-2 2.50338E-2 3.62473E-2 3.41327E-2 2.08139E-2 1.37697E-2 1.51393E-2 1.85152E-2 2.31016E-2 1.90085E-2 1.5752E-2 1.35524E-2
7.63855E-3 1.05694E-2 3.85283E-2 1.16506E-2 1.32294E-2 3.70342E-2 3.5843E-2 4.29567E-2 5.35639E-2 3.14308E-2 2.56789E-2 2.60138E-2 2.8768E-2 2.91962E-2 3.00932E-2 2.40818E-2 2.30018E-2 2.21503E-2 1.31462E-2 2.00467E-2 2.08393E-2 1.63958E-2 1.55503E-2 1.81234E-2 3.45348E-2 3.1758E-2 2.40109E-2 2.2556E-2 2.82628E-2 1.59061E-2 1.30198E-2 1.46975E-2 2.07815E-2 2.84392E-2 2.88432E-2 1.8056E-2 2.64876E-2 2.9998E-2 2.83892E-2 3.4924E-2 4.14757E-2 4.55058E-2 4.67725E-2 4.18048E-2 3.75243E-2 2.72337E-2 2.86131E-2 2.81462E-2 3.54446E-2 3.62149E-2 3.42925E-2 3.82453E-2 3.49722E-2 2.79649E-2 1.99568E-2 2.16456E-2 1.78118E-2 1.39594E-2 1.26247E-2 1.32833E-2 2.11887E-2 1.85113E-2 2.69284E-2 2.07265E-2 1.65076E-2
9.5732E-3 1.22146E-2 5.0684E-2 3.23706E-2 1.85064E-2 3.50664E-2 5.15554E-2 6.27996E-2 5.26108E-2 3.97041E-2 2.9714E-2 5.26191E-2 3.70467E-2 1.95484E-2 2.63499E-2 1.63799E-2 1.06855E-2 1.43528E-2 1.13746E-2 8.93826E-3 1.42494E-2 1.41178E-2 1.33871E-2 1.802E-2 3.05183E-2 2.68858E-2 2.50251E-2 2.42045E-2 1.99695E-2 1.40852E-2 1.11588E-2 1.36151E-2 1.85116E-2 2.80918E-2 2.86748E-2 1.86008E-2 2.43475E-2 2.62791E-2 3.1578E-2 3.40263E-2 2.47321E-2 2.1191E-2 3.37013E-2 4.10542E-2 3.93831E-2 3.55524E-2 2.9847E-2 3.00315E-2 3.85918E-2 4.15326E-2 4.42412E-2 4.45329E-2 4.97506E-2 4.24285E-2 1.49227E-2 1.21642E-2 1.17501E-2 1.17091E-2 1.16403E-2 1.2418E-2 1.85178E-2 1.88096E-2 2.70387E-2 3.20517E-2 3.028E-2
1.2462E-2 1.42654E-2 3.02195E-2 4.22504E-2 3.78268E-2 5.48011E-2 5.99165E-2 5.86488E-2 5.73756E-2 5.85444E-2 6.58973E-2 4.30088E-2 2.02036E-2 1.68314E-2 1.92943E-2 1.09411E-2 6.29335E-3 6.32986E-3 1.15978E-2 1.08969E-2 9.30092E-3 1.47874E-2 1.47135E-2 2.48687E-2 2.11303E-2 2.3308E-2 2.51808E-2 2.36187E-2 1.57977E-2 1.35309E-2 1.33107E-2 1.48986E-2 1.64268E-2 2.97818E-2 2.99236E-2 2.6538E-2 2.92343E-2 3.16622E-2 3.2432E-2 3.10177E-2 2.64019E-2 2.44898E-2 2.78789E-2 3.85189E-2 3.82836E-2 3.41236E-2 1.80493E-2 2.29993E-2 2.95689E-2 2.71622E-2 2.819E-2 2.77067E-2 3.09338E-2 3.14895E-2 2.63779E-2 1.42726E-2 1.15593E-2 1.14652E-2 1.43785E-2 1.66258E-2 2.35679E-2 2.57771E-2 2.73904E-2 2.45302E-2 3.20302E-2
6.58734E-3 1.84803E-2 3.0077E-2 4.0794E-2 6.69612E-2 6.90952E-2 5.28055E-2 6.45802E-2 6.94438E-2 6.76089E-2 5.31091E-2 4.07762E-2 3.21698E-2 2.64002E-2 1.75031E-2 1.27899E-2 8.59889E-3 4.08807E-3 8.54151E-3 1.24805E-2 1.3527E-2 2.06286E-2 1.67463E-2 2.36162E-2 2.17784E-2 4.6296E-2 5.61115E-2 3.7552E-2 2.0396E-2 1.61526E-2 1.35709E-2 1.52364E-2 1.84347E-2 3.09339E-2 3.09146E-2 3.10536E-2 3.0565E-2 3.25973E-2 3.27996E-2 3.00902E-2 2.5846E-2 2.52661E-2 2.78086E-2 3.06361E-2 3.70879E-2 2.94232E-2 1.51836E-2 1.57768E-2 1.93534E-2 1.79012E-2 1.28419E-2 1.55623E-2 2.09743E-2 2.64624E-2 3.23834E-2 2.51855E-2 2.35516E-2 1.12948E-2 1.66674E-2 2.15879E-2 2.81237E-2 3.05763E-2 2.3448E-2 2.26339E-2 1.92098E-2
6.80522E-3 1.26906E-2 4.33497E-2 5.98068E-2 4.99252E-2 7.7024E-2 7.70448E-2 7.45263E-2 8.54472E-2 8.66553E-2 6.66455E-2 4.70734E-2 3.10144E-2 2.37171E-2 1.88719E-2 1.73072E-2 1.61979E-2 7.1195E-3 1.28292E-2 1.37736E-2 2.03257E-2 1.82477E-2 1.28044E-2 1.45635E-2 2.17261E-2 3.52652E-2 5.51326E-2 3.81687E-2 2.81264E-2 1.9376E-2 1.41657E-2 1.63276E-2 3.09588E-2 3.17479E-2 3.04573E-2 2.98779E-2 2.98669E-2 3.19542E-2 2.90486E-2 3.24811E-2 2.77004E-2 2.68806E-2 2.72735E-2 2.7578E-2 3.26554E-2 1.90476E-2 1.85102E-2 1.77974E-2 1.80181E-2 1.72453E-2 1.45637E-2 1.38782E-2 1.40508E-2 1.75554E-2 2.10296E-2 2.52657E-2 2.70257E-2 1.40972E-2 1.83642E-2 2.54689E-2 2.95812E-2 3.25638E-2 1.7155E-2 1.77942E-2 1.61361E-2
9.97451E-3 2.5614E-2 7.18495E-2 6.54778E-2 7.4489E-2 6.21513E-2 8.61891E-2 9.81047E-2 8.62906E-2 8.59483E-2 6.26696E-2 5.11858E-2 3.87468E-2 3.01344E-2 2.44593E-2 2.13266E-2 1.94169E-2 1.77407E-2 1.63874E-2 1.42642E-2 1.41972E-2 1.70098E-2 7.18303E-3 1.40656E-2 1.92887E-2 2.24019E-2 2.35267E-2 2.91961E-2 2.7195E-2 2.49298E-2 1.73695E-2 1.73891E-2 3.02203E-2 3.19881E-2 3.15395E-2 3.28746E-2 3.27544E-2 2.71153E-2 2.568E-2 3.24042E-2 2.86255E-2 2.61331E-2 2.43901E-2 2.26426E-2 2.62472E-2 2.66205E-2 2.62541E-2 2.25988E-2 1.89571E-2 1.66993E-2 1.38703E-2 1.20339E-2 1.36363E-2 1.46564E-2 1.74741E-2 2.38501E-2 3.01317E-2 2.11717E-2 2.58176E-2 2.2712E-2 2.9599E-2 3.10408E-2 1.81837E-2 1.72039E-2 1.83367E-2
2.04098E-2 7.75276E-2 7.55477E-2 6.48801E-2 6.67714E-2 8.02195E-2 8.57645E-2 9.35314E-2 8.71252E-2 7.1319E-2 5.46981E-2 4.97504E-2 4.94173E-2 4.43199E-2 3.52142E-2 2.59421E-2 1.61819E-2 2.03639E-2 1.89012E-2 1.38961E-2 6.93236E-3 5.67681E-3 8.33505E-3 8.22824E-3 1.21287E-2 1.8069E-2 1.81693E-2 2.23077E-2 2.57971E-2 2.56066E-2 1.96369E-2 2.30331E-2 2.97868E-2 3.33984E-2 3.57241E-2 2.8501E-2 2.2531E-2 1.81645E-2 1.98151E-2 2.57925E-2 2.96063E-2 2.51351E-2 2.13514E-2 2.16505E-2 2.23447E-2 2.37107E-2 1.87875E-2 2.12956E-2 2.56881E-2 2.48918E-2 1.78122E-2 1.62458E-2 1.5458E-2 1.46228E-2 1.94807E-2 2.09222E-2 2.74688E-2 2.30095E-2 2.54284E-2 2.6261E-2 2.71626E-2 2.65097E-2 1.47473E-2 2.13223E-2 2.88782E-2
4.24745E-2 8.97784E-2 7.84141E-2 6.33877E-2 6.24375E-2 7.66054E-2 9.46803E-2 4.31216E-2 8.52919E-2 7.3415E-2 5.6632E-2 5.62632E-2 5.7545E-2 5.03776E-2 4.58332E-2 2.95545E-2 2.0453E-2 6.17389E-3 4.32372E-3 1.46679E-2 1.59446E-2 7.19408E-3 7.10772E-3 5.57234E-3 1.23026E-2 1.76537E-2 1.74621E-2 1.69549E-2 3.16283E-2 3.49303E-2 2.54862E-2 2.47773E-2 2.7563E-2 2.99027E-2 1.47392E-2 1.67682E-2 1.64686E-2 1.41842E-2 1.55102E-2 2.13814E-2 3.1611E-2 2.84955E-2 2.44486E-2 1.96766E-2 1.69215E-2 1.77985E-2 1.74258E-2 2.44483E-2 2.76795E-2 2.91803E-2 1.99586E-2 2.42368E-2 2.11234E-2 1.61028E-2 1.63781E-2 1.77089E-2 2.1254E-2 2.02046E-2 2.08127E-2 2.29361E-2 2.35342E-2 2.17945E-2 1.42912E-2 2.24077E-2 2.95025E-2
