layers/carib.asc
ncols         638
nrows         825
xllcorner     -2985163.8955
yllcorner     -3022031.214
cellsize      10000.0
NODATA_value  -9999
[rows 696 to 724 of 825, columns 195 to 259 of 638]
3.36072E-4 7.38943E-4 2.42678E-3 2.09641E-3 2.05393E-3 1.69544E-3 7.07271E-4 1.04193E-4 7.4913E-5 6.62851E-5 1.91872E-4 1.55681E-4 1.65926E-4 1.66793E-4 1.26289E-4 1.27065E-4 1.58661E-4 2.09338E-4 2.30551E-4 1.97344E-4 6.67594E-5 7.31795E-5 7.00619E-5 6.09963E-5 6.56017E-5 7.27451E-5 7.04472E-5 1.92835E-4 2.01007E-4 2.20494E-4 2.49663E-4 1.9489E-4 2.23985E-4 2.09988E-4 2.94001E-4 4.05045E-4 3.33664E-4 3.61014E-4 4.8769E-4 5.52045E-4 6.56991E-4 5.50147E-4 4.9828E-4 5.7088E-4 1.3071E-4 2.62069E-4 2.06369E-3 1.72217E-3 1.09851E-3 7.87141E-4 1.43895E-4 1.23108E-4 9.77847E-5 3.78496E-4 8.39717E-4 1.61595E-3 1.2649E-3 2.76643E-3 8.60059E-4 -9999 -9999 -9999 -9999 -9999 -9999
3.01095E-4 1.20156E-3 2.21682E-3 3.32512E-3 5.39212E-3 3.98056E-3 2.82673E-3 1.03923E-3 3.95587E-4 1.82526E-4 3.06026E-4 2.77459E-4 3.38316E-4 2.55534E-4 1.34633E-4 9.58233E-5 1.50488E-4 2.28429E-4 2.3262E-4 1.71247E-4 7.84417E-5 7.47701E-5 7.43146E-5 6.70627E-5 6.50619E-5 6.66178E-5 6.81139E-5 6.87557E-5 7.34484E-5 9.88714E-5 2.28564E-4 2.19528E-4 2.07511E-4 2.31942E-4 3.29082E-4 3.63616E-4 2.2753E-4 2.3954E-4 2.87078E-4 2.84178E-4 5.21343E-4 6.98861E-4 6.74139E-4 9.6087E-4 1.12349E-3 5.00179E-4 7.74399E-4 1.93492E-3 1.30286E-3 8.85616E-4 9.32854E-4 5.04818E-4 3.34422E-4 1.33103E-4 2.67442E-4 1.9823E-3 3.56284E-3 3.14918E-3 -9999 -9999 -9999 -9999 -9999 -9999 -9999
2.92731E-4 2.16563E-3 3.27487E-3 2.85839E-3 2.07827E-3 7.5138E-4 4.06272E-4 2.88604E-4 1.61358E-4 4.25998E-4 3.58465E-4 2.38293E-4 2.60021E-4 1.40237E-4 2.05121E-4 5.9529E-5 1.03472E-4 2.05232E-4 1.49103E-4 1.3968E-4 8.09813E-5 6.77491E-5 6.85208E-5 6.43393E-5 6.2986E-5 6.72045E-5 6.50189E-5 7.58013E-5 7.2571E-5 8.12299E-5 1.91185E-4 2.31923E-4 2.5255E-4 2.80938E-4 3.1909E-4 2.35272E-4 1.95393E-4 2.06778E-4 3.52357E-4 3.52177E-4 1.41485E-3 1.43618E-3 1.2119E-3 7.75113E-4 7.86971E-4 9.85022E-4 1.74072E-3 2.33471E-3 1.41949E-3 9.96936E-4 1.22735E-3 1.277E-3 1.00711E-3 1.40154E-3 2.1044E-3 2.91819E-3 2.88951E-3 2.39624E-3 -9999 -9999 -9999 -9999 -9999 -9999 -9999
2.31398E-4 1.80961E-3 5.25287E-3 1.89294E-3 7.47815E-4 4.23864E-4 3.95543E-4 5.91928E-5 5.2263E-5 4.06804E-4 4.00504E-4 3.14031E-4 2.36109E-4 7.45069E-5 2.17204E-4 6.77597E-5 9.56771E-5 1.97633E-4 1.59728E-4 7.43104E-5 1.39361E-4 6.99278E-5 5.64772E-5 5.80649E-5 6.4061E-5 6.61096E-5 7.21854E-5 6.52185E-5 6.74999E-5 2.05889E-4 1.55891E-4 2.54488E-4 3.05339E-4 2.58144E-4 1.90279E-4 2.16682E-4 2.37046E-4 2.8823E-4 3.44746E-4 1.01515E-3 5.86978E-3 3.03754E-3 1.39275E-3 6.16998E-4 6.86429E-4 1.17327E-3 1.56473E-3 1.88766E-3 1.7651E-3 1.40806E-3 1.73358E-3 1.73607E-3 1.56526E-3 2.04681E-3 3.30122E-3 2.51447E-3 2.04037E-3 5.23979E-3 -9999 -9999 -9999 -9999 -9999 -9999 -9999
3.33903E-4 1.80891E-3 2.01388E-3 7.8183E-4 5.16291E-4 2.06093E-4 5.20575E-5 1.8809E-5 2.50081E-5 1.01858E-4 2.86641E-4 2.70653E-4 2.64275E-4 2.29671E-4 1.87725E-4 2.13382E-4 1.99834E-4 1.75776E-4 1.43285E-4 1.33877E-4 1.22203E-4 8.55686E-5 5.0438E-5 5.21844E-5 1.46709E-4 5.99496E-5 6.67668E-5 7.72835E-5 7.43532E-5 1.69237E-4 1.79047E-4 2.51554E-4 3.1472E-4 2.44517E-4 2.47004E-4 2.93514E-4 3.38477E-4 3.23182E-4 3.50783E-4 1.34162E-3 6.10837E-3 3.8588E-3 2.17227E-3 9.21602E-4 7.66791E-4 9.27453E-4 1.3626E-3 2.08765E-3 1.44844E-3 1.42784E-3 2.16918E-3 3.69736E-3 3.38245E-3 6.40493E-3 1.18152E-2 1.08346E-2 1.36293E-2 3.55383E-3 -9999 -9999 -9999 -9999 -9999 -9999 -9999
7.44804E-4 8.10507E-4 6.7497E-4 3.81065E-4 2.09488E-4 7.71754E-5 2.67381E-5 1.50086E-5 2.55218E-5 5.12752E-5 5.64903E-5 9.0403E-5 2.22751E-4 2.38856E-4 1.86584E-4 1.4881E-4 1.70519E-4 1.36437E-4 1.27442E-4 1.48146E-4 1.36789E-4 1.16771E-4 1.46394E-4 1.64752E-4 1.72919E-4 6.48137E-5 6.41195E-5 8.44814E-5 1.10672E-4 1.77979E-4 1.56972E-4 1.84416E-4 3.11163E-4 3.37063E-4 3.29762E-4 3.56706E-4 3.72236E-4 3.85135E-4 3.65291E-4 1.25911E-3 6.10568E-3 3.6737E-3 2.52214E-3 1.23448E-3 8.89073E-4 8.71987E-4 1.19596E-3 1.64027E-3 1.48915E-3 1.86374E-3 2.19555E-3 4.56437E-3 8.65793E-3 1.60963E-2 3.89165E-2 1.94728E-2 1.51965E-2 1.38545E-2 -9999 -9999 -9999 -9999 -9999 -9999 -9999
1.00997E-3 8.00026E-4 4.65431E-4 2.5731E-4 2.35969E-4 1.42792E-4 5.35687E-5 1.88846E-5 3.97615E-5 4.85576E-5 1.38122E-4 1.35181E-4 1.63014E-4 1.43754E-4 1.35453E-4 1.29222E-4 1.23513E-4 1.30343E-4 1.3047E-4 1.0271E-4 8.41586E-5 1.49171E-4 1.44254E-4 1.59421E-4 8.95592E-5 9.14643E-5 8.43911E-5 9.21741E-5 8.62705E-5 6.1535E-5 8.24311E-5 1.77583E-4 2.84361E-4 2.99913E-4 3.83607E-4 3.42941E-4 3.84055E-4 5.22873E-4 6.34911E-4 1.24465E-3 2.20861E-3 2.76754E-3 2.94366E-3 1.59199E-3 1.19481E-3 1.20848E-3 1.0478E-3 9.41434E-4 1.71667E-3 2.82381E-3 2.76003E-3 3.77102E-3 4.90251E-3 1.03202E-2 2.42581E-2 1.06188E-2 7.0382E-3 5.28627E-3 -9999 -9999 -9999 -9999 -9999 -9999 -9999
8.29164E-4 5.56626E-4 2.9195E-4 3.22607E-4 2.93658E-4 2.07514E-4 5.92846E-5 7.26957E-5 6.25523E-5 6.57696E-5 1.28322E-4 1.21832E-4 1.50833E-4 1.3964E-4 1.60701E-4 1.25536E-4 1.23006E-4 1.31829E-4 5.65246E-5 4.50188E-5 1.636E-4 1.41345E-4 1.4745E-4 2.18619E-4 1.25902E-4 8.23339E-5 7.87495E-5 8.3503E-5 8.00546E-5 6.49568E-5 7.75901E-5 2.50853E-4 2.67498E-4 3.37922E-4 3.12351E-4 3.0683E-4 3.30541E-4 3.8787E-4 4.42157E-4 7.9872E-4 1.40747E-3 1.77653E-3 1.79423E-3 1.15073E-3 1.11822E-3 1.33688E-3 1.07562E-3 8.61064E-4 1.65796E-3 2.4696E-3 2.23748E-3 2.77381E-3 4.73662E-3 7.12645E-3 9.49049E-3 8.05071E-3 7.4345E-3 1.84551E-4 -9999 -9999 -9999 -9999 -9999 -9999 -9999
3.43259E-4 4.72295E-4 2.62071E-4 2.48824E-4 3.83757E-4 2.25903E-4 3.61304E-5 2.51696E-5 5.96426E-5 5.02504E-5 9.74311E-5 1.0962E-4 1.51224E-4 1.11131E-4 1.16293E-4 1.10792E-4 1.16557E-4 9.70542E-5 1.50258E-4 1.87477E-4 1.62472E-4 1.56637E-4 1.82157E-4 1.96795E-4 2.31616E-4 1.508E-4 1.77312E-4 1.30917E-4 7.40152E-5 6.52254E-5 7.06755E-5 1.62802E-4 3.20495E-4 2.76114E-4 4.04028E-4 2.583E-4 2.61919E-4 2.90394E-4 3.32187E-4 5.44038E-4 1.17598E-3 1.14589E-3 1.10019E-3 8.42551E-4 9.03851E-4 1.61569E-3 1.24545E-3 9.6367E-4 1.78069E-3 2.0147E-3 1.485E-3 2.2929E-3 4.51469E-3 3.77449E-3 3.70282E-3 4.50845E-3 5.58245E-4 -9999 -9999 -9999 -9999 -9999 -9999 -9999 -9999
3.75099E-4 3.40322E-4 2.30608E-4 1.14714E-4 3.4779E-4 1.60756E-4 7.42317E-5 3.71595E-5 4.38058E-5 5.95731E-5 4.78625E-5 5.12878E-5 9.77469E-5 1.37821E-4 1.14652E-4 1.30598E-4 6.20333E-5 6.20883E-5 1.86104E-4 2.08775E-4 1.94512E-4 1.63637E-4 1.90516E-4 1.71152E-4 1.88968E-4 1.74214E-4 1.7163E-4 2.17725E-4 7.33588E-5 6.65339E-5 6.04218E-5 7.56503E-5 1.28916E-4 3.36943E-4 3.24218E-4 2.68811E-4 2.54134E-4 3.14779E-4 2.96695E-4 3.91136E-4 7.27689E-4 1.00099E-3 1.78407E-4 1.206E-3 1.39641E-3 1.49572E-3 1.80824E-3 2.22717E-3 2.66139E-3 2.39209E-3 2.17549E-3 2.95407E-3 5.05807E-3 4.67499E-3 7.02128E-4 1.90123E-4 -9999 -9999 -9999 -9999 -9999 -9999 -9999 -9999 -9999
5.01977E-4 4.31902E-4 4.00047E-4 2.23643E-4 3.28304E-4 3.09567E-4 2.18111E-4 7.03739E-5 3.27946E-5 5.23374E-5 6.72852E-5 5.65317E-5 5.74984E-5 3.95044E-5 4.41985E-5 5.15293E-5 1.10848E-4 1.37847E-4 1.87328E-4 1.17689E-4 2.18113E-4 1.67383E-4 1.64892E-4 1.97385E-4 1.63266E-4 1.65896E-4 1.66821E-4 9.99456E-5 5.91062E-5 6.69284E-5 6.75272E-5 2.43677E-4 3.52365E-4 2.85666E-4 2.34349E-4 2.33553E-4 2.69167E-4 3.47624E-4 3.27741E-4 3.94215E-4 3.15945E-4 9.14246E-4 1.10639E-3 1.31103E-3 1.57349E-3 1.48711E-3 2.35836E-3 3.58037E-3 3.36111E-3 2.93393E-3 2.68265E-3 3.99753E-3 6.1292E-3 1.18386E-3 -9999 -9999 -9999 -9999 -9999 -9999 -9999 -9999 -9999 -9999 -9999
6.06247E-4 4.16179E-4 3.7169E-4 2.98284E-4 2.58595E-4 3.49422E-4 2.44822E-4 1.4752E-4 2.96438E-5 5.38567E-5 6.41315E-5 6.87381E-5 6.72976E-5 1.40091E-4 1.37439E-4 1.38147E-4 8.65524E-5 7.80591E-5 6.60155E-5 2.10851E-4 2.11515E-4 1.6759E-4 1.46985E-4 1.9372E-4 1.49574E-4 1.52811E-4 1.36575E-4 1.40602E-4 6.05141E-5 7.26981E-5 7.06034E-5 2.22967E-4 2.61848E-4 2.67163E-4 2.36027E-4 2.43253E-4 2.59123E-4 2.9494E-4 4.0241E-4 4.52913E-4 4.14065E-4 3.58715E-4 6.74953E-4 1.13638E-3 1.15024E-3 1.20542E-3 1.42836E-3 1.83301E-3 2.72866E-3 3.63064E-3 3.43577E-3 4.86166E-3 1.02718E-3 2.99843E-4 -9999 -9999 -9999 -9999 -9999 -9999 -9999 -9999 -9999 -9999 -9999
4.85758E-4 3.74388E-4 2.73743E-4 1.73965E-4 3.20769E-4 4.54853E-4 2.64944E-4 2.71239E-4 5.74752E-5 5.30743E-5 7.06822E-5 1.24663E-4 1.40327E-4 1.70137E-4 1.80479E-4 1.50419E-4 1.55824E-4 1.68581E-4 1.31452E-4 1.34816E-4 1.37885E-4 1.48523E-4 1.58578E-4 1.93928E-4 1.64275E-4 1.56012E-4 1.25563E-4 4.98456E-5 6.22569E-5 6.30217E-5 7.55774E-5 2.1549E-4 2.55049E-4 2.93804E-4 2.8704E-4 3.07795E-4 3.27468E-4 3.09376E-4 4.73928E-4 5.88909E-4 9.55105E-4 9.75784E-4 8.51452E-4 1.21851E-3 1.33741E-3 1.33235E-3 1.60816E-3 1.90517E-3 3.77979E-3 6.08763E-3 1.18007E-3 2.39006E-4 3.38707E-4 -9999 -9999 -9999 -9999 -9999 -9999 -9999 -9999 -9999 -9999 -9999 -9999
5.935E-4 5.69003E-4 5.00523E-4 2.48501E-4 3.16242E-4 6.20202E-4 3.08365E-4 8.11823E-5 1.17761E-4 9.32555E-5 4.62246E-5 1.36161E-4 1.83809E-4 1.2047E-4 1.15425E-4 1.26059E-4 1.32159E-4 1.3991E-4 1.50651E-4 1.88798E-4 2.25254E-4 8.3195E-5 1.74989E-4 1.19349E-4 1.32884E-4 1.52156E-4 1.36961E-4 5.98132E-5 7.87339E-5 7.7897E-5 9.54687E-5 1.26398E-4 3.02813E-4 2.48356E-4 2.64459E-4 2.84791E-4 3.4288E-4 5.56642E-4 8.76743E-4 1.20605E-3 1.37526E-3 1.20216E-3 1.30939E-3 1.42707E-3 1.67915E-3 1.76898E-3 2.62466E-3 4.12563E-3 6.28839E-3 1.25623E-3 1.53629E-4 -9999 -9999 -9999 -9999 -9999 -9999 -9999 -9999 -9999 -9999 -9999 -9999 -9999 -9999
2.74719E-4 3.46959E-4 6.20581E-4 3.78018E-4 2.84598E-4 5.34161E-4 9.69105E-5 2.88563E-5 9.73684E-5 8.628E-5 6.99364E-5 6.23984E-5 4.61873E-5 1.00823E-4 8.55207E-5 9.27696E-5 1.10948E-4 1.32954E-4 1.45907E-4 1.8796E-4 1.60481E-4 1.52552E-4 1.81878E-4 1.33342E-4 1.42453E-4 1.82419E-4 1.97938E-4 7.28459E-5 8.29956E-5 8.1248E-5 9.84484E-5 3.18108E-4 2.19414E-4 2.40227E-4 2.9218E-4 1.59934E-4 7.65009E-5 5.24504E-4 7.92977E-4 9.79087E-4 1.31139E-3 1.78009E-3 5.35945E-4 1.00496E-3 1.27324E-3 2.14301E-3 4.50964E-3 6.40995E-3 6.31667E-4 5.70466E-4 -9999 -9999 -9999 -9999 -9999 -9999 -9999 -9999 -9999 -9999 -9999 -9999 -9999 -9999 -9999
1.47027E-4 1.28721E-4 2.15333E-4 4.85999E-4 2.11069E-4 2.19078E-4 6.71598E-5 2.44757E-5 4.69136E-5 6.34626E-5 6.30837E-5 4.68731E-5 3.30149E-5 9.40331E-5 8.64317E-5 7.9984E-5 9.11773E-5 1.13623E-4 1.25774E-4 1.83543E-4 1.67397E-4 1.00837E-4 2.09911E-4 1.46724E-4 1.28681E-4 1.33164E-4 1.78672E-4 2.39004E-4 2.58268E-4 2.41158E-4 2.34729E-4 1.90365E-4 2.41025E-4 1.48019E-4 2.64924E-5 3.03818E-5 4.63724E-5 2.71738E-4 6.23256E-4 7.33595E-4 1.09688E-3 2.06058E-3 1.85391E-3 7.51276E-4 1.19995E-3 3.16115E-3 5.83863E-3 1.74088E-2 -9999 -9999 -9999 -9999 -9999 -9999 -9999 -9999 -9999 -9999 -9999 -9999 -9999 -9999 -9999 -9999 -9999
1.08017E-4 1.32041E-4 2.63658E-4 5.91573E-4 1.55997E-4 2.20381E-4 7.02569E-5 2.84555E-5 4.65874E-5 4.68771E-5 5.55882E-5 9.23223E-5 1.07687E-4 1.31975E-4 1.47438E-4 1.31453E-4 1.63354E-4 1.40892E-4 1.68349E-4 2.21794E-4 1.55302E-4 1.86839E-4 1.94437E-4 1.51294E-4 1.34687E-4 1.52552E-4 1.55276E-4 1.57123E-4 1.92748E-4 2.01955E-4 1.65931E-4 1.66546E-4 2.24864E-4 2.28845E-5 2.51678E-5 3.50445E-5 7.16826E-5 4.526E-4 5.06206E-4 5.92632E-4 8.55488E-4 7.11799E-4 6.71764E-4 4.77322E-4 9.16094E-4 2.83437E-3 6.11078E-3 -9999 -9999 -9999 -9999 -9999 -9999 -9999 -9999 -9999 -9999 -9999 -9999 -9999 -9999 -9999 -9999 -9999 -9999
5.90912E-5 1.45997E-4 7.11064E-4 7.51632E-4 3.22937E-4 2.14604E-4 7.47568E-5 2.99167E-5 4.76948E-5 4.66044E-5 4.63597E-5 1.35674E-4 1.50637E-4 1.56226E-4 1.67287E-4 1.40294E-4 2.03741E-4 1.98834E-4 2.01552E-4 1.60897E-4 1.58313E-4 1.8467E-4 2.32743E-4 1.56473E-4 1.74031E-4 1.45098E-4 1.21566E-4 1.38807E-4 1.69388E-4 1.79973E-4 1.99143E-4 2.45546E-5 2.23837E-5 3.2783E-5 5.45612E-5 9.2956E-5 3.85414E-4 4.94798E-4 6.01302E-4 5.81938E-4 5.89947E-4 3.78374E-4 3.87538E-4 4.14188E-4 6.29664E-4 3.05889E-4 -9999 -9999 -9999 -9999 -9999 -9999 -9999 -9999 -9999 -9999 -9999 -9999 -9999 -9999 -9999 -9999 -9999 -9999 -9999
8.4798E-5 6.68369E-5 4.82654E-4 8.03488E-4 4.93369E-4 4.85737E-4 4.92944E-4 1.44809E-4 4.90333E-5 3.91358E-5 3.13378E-5 6.57758E-5 1.5324E-4 1.64949E-4 2.18768E-4 1.47999E-4 9.8818E-5 8.77407E-5 7.0771E-5 9.0516E-5 1.40536E-4 7.50284E-5 2.24016E-4 1.3215E-4 2.04113E-4 2.06217E-4 1.36992E-4 1.53774E-4 1.82127E-4 1.89413E-4 1.89136E-4 2.26453E-4 4.70157E-5 8.54376E-5 3.00872E-4 3.51293E-4 3.33665E-4 3.91533E-4 8.02113E-4 7.3089E-4 3.80432E-4 4.62518E-4 1.0589E-3 1.89239E-3 6.72168E-4 8.64203E-5 -9999 -9999 -9999 -9999 -9999 -9999 -9999 -9999 -9999 -9999 -9999 -9999 -9999 -9999 -9999 -9999 -9999 -9999 -9999
4.23573E-4 2.75071E-4 3.70608E-4 2.37157E-4 4.76102E-4 2.39278E-4 5.79581E-4 3.73936E-4 6.09944E-5 4.44902E-5 4.38522E-5 3.17432E-5 1.4665E-4 1.85462E-4 2.38211E-4 1.7179E-4 1.35798E-4 2.4111E-4 2.6941E-4 1.9909E-4 1.95767E-4 7.43509E-5 2.05148E-4 1.58334E-4 2.29094E-4 2.8242E-4 2.5466E-4 1.98595E-4 2.17809E-4 1.88988E-4 1.98027E-4 2.58978E-4 8.05639E-5 2.77476E-4 3.03695E-4 3.05598E-4 6.85801E-5 3.42921E-4 5.10439E-4 1.93595E-4 3.68316E-4 1.4486E-3 3.56546E-3 7.72134E-3 3.74477E-3 2.81752E-4 -9999 -9999 -9999 -9999 -9999 -9999 -9999 -9999 -9999 -9999 -9999 -9999 -9999 -9999 -9999 -9999 -9999 -9999 -9999
3.19753E-4 2.75632E-4 2.27509E-4 5.63223E-5 5.23821E-5 1.21854E-4 1.73301E-4 3.95434E-4 2.82139E-4 2.04479E-4 5.55831E-5 1.14167E-4 2.91673E-5 1.09139E-4 1.6134E-4 1.75656E-4 1.51858E-4 1.948E-4 2.20139E-4 1.6762E-4 9.69542E-5 5.23615E-5 7.77651E-5 1.98324E-4 2.04294E-4 2.39682E-4 2.53799E-4 2.76549E-4 5.24588E-4 2.66582E-4 2.05802E-4 2.2402E-4 2.80362E-4 2.67487E-4 2.8348E-4 1.31891E-4 8.43111E-5 2.83185E-4 3.04324E-4 3.25169E-4 3.48012E-4 9.14582E-4 2.38041E-3 4.19782E-3 2.99694E-3 2.59975E-4 -9999 -9999 -9999 -9999 -9999 -9999 -9999 -9999 -9999 -9999 -9999 -9999 -9999 -9999 -9999 -9999 -9999 -9999 -9999
3.84035E-4 2.36892E-4 5.84559E-5 3.46905E-5 3.80697E-5 6.63716E-5 9.79291E-5 1.88666E-4 1.6449E-4 1.97657E-4 2.11707E-4 1.57185E-4 1.1344E-4 3.83965E-5 1.46754E-4 1.55309E-4 1.4818E-4 7.01803E-5 1.89618E-4 5.54153E-5 9.37632E-5 7.53642E-5 8.40845E-5 2.52215E-4 1.58742E-4 1.76867E-4 1.81173E-4 3.9767E-4 9.36051E-4 4.27228E-4 4.50944E-4 5.91365E-4 5.26914E-4 3.71115E-4 4.11234E-4 2.95728E-4 2.8932E-4 3.65579E-4 7.03385E-4 1.08801E-3 5.43944E-4 1.23754E-3 4.66697E-3 5.01593E-3 7.8005E-4 2.21691E-4 -9999 -9999 -9999 -9999 -9999 -9999 -9999 -9999 -9999 -9999 -9999 -9999 -9999 -9999 -9999 -9999 -9999 -9999 -9999
2.78947E-4 1.52589E-4 2.19368E-5 3.87226E-5 3.97431E-5 4.95517E-5 6.13169E-5 7.97211E-5 9.66604E-5 1.48968E-4 1.53997E-4 1.73133E-4 6.49099E-5 4.08106E-5 1.27116E-4 1.36111E-4 1.43E-4 1.82651E-4 1.85423E-4 1.61055E-4 7.37186E-5 5.40355E-5 5.68672E-5 8.35621E-5 9.41717E-5 4.64253E-4 1.07427E-3 1.09045E-3 1.26634E-3 9.28553E-4 7.77917E-4 2.03724E-3 4.16906E-3 8.11093E-3 8.07758E-4 3.91677E-4 4.54999E-4 8.64921E-4 9.38681E-3 8.15371E-3 9.08324E-3 5.02404E-3 1.29336E-2 1.20222E-2 2.79705E-4 -9999 -9999 -9999 -9999 -9999 -9999 -9999 -9999 -9999 -9999 -9999 -9999 -9999 -9999 -9999 -9999 -9999 -9999 -9999 -9999
1.68621E-4 3.90611E-5 1.20854E-5 1.30019E-4 1.79129E-4 7.62767E-5 7.81625E-5 6.28942E-5 6.47892E-5 9.31285E-5 1.90849E-4 1.99552E-4 1.73098E-4 4.37569E-5 9.72745E-5 1.45068E-4 1.48107E-4 1.07635E-4 1.23578E-4 1.39433E-4 1.57808E-4 1.84948E-4 1.99837E-4 2.11096E-4 3.44083E-4 6.6205E-4 9.49212E-4 1.58188E-3 3.61418E-3 2.56691E-3 5.43449E-3 3.15923E-3 3.83323E-3 4.04463E-3 1.05979E-3 5.36124E-4 6.45432E-4 1.34601E-3 5.46781E-3 2.93832E-3 1.5308E-3 5.12463E-3 7.07382E-3 7.20065E-3 1.82436E-4 -9999 -9999 -9999 -9999 -9999 -9999 -9999 -9999 -9999 -9999 -9999 -9999 -9999 -9999 -9999 -9999 -9999 -9999 -9999 -9999
5.02205E-5 3.87297E-5 1.02654E-5 1.77543E-4 5.12158E-4 3.31487E-4 2.78321E-4 2.08074E-4 9.03053E-5 1.11371E-4 1.87131E-4 1.95859E-4 1.63418E-4 1.75867E-4 1.83028E-4 1.48779E-4 1.20029E-4 4.35216E-5 6.1979E-5 1.49058E-4 1.43607E-4 1.7123E-4 2.20447E-4 3.13774E-4 6.90338E-4 1.06517E-3 1.03552E-3 2.1164E-3 2.52188E-3 5.08658E-3 7.0328E-3 1.27028E-2 1.13987E-2 8.27564E-3 4.36236E-3 2.89248E-3 5.03473E-3 9.33447E-3 1.99516E-2 2.51319E-3 1.8544E-3 3.27873E-3 1.04026E-3 5.01642E-3 1.60925E-4 -9999 -9999 -9999 -9999 -9999 -9999 -9999 -9999 -9999 -9999 -9999 -9999 -9999 -9999 -9999 -9999 -9999 -9999 -9999 -9999
1.89758E-5 5.08896E-5 2.20022E-5 2.27926E-4 8.77714E-5 3.27701E-4 4.70298E-4 3.1127E-4 2.50644E-4 2.16038E-4 1.66413E-4 1.36254E-4 1.44681E-4 1.65562E-4 1.20281E-4 1.07482E-4 1.11881E-4 1.55442E-4 1.80874E-4 1.88158E-4 2.92568E-4 4.50102E-4 5.79784E-4 7.58865E-4 1.13303E-3 1.82094E-3 2.33298E-3 8.75599E-4 4.96457E-4 8.73021E-4 2.88742E-3 5.02182E-3 8.7355E-3 5.35553E-3 4.08293E-3 2.9818E-3 9.54774E-3 1.03006E-2 9.09281E-3 6.00759E-3 3.39842E-3 1.17794E-3 9.87807E-4 5.68487E-3 2.16917E-4 -9999 -9999 -9999 -9999 -9999 -9999 -9999 -9999 -9999 -9999 -9999 -9999 -9999 -9999 -9999 -9999 -9999 -9999 -9999 -9999
4.29455E-5 1.86585E-5 4.7335E-5 1.72556E-4 9.39197E-6 1.78086E-5 1.28746E-5 1.5156E-4 1.51629E-4 1.2917E-4 1.28483E-4 1.08908E-4 9.37323E-5 1.30565E-4 1.09733E-4 1.19093E-4 1.28861E-4 1.22186E-4 1.46906E-4 1.75882E-4 2.22634E-4 2.44428E-4 1.56163E-4 1.18049E-4 1.3394E-4 3.16899E-4 1.59535E-4 4.35935E-4 3.69225E-4 4.30749E-4 1.30691E-3 4.91332E-3 3.96528E-3 1.92354E-3 4.35769E-4 2.36386E-3 1.22773E-2 1.60174E-2 4.16853E-3 4.0148E-3 5.01774E-3 6.25292E-3 5.8108E-3 4.5987E-3 1.45224E-4 -9999 -9999 -9999 -9999 -9999 -9999 -9999 -9999 -9999 -9999 -9999 -9999 -9999 -9999 -9999 -9999 -9999 -9999 -9999 -9999
3.78288E-5 3.81813E-5 1.44437E-5 9.46964E-5 1.30821E-4 1.59137E-4 7.57469E-5 3.79905E-5 2.62187E-6 4.03917E-6 8.9377E-6 6.76889E-5 8.82927E-5 1.13915E-4 6.55273E-5 1.08232E-4 1.58339E-4 1.19278E-4 1.03298E-4 2.13837E-4 1.56E-4 6.56821E-5 4.93109E-5 4.93183E-5 6.0186E-5 6.37162E-5 7.18391E-5 8.76543E-5 2.8205E-4 4.21166E-4 8.82557E-4 5.20962E-3 7.36419E-3 4.22558E-3 2.16834E-3 6.24999E-4 1.00113E-2 2.65768E-2 1.21727E-2 3.07102E-3 2.6348E-3 3.364E-3 5.44868E-3 1.50118E-3 -9999 -9999 -9999 -9999 -9999 -9999 -9999 -9999 -9999 -9999 -9999 -9999 -9999 -9999 -9999 -9999 -9999 -9999 -9999 -9999 -9999
4.11787E-5 4.74365E-5 1.16658E-5 1.79046E-5 6.26255E-5 9.32077E-5 8.64345E-5 6.9866E-5 8.35929E-5 2.19599E-4 1.03949E-4 1.14642E-4 4.72208E-5 4.34468E-5 4.10368E-5 9.43561E-5 1.23423E-4 1.80386E-4 1.97936E-4 1.67021E-4 1.26598E-4 4.62996E-5 4.5609E-5 5.0092E-5 5.50092E-5 6.89285E-5 9.67186E-5 9.90044E-5 4.77698E-4 7.37242E-4 2.83274E-3 8.89738E-3 9.4334E-3 1.68934E-2 2.1625E-3 1.24911E-3 6.67124E-3 1.02293E-2 3.06556E-3 4.17788E-3 2.506E-3 3.32254E-3 -9999 -9999 -9999 -9999 -9999 -9999 -9999 -9999 -9999 -9999 -9999 -9999 -9999 -9999 -9999 -9999 -9999 -9999 -9999 -9999 -9999 -9999 -9999
