layers/carib.asc
ncols         638
nrows         825
xllcorner     -2985163.8955
yllcorner     -3022031.214
cellsize      10000.0
NODATA_value  -9999
[rows 261 to 289 of 825, columns 390 to 454 of 638]
5.20373E-2 3.01443E-2 3.09854E-2 2.75098E-2 3.03837E-2 3.56173E-2 3.66058E-2 3.62733E-2 2.03352E-2 1.68064E-2 1.7043E-2 1.90842E-2 2.39004E-2 3.3631E-2 4.22541E-2 4.77234E-2 7.80706E-2 1.50555E-1 1.52839E-1 1.23169E-1 9.15232E-2 9.81661E-2 1.44822E-1 1.49671E-1 1.24052E-1 5.56304E-2 4.26367E-2 5.55942E-2 3.99247E-2 6.70222E-2 8.29348E-2 9.5391E-2 6.0072E-2 6.41838E-2 1.40603E-1 1.44166E-1 7.95174E-2 4.74746E-2 4.5678E-2 4.74332E-2 3.95293E-2 2.9549E-2 2.78099E-2 2.76684E-2 2.41444E-2 2.28098E-2 1.8223E-2 1.75595E-2 1.64375E-2 1.59279E-2 1.28724E-2 1.02314E-2 1.00523E-2 8.66004E-3 7.69864E-3 7.42405E-3 8.0405E-3 1.48136E-2 1.55938E-2 1.52265E-2 1.73575E-2 1.98677E-2 1.69522E-2 1.41422E-2 8.07616E-3
5.66776E-2 3.63321E-2 3.23589E-2 3.25707E-2 3.53774E-2 3.3458E-2 3.64538E-2 4.21553E-2 3.75832E-2 1.60752E-2 1.48997E-2 1.75651E-2 2.20871E-2 3.31999E-2 4.66753E-2 6.39456E-2 1.05E-1 1.20046E-1 1.26476E-1 9.52857E-2 7.04487E-2 7.73848E-2 1.0698E-1 1.17571E-1 1.10103E-1 6.26556E-2 4.89588E-2 6.62255E-2 4.14217E-2 7.86712E-2 9.95783E-2 9.09411E-2 7.4962E-2 9.29911E-2 2.27943E-1 1.83732E-1 1.22405E-1 5.54351E-2 5.18594E-2 5.14501E-2 3.78551E-2 3.36866E-2 3.4334E-2 2.52702E-2 2.11085E-2 1.97065E-2 1.60351E-2 1.47714E-2 1.70778E-2 1.03574E-2 9.32646E-3 9.28632E-3 1.01531E-2 8.45142E-3 8.52563E-3 9.91291E-3 1.19104E-2 1.77099E-2 1.98881E-2 1.70039E-2 1.51936E-2 1.58851E-2 1.21524E-2 1.18674E-2 7.1167E-3
5.87184E-2 4.94823E-2 4.41967E-2 3.69395E-2 3.52517E-2 2.80361E-2 2.37671E-2 3.60276E-2 3.47838E-2 1.56351E-2 1.67978E-2 1.98407E-2 2.3157E-2 2.97625E-2 4.71929E-2 7.8517E-2 1.05367E-1 9.93159E-2 8.88972E-2 7.84614E-2 5.83162E-2 5.69253E-2 7.06261E-2 8.27318E-2 1.00926E-1 6.80398E-2 5.17238E-2 8.38547E-2 5.04024E-2 7.05745E-2 8.57717E-2 8.36759E-2 9.42688E-2 1.54041E-1 2.36518E-1 2.28725E-1 2.45226E-1 8.28072E-2 5.23805E-2 4.97927E-2 3.96474E-2 3.22753E-2 3.04747E-2 2.44641E-2 2.10386E-2 1.82992E-2 1.48354E-2 1.28902E-2 1.87669E-2 1.79676E-2 1.10097E-2 1.01684E-2 1.30786E-2 9.20446E-3 1.04428E-2 7.48879E-3 9.99479E-3 1.14179E-2 1.73494E-2 1.58646E-2 1.25937E-2 1.47083E-2 8.82862E-3 6.38432E-3 5.60443E-3
5.61259E-2 5.60959E-2 4.20497E-2 4.26493E-2 3.90492E-2 2.94751E-2 2.19031E-2 1.46023E-2 1.69848E-2 1.42035E-2 1.6827E-2 1.96969E-2 2.32722E-2 2.87085E-2 4.41012E-2 8.06155E-2 6.88752E-2 6.20501E-2 5.83198E-2 5.73551E-2 5.0119E-2 4.61932E-2 4.53812E-2 6.17084E-2 9.43802E-2 5.47985E-2 5.36286E-2 6.13563E-2 6.68204E-2 6.88814E-2 8.95225E-2 7.44852E-2 9.08269E-2 1.44004E-1 1.79863E-1 2.56367E-1 2.78548E-1 1.30154E-1 7.4644E-2 5.95311E-2 4.40577E-2 3.37405E-2 3.07746E-2 2.35891E-2 2.18543E-2 1.9958E-2 1.72771E-2 1.41666E-2 1.80149E-2 1.84039E-2 1.32261E-2 1.3476E-2 1.7439E-2 1.59224E-2 1.4478E-2 1.4449E-2 1.08158E-2 1.06361E-2 1.41371E-2 1.33396E-2 1.44476E-2 1.24314E-2 6.78836E-3 7.55891E-3 6.81485E-3
4.93374E-2 5.21552E-2 4.65171E-2 4.14026E-2 3.92699E-2 3.6553E-2 2.01189E-2 1.60637E-2 1.58294E-2 1.38777E-2 1.62179E-2 1.93818E-2 2.37166E-2 3.13326E-2 4.94209E-2 7.9208E-2 6.01642E-2 4.39816E-2 4.1215E-2 4.21041E-2 4.48658E-2 4.04784E-2 4.31814E-2 5.261E-2 6.4236E-2 4.66957E-2 4.82415E-2 6.81584E-2 6.84728E-2 6.395E-2 7.99331E-2 7.42098E-2 1.03034E-1 1.37097E-1 1.28855E-1 2.09974E-1 2.70024E-1 1.57803E-1 8.40941E-2 7.30248E-2 5.74525E-2 3.52616E-2 3.25664E-2 2.37309E-2 2.53259E-2 2.1424E-2 1.96492E-2 1.67609E-2 1.44279E-2 1.93614E-2 1.22723E-2 1.04558E-2 1.90312E-2 1.60832E-2 1.41364E-2 1.40157E-2 1.33141E-2 1.09272E-2 1.34079E-2 1.42057E-2 1.62452E-2 1.13479E-2 7.3907E-3 7.64495E-3 6.39455E-3
4.8462E-2 4.84939E-2 5.24716E-2 4.31579E-2 2.51024E-2 2.96141E-2 1.88751E-2 1.97047E-2 1.4274E-2 1.36393E-2 1.55672E-2 1.8859E-2 2.38973E-2 3.23423E-2 4.4477E-2 8.22076E-2 5.0716E-2 3.64623E-2 3.58643E-2 3.41307E-2 3.42336E-2 3.73089E-2 4.5047E-2 5.15255E-2 5.04629E-2 5.04807E-2 6.05426E-2 6.49054E-2 6.01095E-2 6.44985E-2 7.26304E-2 7.5891E-2 1.27553E-1 1.80915E-1 1.38369E-1 1.46646E-1 2.20201E-1 1.47074E-1 9.30721E-2 8.61925E-2 5.57507E-2 3.63656E-2 3.12478E-2 2.82517E-2 2.72403E-2 2.59527E-2 2.10324E-2 1.59806E-2 1.40078E-2 1.7581E-2 1.60077E-2 8.6737E-3 1.84954E-2 1.86126E-2 1.57454E-2 1.41667E-2 1.27451E-2 1.68124E-2 1.35144E-2 1.38525E-2 1.53108E-2 1.54276E-2 1.27993E-2 1.02673E-2 7.26308E-3
4.73623E-2 4.59793E-2 4.82514E-2 3.11086E-2 2.99449E-2 1.97737E-2 1.64736E-2 1.58715E-2 1.50184E-2 1.56443E-2 1.84371E-2 2.22647E-2 2.91278E-2 2.86568E-2 5.14887E-2 6.03544E-2 4.34207E-2 3.39578E-2 3.13674E-2 2.91041E-2 2.80745E-2 3.42362E-2 4.0573E-2 4.54502E-2 4.94055E-2 5.23971E-2 6.66658E-2 7.75462E-2 7.27737E-2 7.22797E-2 8.7427E-2 1.00614E-1 1.54548E-1 1.71597E-1 1.10132E-1 9.60244E-2 1.54323E-1 1.47868E-1 9.9698E-2 7.73215E-2 4.10535E-2 3.14456E-2 3.23489E-2 2.65238E-2 2.32705E-2 2.34257E-2 2.11359E-2 1.69261E-2 1.59072E-2 1.45459E-2 1.93693E-2 1.03304E-2 9.98405E-3 1.19281E-2 1.35784E-2 1.53678E-2 1.41165E-2 1.47815E-2 1.54742E-2 1.15223E-2 1.4823E-2 1.25181E-2 1.06991E-2 8.90372E-3 4.7538E-3
4.85883E-2 4.65145E-2 4.50494E-2 3.25516E-2 3.12428E-2 2.19403E-2 1.77293E-2 2.59172E-2 2.96373E-2 1.91281E-2 2.17222E-2 2.56687E-2 3.66883E-2 5.12971E-2 5.42349E-2 5.00817E-2 3.50073E-2 2.99461E-2 2.87893E-2 2.65452E-2 2.74096E-2 2.81342E-2 3.50454E-2 4.23499E-2 4.70465E-2 4.93377E-2 5.30758E-2 7.82139E-2 9.09496E-2 7.86455E-2 8.8546E-2 1.20753E-1 2.44275E-1 1.78615E-1 1.3654E-1 8.65148E-2 8.30649E-2 1.09092E-1 1.22013E-1 6.23782E-2 3.86529E-2 2.81808E-2 3.12681E-2 2.36701E-2 2.15275E-2 2.18443E-2 2.08041E-2 1.83985E-2 1.77719E-2 1.88094E-2 1.97103E-2 1.61195E-2 1.11976E-2 1.00082E-2 9.75656E-3 9.13797E-3 9.92546E-3 1.16472E-2 1.18821E-2 9.31338E-3 1.15095E-2 1.03505E-2 6.89425E-3 4.81822E-3 5.24042E-3
3.8796E-2 4.92679E-2 3.88707E-2 2.38654E-2 2.21362E-2 2.06721E-2 1.87778E-2 1.96243E-2 2.02084E-2 2.16887E-2 2.5765E-2 3.44688E-2 3.4562E-2 4.69008E-2 5.44825E-2 4.89532E-2 3.66789E-2 3.14218E-2 3.15674E-2 3.07041E-2 3.12588E-2 2.92903E-2 3.39142E-2 3.99516E-2 4.39786E-2 4.53443E-2 4.2934E-2 7.62629E-2 9.15958E-2 9.31237E-2 8.72019E-2 9.56951E-2 2.29732E-1 2.44122E-1 1.42122E-1 7.05886E-2 5.06827E-2 6.31541E-2 1.36736E-1 6.93901E-2 4.62749E-2 2.70583E-2 2.3751E-2 2.3698E-2 2.28323E-2 2.21285E-2 1.99391E-2 1.82157E-2 2.14163E-2 2.87132E-2 2.00713E-2 1.80837E-2 1.52101E-2 1.38521E-2 1.47272E-2 1.322E-2 9.27247E-3 8.69726E-3 6.48043E-3 7.33753E-3 9.64687E-3 9.43993E-3 7.15582E-3 6.27704E-3 6.15768E-3
3.2738E-2 4.1365E-2 4.26614E-2 2.76608E-2 1.91014E-2 1.63881E-2 1.5226E-2 1.60711E-2 1.99724E-2 2.4465E-2 3.159E-2 4.77516E-2 3.64125E-2 4.84471E-2 5.43168E-2 4.78049E-2 4.32626E-2 3.66044E-2 3.37204E-2 3.08901E-2 3.0843E-2 3.08433E-2 2.95598E-2 3.73411E-2 4.53189E-2 4.56808E-2 4.74649E-2 7.89847E-2 8.69518E-2 7.57763E-2 7.59601E-2 8.66925E-2 1.43114E-1 2.22802E-1 1.53458E-1 9.26699E-2 4.86082E-2 5.08928E-2 9.91009E-2 8.53618E-2 5.21413E-2 2.6421E-2 2.17617E-2 2.31099E-2 2.29902E-2 2.11048E-2 2.01078E-2 1.89853E-2 1.76865E-2 1.79951E-2 1.38793E-2 1.34057E-2 1.58125E-2 1.60449E-2 1.29366E-2 1.04025E-2 9.96575E-3 7.35987E-3 7.96262E-3 9.30171E-3 9.63808E-3 9.03231E-3 5.88969E-3 3.98007E-3 5.49946E-3
2.56175E-2 3.49624E-2 3.14846E-2 2.73773E-2 1.95989E-2 1.8504E-2 1.86493E-2 2.02016E-2 2.69815E-2 3.48327E-2 4.50404E-2 5.47782E-2 4.11385E-2 3.67997E-2 5.30393E-2 4.69509E-2 4.22687E-2 3.85288E-2 3.47711E-2 3.42073E-2 3.32198E-2 3.30175E-2 3.12153E-2 3.62175E-2 4.42944E-2 4.66177E-2 5.6959E-2 6.07942E-2 9.21266E-2 6.7631E-2 6.93806E-2 1.07449E-1 1.94247E-1 2.67568E-1 1.61593E-1 1.01506E-1 5.50715E-2 4.50338E-2 8.38275E-2 7.38999E-2 5.18414E-2 2.60145E-2 2.08441E-2 2.10131E-2 2.13463E-2 2.01115E-2 2.10746E-2 1.66882E-2 1.50216E-2 1.30804E-2 1.27476E-2 1.96099E-2 2.20585E-2 1.53351E-2 1.32195E-2 1.11459E-2 1.21192E-2 9.29194E-3 9.96588E-3 1.26732E-2 8.58761E-3 7.53917E-3 5.83136E-3 4.18849E-3 4.34452E-3
2.59503E-2 3.28568E-2 2.8842E-2 2.91243E-2 1.80011E-2 1.79599E-2 2.08017E-2 2.53512E-2 3.53932E-2 4.15642E-2 5.65456E-2 6.1538E-2 2.39048E-2 2.78993E-2 4.09809E-2 4.82034E-2 4.29072E-2 4.04102E-2 3.89672E-2 3.70863E-2 3.42669E-2 3.22165E-2 3.32434E-2 3.70082E-2 4.3613E-2 4.6428E-2 5.45542E-2 7.18255E-2 8.27093E-2 8.87841E-2 7.33592E-2 1.14081E-1 1.85651E-1 2.5354E-1 1.54821E-1 1.01766E-1 6.58206E-2 5.0993E-2 5.76699E-2 4.93393E-2 4.03069E-2 2.70173E-2 1.83559E-2 1.84693E-2 2.10418E-2 2.17405E-2 2.2176E-2 1.46185E-2 1.32642E-2 1.36782E-2 1.49249E-2 1.78719E-2 1.96818E-2 1.86597E-2 1.60492E-2 1.23477E-2 1.10296E-2 1.03167E-2 1.00156E-2 1.22048E-2 7.38176E-3 6.20429E-3 5.81905E-3 4.94062E-3 3.93582E-3
3.16837E-2 2.95635E-2 2.15018E-2 2.07105E-2 1.84566E-2 1.77031E-2 2.14335E-2 2.64585E-2 3.74905E-2 5.05686E-2 5.79846E-2 5.3527E-2 1.49731E-2 2.07406E-2 2.50257E-2 6.27794E-2 5.4399E-2 4.01086E-2 3.74375E-2 3.41701E-2 3.56256E-2 3.12739E-2 3.31307E-2 3.79688E-2 4.17199E-2 4.38651E-2 4.50284E-2 6.55011E-2 7.53956E-2 1.02198E-1 8.13672E-2 9.43286E-2 1.11295E-1 1.87129E-1 1.40511E-1 1.03295E-1 8.01078E-2 3.33587E-2 4.652E-2 3.52695E-2 3.77902E-2 3.60004E-2 2.48383E-2 2.48589E-2 2.38604E-2 2.21572E-2 2.12935E-2 1.64422E-2 1.42937E-2 1.57894E-2 1.54687E-2 1.38344E-2 1.4259E-2 2.00729E-2 2.20149E-2 1.30627E-2 1.14126E-2 7.4162E-3 1.03397E-2 1.33134E-2 7.30908E-3 5.8927E-3 5.49249E-3 5.5048E-3 4.68076E-3
3.16005E-2 3.17341E-2 3.00887E-2 2.16052E-2 1.90116E-2 1.92464E-2 2.55324E-2 3.20304E-2 4.27206E-2 6.44807E-2 7.2163E-2 5.58699E-2 1.50975E-2 1.591E-2 1.69249E-2 6.7636E-2 5.89131E-2 4.15196E-2 3.69471E-2 3.24552E-2 3.0413E-2 2.72993E-2 3.01337E-2 3.47865E-2 4.44514E-2 4.61062E-2 3.79997E-2 5.86441E-2 8.00794E-2 9.27049E-2 7.33951E-2 6.96596E-2 8.71956E-2 1.15068E-1 1.09177E-1 9.4046E-2 7.45259E-2 3.94598E-2 4.29007E-2 3.52123E-2 4.0497E-2 4.31217E-2 2.70453E-2 2.50365E-2 2.92532E-2 2.45955E-2 2.1068E-2 1.59408E-2 1.60883E-2 1.55616E-2 1.30845E-2 1.01609E-2 9.03833E-3 1.26353E-2 2.04012E-2 1.77723E-2 1.38496E-2 7.06928E-3 9.15646E-3 1.03254E-2 6.77864E-3 5.59305E-3 6.0964E-3 5.60691E-3 4.91658E-3
3.20728E-2 5.11706E-2 5.10246E-2 2.61139E-2 2.34224E-2 2.50529E-2 3.66099E-2 4.61188E-2 7.24683E-2 6.31156E-2 6.11993E-2 1.98388E-2 1.71558E-2 1.75284E-2 1.56768E-2 4.93942E-2 4.45698E-2 4.69928E-2 4.09903E-2 3.47412E-2 2.90622E-2 2.44143E-2 2.68855E-2 3.26746E-2 4.11986E-2 4.28606E-2 3.5433E-2 3.72495E-2 8.15934E-2 8.84311E-2 8.3591E-2 6.83328E-2 7.0724E-2 8.88962E-2 8.45018E-2 7.76762E-2 6.26157E-2 2.57989E-2 2.61744E-2 3.52192E-2 3.8119E-2 4.32237E-2 2.72126E-2 2.80677E-2 2.79194E-2 2.53743E-2 2.13424E-2 1.92701E-2 2.04814E-2 1.6562E-2 1.21118E-2 8.70077E-3 8.14578E-3 1.09571E-2 1.58918E-2 1.72433E-2 1.55382E-2 1.38264E-2 1.21062E-2 9.0907E-3 7.17529E-3 5.87912E-3 6.24557E-3 6.31383E-3 6.73528E-3
4.1137E-2 4.38398E-2 4.36484E-2 3.33764E-2 2.46583E-2 2.97003E-2 4.51553E-2 5.08495E-2 8.66484E-2 6.72844E-2 7.01884E-2 1.61285E-2 1.46331E-2 1.93308E-2 1.9251E-2 4.7505E-2 2.56989E-2 3.78415E-2 4.31045E-2 3.63201E-2 2.9395E-2 2.43607E-2 2.46717E-2 3.07155E-2 4.09485E-2 4.48264E-2 5.65857E-2 3.77557E-2 6.08613E-2 8.05906E-2 1.15646E-1 8.00698E-2 7.5197E-2 5.74686E-2 7.74691E-2 7.41695E-2 5.6479E-2 3.20655E-2 3.46788E-2 3.38309E-2 3.00831E-2 2.8287E-2 2.42936E-2 2.16289E-2 1.93495E-2 1.92854E-2 2.21038E-2 2.43474E-2 2.55304E-2 1.80494E-2 1.33672E-2 9.88352E-3 8.90864E-3 9.13427E-3 9.62679E-3 1.08884E-2 1.39729E-2 1.26031E-2 1.24256E-2 8.59291E-3 7.3326E-3 1.02322E-2 8.8763E-3 8.73665E-3 6.30631E-3
3.28329E-2 3.92849E-2 3.02574E-2 2.36309E-2 2.41018E-2 3.07673E-2 3.65788E-2 4.42462E-2 5.78207E-2 6.72061E-2 3.0902E-2 1.75158E-2 1.41684E-2 1.08229E-2 1.13653E-2 4.21789E-2 2.70053E-2 1.91617E-2 3.95755E-2 3.63834E-2 2.96446E-2 2.46321E-2 2.47959E-2 2.98806E-2 3.90515E-2 3.59696E-2 3.04588E-2 3.81895E-2 5.12545E-2 1.15952E-1 1.41465E-1 8.87143E-2 6.58303E-2 4.32928E-2 7.35518E-2 7.50859E-2 5.77999E-2 3.9858E-2 4.33218E-2 3.55171E-2 2.37576E-2 1.98391E-2 2.18942E-2 2.02353E-2 1.75821E-2 1.75546E-2 2.09008E-2 2.12662E-2 1.96416E-2 2.8761E-2 1.84546E-2 1.13048E-2 8.84422E-3 7.77225E-3 7.24531E-3 6.77909E-3 6.59389E-3 8.44324E-3 1.15545E-2 1.25372E-2 1.03226E-2 5.84919E-3 7.07404E-3 7.81436E-3 5.48483E-3
1.67669E-2 2.11329E-2 1.76356E-2 2.57244E-2 3.11826E-2 4.17715E-2 3.93344E-2 6.52577E-2 6.91698E-2 3.57024E-2 1.88729E-2 1.66757E-2 1.28445E-2 1.07858E-2 1.37906E-2 6.39934E-2 4.97307E-2 3.43295E-2 4.36846E-2 3.61559E-2 2.90064E-2 2.53268E-2 2.43117E-2 3.04159E-2 3.8602E-2 3.36179E-2 3.37627E-2 3.40377E-2 5.62239E-2 1.23677E-1 1.49576E-1 1.05703E-1 5.4132E-2 3.29275E-2 6.82352E-2 6.27415E-2 5.46344E-2 4.88312E-2 4.44906E-2 3.51306E-2 2.36069E-2 1.774E-2 2.10271E-2 2.16224E-2 2.04353E-2 1.92853E-2 1.90321E-2 1.95928E-2 1.92432E-2 1.50248E-2 1.38122E-2 1.94976E-2 9.47521E-3 7.42418E-3 6.95465E-3 6.66327E-3 6.1059E-3 7.01291E-3 4.49814E-3 2.46125E-3 5.83421E-3 9.65239E-4 5.1127E-3 6.80368E-3 7.78342E-3
2.02995E-2 2.56307E-2 2.37042E-2 2.97439E-2 2.85132E-2 2.96139E-2 2.48093E-2 3.23918E-2 8.17199E-2 2.94324E-2 1.57311E-2 1.43162E-2 1.57433E-2 2.11525E-2 2.582E-2 6.57257E-2 5.89887E-2 4.71224E-2 4.39326E-2 3.53545E-2 2.95553E-2 2.55246E-2 2.4127E-2 3.0236E-2 3.69723E-2 3.77718E-2 3.47986E-2 3.53755E-2 8.69435E-2 1.33085E-1 1.74708E-1 8.86941E-2 4.69329E-2 2.66553E-2 2.9198E-2 4.68429E-2 4.73559E-2 5.07443E-2 4.40721E-2 3.52879E-2 1.91415E-2 1.97137E-2 1.99065E-2 2.14079E-2 2.29123E-2 2.07983E-2 2.02181E-2 1.96906E-2 1.8536E-2 1.3696E-2 1.52939E-2 2.03972E-2 1.14725E-2 7.41152E-3 7.39729E-3 6.7022E-3 5.64287E-3 5.39858E-3 5.37568E-3 1.37652E-3 1.60908E-3 1.0018E-3 8.70023E-4 6.14718E-3 1.09798E-2
1.56731E-2 2.32001E-2 2.41623E-2 1.80203E-2 3.57622E-2 4.01711E-2 3.35785E-2 3.00657E-2 7.51991E-2 3.07415E-2 1.68136E-2 2.43404E-2 4.28263E-2 5.68059E-2 4.50048E-2 6.83398E-2 5.37195E-2 5.35553E-2 4.62488E-2 3.68101E-2 3.11794E-2 2.70451E-2 2.44852E-2 2.93515E-2 3.77134E-2 3.62705E-2 3.50857E-2 4.01146E-2 8.74749E-2 1.46063E-1 1.74949E-1 7.75718E-2 4.18456E-2 3.7496E-2 2.98352E-2 4.30188E-2 4.61931E-2 4.73873E-2 3.97983E-2 3.23011E-2 1.97999E-2 1.75871E-2 2.16128E-2 2.04823E-2 2.15337E-2 1.85287E-2 1.91657E-2 2.39519E-2 1.80352E-2 1.40382E-2 1.54128E-2 1.75095E-2 1.09523E-2 8.16803E-3 7.8449E-3 7.47777E-3 5.62977E-3 4.78009E-3 5.13659E-3 5.31846E-3 4.10572E-3 4.67808E-3 8.19757E-4 8.94677E-4 7.7199E-3
9.27126E-3 6.58991E-3 1.07033E-2 1.09001E-2 3.73503E-2 4.7425E-2 2.64751E-2 3.31026E-2 8.71655E-2 3.04101E-2 2.15017E-2 4.79367E-2 4.93539E-2 5.07141E-2 3.63485E-2 6.39742E-2 5.61794E-2 4.99012E-2 4.72781E-2 3.83331E-2 3.12737E-2 2.65621E-2 2.41775E-2 3.0562E-2 3.7605E-2 3.03844E-2 3.14313E-2 6.22972E-2 9.89373E-2 1.31945E-1 1.55893E-1 9.49467E-2 3.839E-2 5.13842E-2 3.40202E-2 4.13394E-2 4.46086E-2 4.44749E-2 3.91589E-2 3.38873E-2 2.35138E-2 1.99554E-2 2.23965E-2 2.17565E-2 1.96064E-2 1.84063E-2 1.82156E-2 2.38815E-2 1.82309E-2 1.54556E-2 1.54606E-2 1.68858E-2 1.37898E-2 9.44232E-3 7.64732E-3 7.20442E-3 5.62459E-3 4.85609E-3 5.55852E-3 4.05845E-3 4.06809E-3 4.43553E-3 3.75717E-3 1.82182E-3 7.00938E-3
1.44706E-2 1.50812E-2 1.70861E-2 1.15255E-2 2.77027E-2 3.40878E-2 5.55939E-2 2.66939E-2 9.31333E-2 2.29448E-2 3.26746E-2 5.38613E-2 4.54404E-2 2.29535E-2 2.78438E-2 5.54269E-2 5.14421E-2 4.57341E-2 4.14408E-2 3.34515E-2 2.89662E-2 2.54855E-2 2.4415E-2 3.29262E-2 3.41549E-2 2.53446E-2 2.55511E-2 4.47658E-2 8.29014E-2 1.17883E-1 1.29214E-1 8.83911E-2 4.47775E-2 3.13078E-2 2.5757E-2 3.59407E-2 3.73607E-2 3.90332E-2 3.78714E-2 3.40968E-2 3.07206E-2 1.938E-2 1.9434E-2 2.2165E-2 1.90466E-2 1.91144E-2 1.84261E-2 1.87884E-2 2.05602E-2 1.6072E-2 1.35009E-2 1.14302E-2 1.5475E-2 1.23633E-2 8.30771E-3 6.86055E-3 5.37054E-3 4.66905E-3 4.0641E-3 3.67799E-3 2.83156E-3 1.00462E-3 4.5609E-3 1.05799E-3 5.33098E-3
1.62317E-2 9.83769E-3 9.66114E-3 1.19095E-2 3.29604E-2 4.91107E-2 5.0907E-2 2.98474E-2 8.83282E-2 2.53079E-2 3.54593E-2 2.93427E-2 3.15172E-2 1.41176E-2 2.18216E-2 4.99586E-2 4.39933E-2 3.79863E-2 3.31423E-2 2.80158E-2 2.36384E-2 2.21342E-2 2.41981E-2 3.11602E-2 2.67717E-2 2.23071E-2 2.45418E-2 3.74898E-2 9.18395E-2 5.67731E-2 5.27823E-2 4.55272E-2 4.76926E-2 2.75993E-2 1.72149E-2 3.11364E-2 3.32213E-2 3.12544E-2 3.34872E-2 3.3202E-2 2.8742E-2 2.5326E-2 1.8636E-2 2.00156E-2 1.72247E-2 2.00513E-2 1.94822E-2 1.74115E-2 2.05627E-2 1.71426E-2 1.4734E-2 1.5386E-2 1.63883E-2 1.21345E-2 8.42826E-3 6.771E-3 5.41719E-3 4.81474E-3 4.55571E-3 3.61035E-3 8.79011E-4 3.65798E-3 5.04604E-3 3.63534E-3 4.30393E-3
2.60763E-2 2.28341E-2 2.72922E-2 3.35852E-2 4.14867E-2 4.86075E-2 6.4743E-2 5.99249E-2 4.56786E-2 2.54457E-2 2.86701E-2 1.61998E-2 1.94525E-2 1.6089E-2 2.03501E-2 4.20303E-2 3.70129E-2 3.20913E-2 3.0503E-2 2.66741E-2 2.22758E-2 1.90087E-2 2.34772E-2 2.48731E-2 2.08602E-2 1.97067E-2 2.47652E-2 2.6635E-2 3.81646E-2 5.00503E-2 4.83298E-2 4.71945E-2 7.18575E-2 4.04822E-2 1.78524E-2 1.4069E-2 2.39017E-2 2.40171E-2 2.91304E-2 3.25242E-2 2.96434E-2 2.44058E-2 2.03213E-2 1.84896E-2 1.76252E-2 1.83814E-2 1.92025E-2 1.4951E-2 1.79005E-2 1.84569E-2 1.31464E-2 1.10752E-2 1.12001E-2 1.00632E-2 9.72337E-3 7.7763E-3 6.52991E-3 5.61879E-3 5.37272E-3 4.95351E-3 3.6055E-3 3.57605E-3 5.18045E-3 3.71846E-3 5.35687E-3
2.41125E-2 2.26009E-2 2.84783E-2 2.12407E-2 4.50669E-2 5.31492E-2 6.48559E-2 7.86145E-2 2.4964E-2 2.28574E-2 2.8861E-2 1.5309E-2 1.3023E-2 1.87143E-2 2.39288E-2 3.32547E-2 3.2069E-2 3.00343E-2 1.98086E-2 2.40222E-2 2.2802E-2 2.02119E-2 2.0926E-2 2.00416E-2 1.64971E-2 1.75502E-2 2.31874E-2 2.70494E-2 3.71908E-2 5.0755E-2 4.00668E-2 7.53998E-2 7.37799E-2 3.45227E-2 1.83007E-2 1.31031E-2 1.0407E-2 2.14376E-2 2.67708E-2 3.10835E-2 2.73211E-2 2.14676E-2 2.38271E-2 2.26843E-2 2.34344E-2 2.01036E-2 1.61179E-2 1.38032E-2 1.61822E-2 1.62242E-2 1.24736E-2 1.12581E-2 1.16885E-2 8.59352E-3 2.30143E-3 2.27365E-3 5.38536E-3 6.19296E-3 4.9941E-3 5.01817E-3 5.02571E-3 4.30672E-3 4.4314E-3 4.90854E-3 4.70952E-3
2.31755E-2 2.32476E-2 2.95208E-2 1.43188E-2 3.63779E-2 5.85494E-2 3.68602E-2 3.49897E-2 1.94216E-2 4.20754E-2 2.3486E-2 1.6106E-2 1.2946E-2 1.77472E-2 3.24085E-2 3.33193E-2 3.07189E-2 2.83597E-2 2.54459E-2 2.40887E-2 2.14298E-2 1.9617E-2 1.87091E-2 1.89352E-2 1.7375E-2 2.206E-2 2.76836E-2 2.96212E-2 3.58854E-2 5.65953E-2 5.51882E-2 6.11032E-2 4.26792E-2 2.27716E-2 1.78155E-2 1.44884E-2 9.31723E-3 1.65158E-2 2.54057E-2 2.87076E-2 2.75054E-2 2.24284E-2 1.95308E-2 3.53119E-2 3.13875E-2 2.77471E-2 1.73826E-2 1.34081E-2 1.61508E-2 1.56393E-2 1.30021E-2 1.33616E-2 1.0544E-2 2.25858E-3 2.42098E-3 3.69585E-3 6.05812E-3 5.38771E-3 4.4266E-3 4.25846E-3 4.73039E-3 4.56946E-3 3.53657E-3 3.72685E-3 4.68237E-3
2.18237E-2 2.35207E-2 2.57178E-2 2.40292E-2 3.12372E-2 1.94346E-2 2.94619E-2 6.27955E-2 3.23835E-2 3.17892E-2 1.68245E-2 1.98054E-2 2.04482E-2 2.43028E-2 2.8368E-2 3.41746E-2 2.96066E-2 2.89358E-2 2.65159E-2 2.35885E-2 2.01066E-2 2.30243E-2 2.28779E-2 1.90774E-2 1.84796E-2 2.58517E-2 2.68986E-2 2.96784E-2 4.02464E-2 7.42518E-2 6.67914E-2 3.46976E-2 2.88214E-2 2.15981E-2 1.75445E-2 1.36888E-2 1.06509E-2 1.621E-2 2.43038E-2 2.69499E-2 3.00435E-2 2.70413E-2 2.64315E-2 2.79156E-2 2.22878E-2 1.87334E-2 1.53973E-2 1.46808E-2 1.74195E-2 1.52138E-2 1.53363E-2 1.35863E-2 9.5764E-3 9.22561E-3 8.57186E-3 8.30919E-3 6.39E-3 5.24229E-3 4.61824E-3 4.69743E-3 4.56358E-3 4.80584E-3 3.48728E-3 3.10446E-3 3.95281E-3
2.0414E-2 2.31497E-2 2.94444E-2 1.42551E-2 1.79207E-2 5.18599E-2 4.60266E-2 5.55354E-2 2.87197E-2 1.79808E-2 1.20709E-2 2.3345E-2 1.9952E-2 2.30474E-2 3.42658E-2 3.3749E-2 2.96241E-2 2.74761E-2 2.35621E-2 2.1894E-2 1.98675E-2 2.39846E-2 2.66803E-2 1.86576E-2 1.78744E-2 2.50396E-2 2.53393E-2 2.89892E-2 4.06957E-2 4.76938E-2 3.91247E-2 3.31039E-2 2.30473E-2 1.89497E-2 1.57136E-2 1.29466E-2 1.19624E-2 1.56522E-2 2.01E-2 2.14464E-2 2.44391E-2 2.82238E-2 2.86483E-2 2.00996E-2 1.62377E-2 1.27879E-2 1.48392E-2 1.40603E-2 1.67367E-2 1.6082E-2 2.01332E-2 1.37329E-2 1.23475E-2 1.20938E-2 9.72199E-3 7.73721E-3 6.4418E-3 6.41843E-3 4.88843E-3 4.11985E-3 4.4163E-3 4.87883E-3 4.03488E-3 3.22411E-3 4.19876E-3
2.06064E-2 2.469E-2 1.46043E-2 1.68248E-2 2.18504E-2 4.63317E-2 6.22438E-2 7.31065E-2 2.96306E-2 1.70613E-2 1.78724E-2 2.27154E-2 2.10076E-2 2.07172E-2 3.1946E-2 3.15449E-2 3.03962E-2 2.74378E-2 2.2457E-2 1.90324E-2 1.90106E-2 2.08086E-2 2.21587E-2 1.88598E-2 2.1301E-2 2.1913E-2 2.58185E-2 4.06859E-2 4.25377E-2 4.04987E-2 3.69863E-2 3.19098E-2 1.79855E-2 1.56815E-2 1.46399E-2 1.24835E-2 1.24722E-2 1.39115E-2 1.53492E-2 1.98759E-2 1.93372E-2 2.40935E-2 2.40976E-2 1.32185E-2 9.62945E-3 9.60125E-3 1.3925E-2 1.33165E-2 1.20473E-2 1.83178E-2 2.12748E-2 1.49944E-2 1.62669E-2 1.43443E-2 1.09538E-2 8.15327E-3 5.07691E-3 2.18164E-3 5.03313E-3 4.60306E-3 4.35613E-3 4.06469E-3 4.42845E-3 4.31966E-3 3.95683E-3
