layers/carib.asc
ncols         638
nrows         825
xllcorner     -2985163.8955
yllcorner     -3022031.214
cellsize      10000.0
NODATA_value  -9999
[rows 406 to 434 of 825, columns 260 to 324 of 638]
1.22301E-3 1.32572E-3 5.76926E-3 5.47838E-3 1.03616E-3 5.71933E-4 5.28227E-4 4.56915E-4 5.23898E-4 6.63799E-4 1.12472E-3 1.43393E-3 6.44845E-4 3.56335E-4 2.22784E-4 1.47187E-4 1.4834E-4 1.43197E-4 1.59725E-4 2.10871E-4 3.25166E-4 3.33519E-4 3.41844E-4 4.33615E-4 4.13803E-4 4.27489E-4 4.04889E-4 4.1674E-4 5.76007E-4 7.62995E-4 1.1022E-3 1.21488E-3 1.60283E-3 1.73747E-3 2.11732E-3 2.36895E-3 2.4678E-3 2.09063E-3 2.74286E-3 3.94241E-3 4.19194E-3 6.27411E-3 8.07131E-3 9.88376E-3 7.19808E-3 1.404E-2 2.8355E-2 3.64204E-2 3.25958E-2 3.19701E-2 3.51276E-2 4.77733E-2 6.7895E-2 7.34775E-2 1.01009E-1 9.76223E-2 1.83133E-1 2.0398E-1 1.14363E-1 2.63606E-2 1.82121E-2 3.17753E-2 2.61658E-2 3.97436E-2 1.75786E-2
5.15948E-3 4.38928E-3 6.33192E-3 2.7431E-3 1.15313E-3 6.10397E-4 5.88008E-4 4.15417E-4 5.75151E-4 7.54825E-4 9.22029E-4 1.49555E-3 9.94125E-4 6.46995E-4 2.66845E-4 1.92972E-4 1.66057E-4 1.70504E-4 1.72185E-4 1.98721E-4 2.4826E-4 2.8017E-4 3.61073E-4 4.90928E-4 6.23507E-4 5.16608E-4 3.59172E-4 3.5011E-4 4.62537E-4 6.61227E-4 1.22321E-3 2.59166E-3 1.69748E-3 2.06247E-3 1.92003E-3 2.54337E-3 2.51731E-3 2.34337E-3 2.87568E-3 3.66267E-3 3.00278E-3 6.75542E-3 8.69486E-3 9.61432E-3 9.9081E-3 1.17155E-2 2.53871E-2 3.08832E-2 2.90254E-2 2.51996E-2 2.93691E-2 5.37636E-2 7.47309E-2 9.00427E-2 7.04595E-2 7.84751E-2 1.46178E-1 1.61304E-1 8.59731E-2 6.40171E-2 5.53706E-2 5.34764E-2 5.99009E-2 4.747E-2 2.31881E-2
5.66873E-3 5.07022E-3 7.45485E-3 2.27565E-3 1.24397E-3 5.51591E-4 5.60644E-4 4.20675E-4 5.37277E-4 6.42709E-4 1.16706E-3 1.50696E-3 1.447E-3 1.05041E-3 5.32219E-4 2.34482E-4 1.93906E-4 1.90225E-4 2.36101E-4 2.25645E-4 2.27054E-4 3.02831E-4 2.82469E-4 3.45678E-4 4.63514E-4 4.353E-4 3.93975E-4 3.58305E-4 4.2136E-4 6.25013E-4 1.13089E-3 2.18503E-3 1.87719E-3 2.27441E-3 2.21743E-3 3.54149E-3 3.55705E-3 3.84646E-3 4.15875E-3 3.65611E-3 5.64431E-3 8.43708E-3 8.4019E-3 1.73175E-2 2.43285E-2 1.65193E-2 8.21984E-3 3.13452E-2 3.19332E-2 2.74105E-2 4.54491E-2 6.2544E-2 7.6458E-2 9.42438E-2 1.0877E-1 1.44915E-1 1.66236E-1 1.98831E-1 1.14633E-1 1.09235E-1 9.74246E-2 6.23631E-2 7.61541E-2 4.28576E-2 3.8399E-2
5.72868E-3 6.52728E-3 5.38403E-3 1.07505E-3 8.44996E-4 4.04198E-4 3.82405E-4 4.34908E-4 4.69934E-4 4.77044E-4 1.09979E-3 1.40406E-3 1.34508E-3 1.36652E-3 9.7134E-4 4.59021E-4 2.80189E-4 2.42889E-4 3.19109E-4 2.24513E-4 2.18879E-4 2.7035E-4 3.28358E-4 3.41896E-4 3.99724E-4 4.20885E-4 3.97012E-4 3.92073E-4 5.0684E-4 7.34693E-4 9.64094E-4 1.30901E-3 1.90855E-3 1.8002E-3 1.81837E-3 2.97328E-3 4.03785E-3 4.17911E-3 3.98827E-3 3.49623E-3 6.59843E-3 8.56308E-3 7.83347E-3 2.19174E-2 2.19597E-2 2.09326E-2 2.11729E-2 2.25777E-2 2.86659E-2 2.53007E-2 3.51151E-2 3.53797E-2 4.13105E-2 5.06082E-2 7.44703E-2 1.02819E-1 9.74404E-2 1.07392E-1 1.55879E-1 1.11949E-1 1.17674E-1 2.77038E-2 1.94571E-2 2.91735E-2 4.03998E-2
5.77527E-3 7.91043E-3 1.38539E-3 1.23587E-3 6.6871E-4 3.46859E-4 3.86294E-4 4.26393E-4 4.0621E-4 3.76223E-4 6.42766E-4 1.57741E-3 1.1339E-3 1.37755E-3 1.39871E-3 1.04501E-3 4.57403E-4 4.10078E-4 3.34253E-4 2.81356E-4 2.20106E-4 1.97841E-4 3.7031E-4 4.49378E-4 3.60169E-4 3.67577E-4 3.92108E-4 3.93012E-4 4.76994E-4 7.02749E-4 7.67517E-4 9.80112E-4 2.68522E-3 1.84418E-3 1.97689E-3 3.30996E-3 4.64774E-3 4.00612E-3 4.31415E-3 4.91298E-3 6.28487E-3 5.65994E-3 6.85854E-3 2.06965E-2 2.04183E-2 2.01762E-2 2.03516E-2 2.64612E-2 3.56755E-2 3.61919E-2 2.50265E-2 2.88881E-2 3.51393E-2 5.41292E-2 7.44398E-2 7.08507E-2 6.40025E-2 1.67535E-1 4.43038E-2 1.38971E-1 5.39396E-2 2.49433E-2 2.14395E-2 1.68104E-2 8.96272E-3
5.51087E-3 8.24667E-3 1.35295E-3 1.25214E-3 6.95598E-4 4.08765E-4 3.37371E-4 3.50637E-4 3.21093E-4 3.02288E-4 3.30415E-4 1.22839E-3 1.09193E-3 1.02567E-3 1.52377E-3 1.8605E-3 8.03645E-4 7.2375E-4 4.40319E-4 3.21249E-4 2.39188E-4 2.21148E-4 2.47401E-4 2.84157E-4 3.36243E-4 3.76113E-4 3.49785E-4 4.38776E-4 6.1728E-4 6.63519E-4 7.23835E-4 1.35183E-3 1.41816E-3 1.98842E-3 2.96181E-3 2.74848E-3 2.86675E-3 4.29213E-3 8.27922E-3 9.57855E-3 6.33867E-3 5.63705E-3 6.14547E-3 1.73383E-2 1.74312E-2 2.22072E-2 1.9056E-2 2.16081E-2 2.90285E-2 3.74305E-2 4.42934E-2 3.43704E-2 4.56813E-2 4.47968E-2 4.43647E-2 5.57799E-2 5.5033E-2 1.06776E-1 4.61466E-2 1.62919E-1 4.66742E-2 2.54516E-2 1.91619E-2 1.09881E-2 7.72581E-3
2.41135E-3 6.17843E-3 1.42376E-3 1.25353E-3 9.2121E-4 5.11344E-4 4.64024E-4 3.09575E-4 2.50124E-4 2.36466E-4 2.36616E-4 4.54221E-4 8.05193E-4 8.69354E-4 1.11465E-3 1.96818E-3 3.40334E-3 1.58501E-3 6.25752E-4 3.79897E-4 2.36576E-4 2.12545E-4 2.15732E-4 2.6237E-4 3.34237E-4 4.28775E-4 3.72547E-4 3.92964E-4 6.47175E-4 6.23854E-4 8.07551E-4 1.57914E-3 1.53801E-3 1.5577E-3 2.418E-3 2.57789E-3 3.88761E-3 7.75327E-3 9.206E-3 9.85234E-3 9.69636E-3 6.20649E-3 7.53255E-3 2.36041E-2 2.67475E-2 1.80566E-2 1.62903E-2 1.86514E-2 3.30952E-2 3.15957E-2 4.63173E-2 4.4062E-2 3.87606E-2 3.64004E-2 4.53846E-2 5.30205E-2 4.75646E-2 1.40995E-1 6.26826E-2 1.54076E-1 3.74705E-2 2.54931E-2 1.7199E-2 1.02268E-2 7.5081E-3
6.70961E-3 3.55326E-3 1.38191E-3 9.32235E-4 6.01293E-4 3.65788E-4 4.01235E-4 2.78487E-4 2.03069E-4 1.99853E-4 2.55222E-4 3.07519E-4 9.72744E-4 1.32852E-3 1.47981E-3 1.97449E-3 4.59106E-3 3.83575E-3 9.53277E-4 4.07757E-4 3.19575E-4 2.61401E-4 2.31409E-4 2.06363E-4 2.58457E-4 3.08718E-4 3.65955E-4 4.79651E-4 5.85697E-4 6.2503E-4 7.63636E-4 8.69505E-4 1.05817E-3 1.07005E-3 1.89253E-3 3.59576E-3 4.57447E-3 8.36454E-3 9.66646E-3 1.01644E-2 1.11031E-2 7.1348E-3 8.15505E-3 2.13103E-2 1.60025E-2 1.28151E-2 1.52641E-2 2.50007E-2 3.08323E-2 3.67978E-2 2.86693E-2 3.0413E-2 4.19537E-2 4.80117E-2 9.78255E-2 9.36676E-2 1.20411E-1 1.96687E-1 2.10556E-1 1.91422E-1 5.21758E-2 3.42145E-2 2.18278E-2 1.4406E-2 1.1143E-2
7.3386E-3 3.6187E-3 1.28414E-3 6.89946E-4 3.49496E-4 2.78417E-4 3.25408E-4 2.72719E-4 1.99988E-4 1.86172E-4 2.13306E-4 2.87367E-4 6.32228E-4 1.25482E-3 1.77161E-3 2.50254E-3 4.33619E-3 5.71797E-3 3.57721E-3 7.32235E-4 4.14976E-4 2.68122E-4 2.2065E-4 2.2877E-4 2.20178E-4 3.07719E-4 3.68155E-4 4.61254E-4 5.70083E-4 7.09873E-4 7.41873E-4 7.66083E-4 9.53584E-4 1.879E-3 2.38718E-3 3.39182E-3 6.55183E-3 9.05167E-3 1.1175E-2 1.29629E-2 1.28548E-2 5.6537E-3 1.05159E-2 1.38751E-2 1.23449E-2 1.30243E-2 1.45996E-2 2.12603E-2 3.33981E-2 4.12523E-2 4.52119E-2 5.61621E-2 5.89852E-2 4.62312E-2 9.49813E-2 1.10598E-1 8.8147E-2 1.13915E-1 2.82389E-1 1.23013E-1 6.09761E-2 4.36921E-2 2.67676E-2 2.16611E-2 1.68256E-2
5.75102E-3 3.62783E-3 1.21062E-3 6.60958E-4 3.03765E-4 2.54618E-4 3.15151E-4 2.80824E-4 2.22455E-4 1.95013E-4 1.97238E-4 2.48075E-4 3.06233E-4 8.70659E-4 2.31248E-3 2.45931E-3 3.21811E-3 5.83493E-3 6.13735E-3 3.76212E-3 1.02021E-3 3.08679E-4 2.43152E-4 1.75822E-4 1.92788E-4 2.76331E-4 4.27499E-4 5.11471E-4 4.9049E-4 7.19745E-4 9.77488E-4 7.47599E-4 9.20457E-4 1.34028E-3 2.36866E-3 3.62346E-3 8.71303E-3 8.20682E-3 7.53497E-3 1.0323E-2 1.14758E-2 9.75802E-3 9.35826E-3 6.13826E-3 7.58856E-3 1.05812E-2 7.13622E-3 1.49041E-2 3.02646E-2 4.73012E-2 5.44061E-2 6.13835E-2 6.74198E-2 4.95864E-2 1.24693E-1 1.46127E-1 1.82497E-1 2.22822E-1 2.23948E-1 1.42996E-1 5.71242E-2 4.02812E-2 2.90663E-2 1.64922E-2 1.11645E-2
5.06242E-3 4.10099E-3 7.86086E-4 4.44209E-4 3.58633E-4 2.8932E-4 3.14971E-4 3.58756E-4 2.63608E-4 2.47352E-4 2.18711E-4 2.28884E-4 2.92124E-4 4.22772E-4 2.66263E-3 2.57193E-3 3.08051E-3 4.73397E-3 5.37926E-3 3.89184E-3 1.39982E-3 1.09505E-3 1.12153E-3 1.15809E-3 9.05409E-4 3.37538E-4 4.29832E-4 4.38759E-4 5.31278E-4 7.23003E-4 9.31414E-4 9.43109E-4 9.40348E-4 1.11783E-3 1.53784E-3 2.34517E-3 5.30075E-3 5.29152E-3 6.41811E-3 6.44763E-3 9.17572E-3 1.04493E-2 8.90247E-3 5.07919E-3 3.7464E-3 7.94159E-3 9.5892E-3 1.30924E-2 2.47609E-2 3.92794E-2 5.65595E-2 7.91058E-2 9.20244E-2 1.09152E-1 1.27715E-1 1.25757E-1 1.47702E-1 1.60175E-1 2.49941E-1 2.58885E-1 1.04932E-1 5.64284E-2 3.34769E-2 2.09348E-2 1.5293E-2
1.53831E-3 1.4918E-3 5.72921E-4 3.39596E-4 3.40815E-4 2.99061E-4 3.18752E-4 3.36594E-4 3.09097E-4 3.86697E-4 2.70435E-4 2.82679E-4 3.28713E-4 5.95503E-4 2.05686E-3 3.3191E-3 3.95723E-3 4.15233E-3 6.86561E-3 4.09245E-3 1.67301E-3 1.65413E-3 1.08045E-3 9.54173E-4 8.01186E-4 2.44033E-4 2.87712E-4 3.89432E-4 5.24536E-4 6.97088E-4 7.82886E-4 8.41382E-4 8.87212E-4 9.95699E-4 1.32972E-3 1.72748E-3 2.18571E-3 6.76573E-3 8.18815E-3 7.72E-3 7.8402E-3 9.58398E-3 6.46708E-3 5.52286E-3 1.05328E-2 1.05006E-2 1.27437E-2 1.7893E-2 2.68475E-2 3.51517E-2 3.61491E-2 3.53484E-2 3.81651E-2 7.16446E-2 7.10459E-2 1.14887E-1 1.6907E-1 2.03959E-1 1.6341E-1 2.74371E-1 3.08802E-1 8.61609E-2 6.68593E-2 8.22256E-2 3.44625E-2
1.60208E-3 1.21859E-3 5.74045E-4 3.37345E-4 2.78265E-4 2.8156E-4 2.64974E-4 2.78767E-4 2.88093E-4 3.12988E-4 3.14526E-4 2.67204E-4 2.79049E-4 3.82816E-4 4.42334E-4 1.88611E-3 2.28158E-3 2.88642E-3 4.05993E-3 2.81329E-3 2.07672E-3 1.64643E-3 1.37073E-3 1.15784E-3 1.03324E-3 3.3494E-4 3.44466E-4 3.55066E-4 4.5386E-4 5.34118E-4 6.10717E-4 6.12792E-4 6.70571E-4 8.97509E-4 1.70443E-3 2.02166E-3 1.90728E-3 4.13312E-3 6.75768E-3 6.36035E-3 9.07426E-3 9.3176E-3 7.45153E-3 7.29964E-3 1.29291E-2 1.71639E-2 1.84725E-2 2.09842E-2 3.34891E-2 4.89229E-2 5.1779E-2 5.08325E-2 5.61187E-2 4.99862E-2 8.58077E-2 1.63509E-1 1.72438E-1 1.61485E-1 1.5785E-1 2.5923E-1 3.44542E-1 3.20318E-1 2.7188E-1 1.70273E-1 1.48712E-1
1.85696E-3 1.01005E-3 5.50168E-4 3.46055E-4 2.73958E-4 2.43501E-4 2.28188E-4 2.17991E-4 2.24395E-4 2.16842E-4 1.88029E-4 2.04325E-4 2.25041E-4 2.30643E-4 2.95725E-4 6.60931E-4 1.33204E-3 1.23476E-3 1.52376E-3 1.82781E-3 1.55577E-3 2.3128E-3 2.57855E-3 1.52748E-3 1.57246E-3 9.81743E-4 3.84201E-4 3.97985E-4 4.51485E-4 5.18947E-4 6.78926E-4 6.64085E-4 8.26265E-4 1.12455E-3 2.13218E-3 2.42522E-3 2.63246E-3 3.06638E-3 4.62606E-3 7.67694E-3 7.25462E-3 8.00371E-3 7.3802E-3 9.24391E-3 2.25706E-2 1.82717E-2 2.41234E-2 2.67908E-2 3.09951E-2 4.80655E-2 5.57158E-2 5.05083E-2 6.76409E-2 8.26268E-2 1.46767E-1 1.96851E-1 1.44619E-1 1.23417E-1 1.85285E-1 3.65804E-1 4.32806E-1 4.3294E-1 3.49729E-1 3.16101E-1 2.84054E-1
3.7276E-3 2.54429E-3 9.8943E-4 4.47389E-4 3.24584E-4 2.86552E-4 2.56057E-4 2.15368E-4 2.18794E-4 1.89188E-4 2.44167E-4 2.91952E-4 2.86835E-4 2.59434E-4 2.75186E-4 2.81037E-4 6.07262E-4 8.73085E-4 1.21176E-3 1.20237E-3 1.58636E-3 1.99416E-3 2.72808E-3 2.10804E-3 2.36088E-3 1.87357E-3 1.43908E-3 4.74409E-4 4.22022E-4 4.87999E-4 5.41557E-4 7.13193E-4 9.84093E-4 1.96565E-3 2.01521E-3 1.96846E-3 2.3265E-3 3.02954E-3 4.18152E-3 5.87083E-3 7.18714E-3 9.19089E-3 1.67188E-2 2.41111E-2 1.8916E-2 2.30407E-2 4.47217E-2 6.0994E-2 5.20266E-2 3.6202E-2 5.6718E-2 9.03706E-2 7.0955E-2 7.45466E-2 8.35996E-2 1.53809E-1 1.79795E-1 2.1266E-1 3.42035E-1 3.46486E-1 3.53263E-1 3.97381E-1 4.03744E-1 3.05265E-1 2.40538E-1
7.28456E-3 5.05204E-3 1.94501E-3 1.13746E-3 4.86132E-4 2.6664E-4 2.59649E-4 2.4504E-4 2.1446E-4 2.14075E-4 2.98681E-4 4.34979E-4 3.1207E-4 2.61021E-4 3.10004E-4 3.0246E-4 4.06847E-4 5.29685E-4 8.50306E-4 1.16103E-3 1.68319E-3 1.993E-3 2.83835E-3 3.05678E-3 2.13244E-3 2.45083E-3 2.23356E-3 6.62155E-4 5.2544E-4 5.02511E-4 5.15254E-4 5.50606E-4 8.92206E-4 1.62181E-3 1.74291E-3 1.88267E-3 2.12471E-3 2.6286E-3 2.95734E-3 3.70375E-3 5.53472E-3 2.54414E-2 1.78143E-2 1.6739E-2 1.4619E-2 1.80243E-2 2.12818E-2 1.88972E-2 1.72716E-2 2.34512E-2 4.20649E-2 8.07833E-2 1.35277E-1 1.52525E-1 1.94705E-1 2.4738E-1 2.1088E-1 3.18207E-1 2.98576E-1 1.35202E-1 1.88873E-1 3.35601E-1 2.77894E-1 3.48063E-1 1.95302E-1
2.04008E-3 3.0005E-3 3.20978E-3 1.74758E-3 1.23371E-3 4.45555E-4 2.68482E-4 2.29308E-4 2.32414E-4 2.16365E-4 2.93959E-4 3.18827E-4 3.77844E-4 2.83636E-4 3.09078E-4 3.6628E-4 4.14326E-4 4.62908E-4 7.2468E-4 1.37634E-3 2.44865E-3 2.77462E-3 3.33562E-3 3.12943E-3 2.58384E-3 2.70779E-3 3.20088E-3 2.99891E-3 2.23492E-3 1.96212E-3 1.28398E-3 8.02238E-4 1.20534E-3 1.57888E-3 2.0235E-3 1.63249E-3 1.37719E-3 2.2744E-3 2.63528E-3 2.82709E-3 4.41811E-3 1.62299E-2 1.33513E-2 1.21168E-2 1.7255E-2 2.30029E-2 2.45484E-2 2.5621E-2 1.95278E-2 1.88759E-2 2.62667E-2 3.94179E-2 7.5596E-2 1.03941E-1 1.31521E-1 2.76447E-1 2.34936E-1 2.26844E-1 1.20647E-1 1.23769E-1 1.95672E-1 3.37428E-1 3.34884E-1 3.54581E-1 3.00606E-1
2.02817E-3 2.0694E-3 1.43297E-3 3.70841E-3 2.28866E-3 1.42632E-3 1.13365E-3 3.04007E-4 2.98511E-4 2.85761E-4 2.76106E-4 2.77811E-4 3.05604E-4 3.39259E-4 3.16894E-4 2.8474E-4 2.82523E-4 3.80394E-4 5.50955E-4 7.5811E-4 1.2814E-3 3.02026E-3 2.78218E-3 4.02688E-3 4.54073E-3 2.88178E-3 2.2283E-3 3.26295E-3 3.37827E-3 3.74815E-3 3.80087E-3 4.5124E-3 2.09575E-3 2.2588E-3 1.95268E-3 1.64675E-3 1.39671E-3 2.38429E-3 2.63869E-3 2.61306E-3 4.40628E-3 1.11679E-2 1.46219E-2 1.3247E-2 1.48624E-2 2.00954E-2 2.81667E-2 2.36705E-2 2.34002E-2 2.3732E-2 2.64619E-2 3.36164E-2 5.94793E-2 1.27211E-1 1.41234E-1 1.20208E-1 1.17571E-1 9.44169E-2 1.07233E-1 1.96886E-1 2.93104E-1 3.60258E-1 1.79481E-1 4.33515E-1 3.7998E-1
1.47317E-3 1.36464E-3 1.32026E-3 9.61725E-4 9.16139E-4 1.95133E-3 1.62552E-3 1.43375E-3 1.0276E-3 1.25114E-3 1.12201E-3 8.52353E-4 2.81937E-4 3.09099E-4 3.86198E-4 3.22634E-4 3.10226E-4 3.30114E-4 4.35879E-4 7.22221E-4 8.19469E-4 1.2861E-3 2.97337E-3 4.00296E-3 4.79097E-3 2.93365E-3 2.64778E-3 3.08244E-3 3.51883E-3 3.35033E-3 3.19137E-3 5.16529E-3 7.44205E-3 9.22572E-3 3.12497E-3 3.39282E-3 2.22926E-3 2.06591E-3 2.85069E-3 3.99971E-3 9.44383E-3 1.22917E-2 2.10488E-2 1.82768E-2 1.55886E-2 1.99385E-2 2.41826E-2 2.50957E-2 2.38613E-2 2.16009E-2 3.05172E-2 4.28513E-2 6.6001E-2 7.68362E-2 8.42333E-2 1.18718E-1 1.65381E-1 2.04923E-1 2.25892E-1 2.51535E-1 2.43937E-1 2.66762E-1 4.37888E-1 4.10198E-1 3.54695E-1
1.0874E-3 1.19782E-3 1.10124E-3 5.75128E-4 6.46842E-4 5.65624E-4 2.53168E-3 9.85547E-4 1.32857E-3 1.26516E-3 7.70641E-4 8.01961E-4 1.03209E-3 4.29244E-4 4.62859E-4 3.61524E-4 3.56821E-4 3.95228E-4 4.44569E-4 5.86835E-4 1.11947E-3 9.3974E-4 3.84569E-3 3.38227E-3 3.35512E-3 4.07236E-3 3.66933E-3 3.98528E-3 3.91849E-3 4.38057E-3 4.72061E-3 5.19925E-3 7.4808E-3 7.58421E-3 7.17061E-3 4.18002E-3 4.27978E-3 3.10544E-3 3.5063E-3 1.09879E-2 1.06682E-2 1.60075E-2 2.36693E-2 2.02596E-2 2.0248E-2 2.39217E-2 2.91246E-2 3.4249E-2 3.50953E-2 2.9993E-2 3.69468E-2 4.94729E-2 6.1883E-2 1.13072E-1 1.4521E-1 1.72226E-1 1.90297E-1 1.407E-1 2.25992E-1 2.35356E-1 2.61789E-1 3.25502E-1 3.7073E-1 4.19603E-1 4.00213E-1
1.13658E-3 1.21042E-3 8.07126E-4 4.40089E-4 5.32238E-4 5.20593E-4 7.00584E-4 1.80483E-3 1.4541E-3 5.60745E-4 4.6031E-4 5.07195E-4 1.15161E-3 1.01629E-3 9.29432E-4 3.23332E-4 3.94877E-4 4.57707E-4 4.70164E-4 5.87535E-4 1.59362E-3 3.35955E-3 3.43786E-3 3.28973E-3 3.85358E-3 5.65787E-3 4.57398E-3 7.29757E-3 6.05519E-3 5.47664E-3 6.15676E-3 5.71049E-3 6.59674E-3 7.28058E-3 9.10695E-3 4.4849E-3 8.87834E-3 1.34791E-2 1.19135E-2 1.34378E-2 1.57598E-2 1.88749E-2 1.87134E-2 2.07513E-2 2.88988E-2 2.94946E-2 3.51827E-2 3.86709E-2 4.00771E-2 3.00092E-2 2.68325E-2 4.06804E-2 6.46689E-2 7.12721E-2 9.44953E-2 1.28247E-1 1.3455E-1 1.33232E-1 1.62139E-1 1.30415E-1 9.74633E-2 1.38409E-1 1.84221E-1 2.26836E-1 3.9224E-1
1.06387E-3 9.63604E-4 4.4296E-4 4.00934E-4 3.96109E-4 5.18813E-4 5.26726E-4 5.16536E-4 5.76221E-4 6.28737E-4 4.85131E-4 5.91869E-4 1.00302E-3 1.15193E-3 8.84525E-4 1.06568E-3 4.11783E-4 3.83195E-4 4.89462E-4 6.82277E-4 7.41512E-4 2.65482E-3 3.08265E-3 3.32599E-3 3.88271E-3 4.88636E-3 5.16845E-3 8.6259E-3 1.18068E-2 7.73778E-3 6.9581E-3 6.48096E-3 6.37771E-3 6.62621E-3 6.7566E-3 7.6504E-3 1.08028E-2 1.36711E-2 1.28167E-2 1.6505E-2 2.10264E-2 1.91489E-2 1.58706E-2 2.05897E-2 2.16061E-2 2.28182E-2 2.68901E-2 2.87089E-2 3.07005E-2 4.2983E-2 5.46007E-2 5.8763E-2 6.35077E-2 6.03686E-2 7.00958E-2 8.96252E-2 1.6329E-1 1.41293E-1 1.60987E-1 1.94818E-1 1.86394E-1 2.54787E-1 2.38092E-1 2.25825E-1 4.15266E-1
7.20674E-4 3.65148E-4 2.89578E-4 2.88214E-4 4.31335E-4 5.68607E-4 6.30607E-4 5.43816E-4 6.73517E-4 6.87102E-4 7.42539E-4 8.04939E-4 1.31606E-3 1.58116E-3 1.18333E-3 1.13538E-3 1.36946E-3 4.87238E-4 5.19063E-4 6.33329E-4 7.4653E-4 8.81911E-4 2.70819E-3 2.56024E-3 3.2004E-3 5.1973E-3 3.02347E-3 5.72367E-3 1.19109E-2 8.98547E-3 7.06295E-3 6.6646E-3 7.53639E-3 6.73852E-3 5.91051E-3 7.786E-3 9.01365E-3 1.12324E-2 1.38153E-2 1.90278E-2 2.15578E-2 1.6036E-2 1.49003E-2 1.89932E-2 1.94912E-2 1.70661E-2 2.33905E-2 2.71126E-2 2.73412E-2 5.46699E-2 1.01467E-1 8.97924E-2 1.01981E-1 8.35564E-2 8.68863E-2 1.11059E-1 1.44925E-1 1.75175E-1 1.75549E-1 1.87291E-1 2.3076E-1 2.89211E-1 3.37228E-1 2.53763E-1 3.79054E-1
4.18034E-4 1.88574E-4 1.92359E-4 2.4649E-4 3.59258E-4 6.62538E-4 8.78211E-4 7.23884E-4 7.27734E-4 5.98994E-4 1.02242E-3 7.93818E-4 1.37351E-3 1.67402E-3 1.88199E-3 1.46015E-3 1.43914E-3 1.63942E-3 5.37289E-4 5.57893E-4 6.36227E-4 8.78503E-4 1.07225E-3 2.09561E-3 2.33699E-3 4.31657E-3 3.68668E-3 2.57958E-3 3.37905E-3 7.45886E-3 6.79516E-3 7.06572E-3 7.69341E-3 6.73761E-3 7.7835E-3 9.63598E-3 1.06669E-2 9.99304E-3 1.48509E-2 1.87961E-2 1.77552E-2 1.66108E-2 1.47993E-2 1.44036E-2 1.6556E-2 1.86553E-2 2.17343E-2 2.53627E-2 2.81242E-2 7.3584E-2 1.23945E-1 1.28558E-1 9.09336E-2 8.91533E-2 6.41348E-2 8.07279E-2 1.36122E-1 1.64783E-1 1.67811E-1 1.75616E-1 1.26785E-1 1.39741E-1 1.49903E-1 1.38572E-1 2.61549E-1
2.10484E-4 1.766E-4 1.51873E-4 2.15601E-4 3.5783E-4 6.17216E-4 1.24705E-3 9.04012E-4 6.16146E-4 5.79048E-4 7.40117E-4 1.05036E-3 1.10244E-3 3.11349E-3 2.834E-3 2.71943E-3 2.08117E-3 2.40922E-3 1.13073E-3 6.02684E-4 6.37358E-4 7.34919E-4 8.14182E-4 7.59523E-4 2.5024E-3 4.13839E-3 5.44924E-3 7.43816E-3 3.50846E-3 2.60152E-3 7.20587E-3 7.96377E-3 1.02646E-2 8.0595E-3 7.08202E-3 7.81144E-3 8.56203E-3 9.68101E-3 1.20956E-2 1.80526E-2 1.82275E-2 1.71081E-2 1.58856E-2 1.41357E-2 1.46354E-2 1.94519E-2 2.27939E-2 2.40152E-2 4.14163E-2 7.67691E-2 1.02913E-1 1.21439E-1 9.64223E-2 1.24244E-1 1.01668E-1 6.42939E-2 1.08618E-1 1.56165E-1 1.60453E-1 1.23969E-1 5.75689E-2 6.97082E-2 8.78761E-2 8.84465E-2 2.10298E-1
2.10523E-4 1.70431E-4 1.62673E-4 2.67138E-4 3.58737E-4 4.81516E-4 5.87268E-4 7.53416E-4 5.66151E-4 5.50606E-4 6.45797E-4 6.24018E-4 7.60031E-4 9.91723E-4 2.48974E-3 2.8735E-3 3.29744E-3 4.32343E-3 3.35887E-3 2.1522E-3 7.03554E-4 5.11609E-4 6.3415E-4 9.0976E-4 8.94021E-4 2.73908E-3 6.36036E-3 8.44031E-3 1.12E-2 1.00239E-2 3.68727E-3 2.51654E-3 8.23107E-3 9.93371E-3 6.77479E-3 6.44229E-3 7.35242E-3 9.62844E-3 1.25405E-2 1.53795E-2 1.49955E-2 1.57588E-2 1.52709E-2 1.97519E-2 1.90055E-2 2.35678E-2 2.65972E-2 3.4958E-2 5.68492E-2 6.27031E-2 9.74508E-2 1.09192E-1 9.9762E-2 1.1164E-1 1.26197E-1 7.89058E-2 7.72539E-2 9.03402E-2 1.01771E-1 8.53655E-2 4.92251E-2 6.10666E-2 1.012E-1 8.79344E-2 2.99804E-1
1.96894E-4 1.56475E-4 2.10801E-4 3.04694E-4 3.75352E-4 4.70136E-4 4.93394E-4 4.70814E-4 4.25359E-4 3.10229E-4 4.04266E-4 4.89913E-4 4.82382E-4 6.47941E-4 6.49708E-4 2.02796E-3 1.87927E-3 2.78517E-3 4.94345E-3 3.45042E-3 2.94719E-3 8.98133E-4 8.59261E-4 2.08824E-3 1.31585E-3 1.69085E-3 8.52678E-3 1.13062E-2 1.30947E-2 1.35023E-2 1.30534E-2 4.27247E-3 1.93075E-3 3.4891E-3 3.0629E-3 2.41329E-3 2.62723E-3 5.97143E-3 1.14663E-2 1.22648E-2 1.54117E-2 1.49312E-2 1.59249E-2 2.02994E-2 2.41848E-2 3.02968E-2 4.26473E-2 6.57481E-2 7.13476E-2 5.96353E-2 7.91601E-2 8.88733E-2 1.12495E-1 6.44687E-2 8.30233E-2 8.24094E-2 9.55079E-2 8.30721E-2 7.93843E-2 7.70334E-2 6.99822E-2 6.36792E-2 1.11174E-1 1.48792E-1 3.25558E-1
2.64953E-4 2.37877E-4 2.38055E-4 3.80027E-4 3.78254E-4 4.08937E-4 4.00822E-4 4.04889E-4 4.22094E-4 3.22094E-4 2.47595E-4 2.65418E-4 3.13233E-4 4.26334E-4 7.77445E-4 1.11621E-3 1.23705E-3 1.89625E-3 1.91844E-3 2.72394E-3 3.19719E-3 3.78848E-3 3.38061E-3 2.15776E-3 2.9559E-3 5.58478E-3 4.19988E-3 1.26941E-2 1.32232E-2 2.09787E-2 2.00475E-2 1.20577E-2 4.17316E-3 4.2596E-3 3.72654E-3 3.22464E-3 3.41591E-3 3.58434E-3 1.03654E-2 1.13026E-2 1.55561E-2 1.53659E-2 1.74884E-2 1.91583E-2 2.49572E-2 3.34296E-2 6.34081E-2 7.90445E-2 6.86793E-2 5.61563E-2 8.04424E-2 9.68649E-2 1.15396E-1 7.03439E-2 7.53407E-2 7.16166E-2 8.14743E-2 7.2419E-2 7.58521E-2 7.66241E-2 1.12207E-1 1.13384E-1 2.0053E-1 2.1014E-1 2.21976E-1
3.16725E-4 2.91095E-4 2.24923E-4 3.1856E-4 4.21142E-4 3.17672E-4 3.3017E-4 3.59783E-4 3.49507E-4 2.97682E-4 2.1702E-4 2.09605E-4 2.32901E-4 2.79444E-4 3.83374E-4 7.94968E-4 1.2708E-3 7.99316E-4 6.46898E-4 1.93362E-3 1.87886E-3 3.48819E-3 5.16825E-3 3.92803E-3 3.95874E-3 6.45347E-3 7.22198E-3 7.48587E-3 6.11732E-3 1.63173E-2 1.75627E-2 1.35901E-2 8.31142E-3 1.13707E-2 6.08284E-3 4.90969E-3 4.24965E-3 4.19314E-3 4.49711E-3 4.20154E-3 1.37179E-2 1.72571E-2 2.04979E-2 1.94034E-2 3.32872E-2 4.21807E-2 6.02317E-2 7.35285E-2 8.08271E-2 7.7847E-2 7.57093E-2 1.02016E-1 1.26662E-1 1.00906E-1 1.00749E-1 9.35226E-2 1.00791E-1 5.36081E-2 3.52779E-2 4.57259E-2 7.54443E-2 1.38079E-1 1.8997E-1 1.70966E-1 1.8646E-1
