layers/je.asc
ncols         638
nrows         825
xllcorner     -2985163.8955
yllcorner     -3022031.214
cellsize      10000.0
NODATA_value  -9999
[rows 348 to 376 of 825, columns 455 to 519 of 638]
2.56108E-1 2.97311E-1 2.37833E-1 2.6087E-1 3.03406E-1 3.26332E-1 4.3394E-1 5.05766E-1 4.00988E-1 9.93825E-2 1.84065E-1 1.52594E-1 1.42994E-1 3.00157E-1 3.04507E-1 3.36829E-1 3.16334E-1 2.06226E-1 3.24576E-1 3.53307E-1 3.61886E-1 3.45935E-1 3.85115E-1 4.27145E-1 2.20911E-1 1.4919E-1 1.5464E-1 1.86633E-1 2.02973E-1 2.15139E-1 2.05677E-1 2.25266E-1 2.65018E-1 2.47815E-1 2.29679E-1 2.04913E-1 2.46824E-1 2.26201E-1 1.90955E-1 1.68958E-1 1.16212E-1 9.16593E-2 1.36877E-1 1.79E-1 2.40805E-1 3.10197E-1 1.51786E-1 6.63309E-2 1.11925E-1 1.17769E-1 1.58384E-1 1.78034E-1 3.63387E-1 4.13406E-1 4.48078E-1 4.01055E-1 4.96424E-1 6.50412E-1 7.77352E-1 9.99527E-1 3.23112E-1 -9999 -9999 -9999 -9999
4.09467E-1 3.42812E-1 3.25871E-1 2.50544E-1 2.34034E-1 3.41534E-1 4.11237E-1 5.24548E-1 4.77531E-1 1.49697E-1 1.26418E-1 1.38717E-1 1.83885E-1 3.45439E-1 3.4E-1 3.43716E-1 2.47973E-1 1.54378E-1 3.55732E-1 3.7281E-1 3.88793E-1 3.61943E-1 4.03891E-1 3.72714E-1 2.09108E-1 1.59212E-1 1.89586E-1 2.03002E-1 1.86111E-1 1.85098E-1 2.11068E-1 2.41299E-1 2.4228E-1 2.64769E-1 2.49326E-1 2.25841E-1 2.75781E-1 3.36938E-1 3.696E-1 2.38595E-1 1.29495E-1 9.15223E-2 1.04072E-1 1.45832E-1 1.83318E-1 1.33703E-1 1.2794E-1 1.19026E-1 1.57065E-1 2.16748E-1 3.00028E-1 3.05573E-1 4.6708E-1 3.96349E-1 4.65302E-1 4.26467E-1 5.28419E-1 7.60642E-1 8.24011E-1 9.35717E-1 4.18033E-1 -9999 -9999 -9999 -9999
3.8086E-1 3.2643E-1 3.15901E-1 2.58032E-1 2.19766E-1 2.78535E-1 2.93995E-1 4.30135E-1 5.03792E-1 3.04345E-1 1.49103E-1 1.68445E-1 2.90605E-1 3.8965E-1 3.78261E-1 3.15217E-1 1.84628E-1 1.39E-1 3.64787E-1 3.15767E-1 3.2596E-1 3.71655E-1 4.1485E-1 3.59873E-1 1.74603E-1 1.89478E-1 2.4229E-1 1.9603E-1 1.39134E-1 1.55114E-1 1.77412E-1 2.10175E-1 2.15559E-1 2.07308E-1 2.02396E-1 2.28142E-1 2.51524E-1 3.46794E-1 4.65296E-1 2.31349E-1 1.889E-1 3.11238E-1 2.1171E-1 2.01146E-1 2.3176E-1 1.08523E-1 1.50459E-1 1.60168E-1 3.37588E-1 2.6147E-1 3.26102E-1 3.43557E-1 5.54274E-1 6.42023E-1 5.90279E-1 4.05194E-1 5.9867E-1 5.12691E-1 8.02479E-1 7.33354E-1 6.57076E-1 -9999 -9999 -9999 -9999
4.23398E-1 3.86834E-1 2.831E-1 2.65883E-1 2.5387E-1 3.23783E-1 2.7894E-1 5.0198E-1 4.76175E-1 2.92272E-1 1.7401E-1 2.17861E-1 3.81676E-1 3.70179E-1 3.47272E-1 2.78657E-1 1.9865E-1 1.70197E-1 3.41881E-1 2.56E-1 3.13917E-1 4.22642E-1 4.232E-1 3.20758E-1 2.07785E-1 2.2586E-1 2.78487E-1 2.07726E-1 1.4922E-1 1.4148E-1 1.0727E-1 2.36455E-1 2.16964E-1 1.52229E-1 1.34952E-1 2.4664E-1 2.91968E-1 4.79106E-1 3.29496E-1 2.82539E-1 2.94655E-1 2.43896E-1 3.25832E-1 3.17846E-1 4.1059E-1 2.16969E-1 2.96324E-1 1.08292E-1 1.619E-1 1.69756E-1 2.47383E-1 3.16453E-1 3.30853E-1 6.06106E-1 6.79337E-1 5.51305E-1 4.81475E-1 3.62797E-1 5.80427E-1 8.72681E-1 -9999 -9999 -9999 -9999 -9999
4.34352E-1 4.06789E-1 3.11656E-1 3.73725E-1 3.84458E-1 3.408E-1 4.12873E-1 5.60853E-1 4.38814E-1 2.50708E-1 2.00957E-1 3.24891E-1 4.17243E-1 3.40415E-1 3.09224E-1 2.81061E-1 2.20772E-1 3.56775E-1 3.56768E-1 2.55277E-1 3.40196E-1 4.42953E-1 4.1314E-1 2.46394E-1 2.02515E-1 2.00067E-1 2.63282E-1 2.34706E-1 1.6507E-1 1.16362E-1 1.00601E-1 2.1804E-1 1.94874E-1 2.03892E-1 1.046E-1 1.7853E-1 2.08216E-1 1.73294E-1 2.95044E-1 3.14955E-1 2.16255E-1 1.73349E-1 2.93975E-1 2.44661E-1 3.07962E-1 1.03592E-1 1.52419E-1 1.7482E-1 1.92371E-1 2.20739E-1 2.22035E-1 2.33664E-1 2.78096E-1 4.06535E-1 3.8529E-1 4.12516E-1 4.95754E-1 4.68041E-1 -9999 -9999 -9999 -9999 -9999 -9999 -9999
4.38459E-1 3.9534E-1 3.62574E-1 4.75627E-1 4.74928E-1 3.89177E-1 4.92885E-1 5.51811E-1 3.50704E-1 2.759E-1 3.16006E-1 4.00602E-1 4.56307E-1 3.938E-1 3.44044E-1 3.11762E-1 3.22564E-1 3.88864E-1 3.39804E-1 2.728E-1 3.64715E-1 5.04831E-1 4.4489E-1 2.54568E-1 1.9758E-1 2.01422E-1 2.72243E-1 3.12682E-1 2.58408E-1 1.67792E-1 1.03436E-1 2.30937E-1 2.54513E-1 1.7847E-1 1.14528E-1 2.11222E-1 1.54607E-1 1.38556E-1 1.7097E-1 1.76551E-1 1.68574E-1 2.26395E-1 3.15723E-1 2.21097E-1 2.41593E-1 8.81825E-2 8.50328E-2 1.65667E-1 1.74587E-1 2.49347E-1 2.19191E-1 1.97479E-1 2.36311E-1 3.41847E-1 4.1368E-1 5.27419E-1 9.38733E-1 7.59665E-1 -9999 -9999 -9999 -9999 -9999 -9999 -9999
4.92624E-1 4.12038E-1 3.70285E-1 4.4975E-1 4.32181E-1 4.48033E-1 5.07471E-1 5.58905E-1 5.22306E-1 3.47002E-1 3.69447E-1 4.75051E-1 4.83462E-1 4.64513E-1 4.07171E-1 3.54467E-1 3.57715E-1 3.94182E-1 3.61448E-1 3.26383E-1 3.96923E-1 3.93799E-1 4.66199E-1 4.39273E-1 4.31937E-1 2.31192E-1 1.75771E-1 2.51118E-1 3.09921E-1 2.13363E-1 1.17739E-1 2.39504E-1 2.60927E-1 2.21264E-1 1.94475E-1 2.04317E-1 1.89865E-1 2.49249E-1 2.0525E-1 2.33129E-1 2.07371E-1 1.9121E-1 2.44014E-1 2.18448E-1 3.16287E-1 2.81414E-1 2.02279E-1 1.34217E-1 1.39742E-1 1.93357E-1 2.06258E-1 2.11142E-1 2.18324E-1 3.05025E-1 4.41428E-1 5.27204E-1 9.5297E-1 8.85845E-1 -9999 -9999 -9999 -9999 -9999 -9999 -9999
4.5684E-1 3.74308E-1 3.68922E-1 4.56879E-1 5.44687E-1 5.43947E-1 5.71545E-1 5.88184E-1 5.71984E-1 3.77313E-1 4.23638E-1 5.01421E-1 5.34447E-1 5.62485E-1 4.47463E-1 3.94016E-1 4.29639E-1 3.98498E-1 3.71818E-1 3.76191E-1 4.04599E-1 4.02378E-1 3.95274E-1 4.015E-1 4.43898E-1 2.4813E-1 1.57567E-1 1.79756E-1 1.77743E-1 1.69414E-1 1.0869E-1 1.65444E-1 9.59286E-2 1.23055E-1 1.43892E-1 1.73424E-1 2.60241E-1 2.46113E-1 2.41618E-1 3.4808E-1 2.49585E-1 2.05708E-1 2.67228E-1 2.10672E-1 3.74601E-1 3.53206E-1 2.33395E-1 1.88752E-1 1.33838E-1 1.63933E-1 2.12878E-1 2.57419E-1 2.85831E-1 3.40554E-1 4.15914E-1 4.09588E-1 8.4279E-1 5.36975E-1 -9999 -9999 -9999 -9999 -9999 -9999 -9999
4.52067E-1 5.13156E-1 4.62685E-1 5.33282E-1 5.84183E-1 5.53831E-1 5.47067E-1 5.54926E-1 5.11948E-1 3.86681E-1 4.21741E-1 4.83428E-1 5.90328E-1 6.31479E-1 4.38455E-1 4.06439E-1 4.56994E-1 4.05784E-1 4.02211E-1 3.60481E-1 3.72735E-1 2.90345E-1 2.15834E-1 2.26944E-1 2.05096E-1 1.57604E-1 1.87167E-1 1.21439E-1 1.34127E-1 2.15071E-1 2.70241E-1 2.69245E-1 1.4821E-1 1.60192E-1 1.84251E-1 1.58769E-1 1.98985E-1 3.02802E-1 1.95989E-1 3.34281E-1 2.38256E-1 2.18191E-1 2.22422E-1 2.40885E-1 3.57244E-1 2.64862E-1 1.3509E-1 1.76693E-1 1.84448E-1 1.76584E-1 2.41788E-1 2.92299E-1 3.34799E-1 3.80172E-1 3.99786E-1 4.18747E-1 7.77453E-1 3.35866E-1 -9999 -9999 -9999 -9999 -9999 -9999 -9999
3.39459E-1 5.03442E-1 4.22713E-1 4.92434E-1 5.47021E-1 5.30337E-1 4.44174E-1 4.38283E-1 3.8213E-1 2.71976E-1 4.18932E-1 4.60279E-1 5.47871E-1 6.2705E-1 4.70301E-1 4.82333E-1 4.74809E-1 3.86686E-1 3.93816E-1 3.64232E-1 3.88635E-1 2.79948E-1 1.91452E-1 1.53121E-1 1.12294E-1 7.72063E-2 1.0262E-1 1.56622E-1 2.31823E-1 2.02485E-1 2.44145E-1 2.79124E-1 1.92089E-1 2.32017E-1 2.23936E-1 1.45702E-1 1.72548E-1 2.19716E-1 1.55268E-1 1.8695E-1 2.10374E-1 2.04174E-1 2.31891E-1 2.6806E-1 2.52302E-1 1.68269E-1 8.0502E-2 1.27859E-1 6.76487E-2 1.2255E-1 2.68753E-1 2.95056E-1 3.27606E-1 3.77842E-1 4.21787E-1 4.60947E-1 8.21791E-1 4.87426E-1 -9999 -9999 -9999 -9999 -9999 -9999 -9999
1.77427E-1 3.23849E-1 4.06301E-1 3.20856E-1 4.61534E-1 4.52372E-1 2.04171E-1 2.22851E-1 2.50761E-1 1.94214E-1 4.6793E-1 4.48004E-1 4.86803E-1 6.16675E-1 5.8055E-1 5.88224E-1 4.62588E-1 3.43491E-1 3.73417E-1 3.50962E-1 3.09158E-1 3.25925E-1 3.06008E-1 2.00502E-1 1.24188E-1 6.9433E-2 1.40809E-1 2.33772E-1 2.16587E-1 2.07514E-1 2.88426E-1 2.89489E-1 1.85405E-1 2.38556E-1 2.31127E-1 1.98208E-1 1.72596E-1 1.55301E-1 9.79835E-2 9.3692E-2 1.86126E-1 2.55818E-1 2.69775E-1 2.80621E-1 1.97796E-1 1.70673E-1 1.47504E-1 1.11057E-1 1.11034E-1 1.60755E-1 2.73218E-1 3.21319E-1 3.23785E-1 3.30316E-1 3.48463E-1 3.21198E-1 7.41426E-1 -9999 -9999 -9999 -9999 -9999 -9999 -9999 -9999
1.66038E-1 3.58199E-1 3.72001E-1 2.15221E-1 3.36182E-1 2.2839E-1 2.19836E-1 2.9206E-1 3.2046E-1 2.98381E-1 5.39341E-1 5.23467E-1 4.79713E-1 5.65751E-1 5.73967E-1 5.17842E-1 4.56875E-1 4.15091E-1 3.89848E-1 3.51779E-1 2.69762E-1 3.33805E-1 3.6963E-1 2.06195E-1 1.34814E-1 1.26249E-1 1.97959E-1 2.47911E-1 1.91478E-1 2.48149E-1 2.81355E-1 2.16259E-1 1.78886E-1 2.32352E-1 2.20587E-1 2.19115E-1 1.67614E-1 1.17812E-1 1.02918E-1 9.13576E-2 1.79618E-1 2.6675E-1 2.67718E-1 2.77486E-1 2.55527E-1 2.84743E-1 3.09708E-1 2.52679E-1 2.04899E-1 1.96495E-1 2.39986E-1 3.63404E-1 3.57869E-1 3.87854E-1 3.79848E-1 2.89166E-1 2.0605E-1 -9999 -9999 -9999 -9999 -9999 -9999 -9999 -9999
5.67325E-1 5.71769E-1 4.45898E-1 3.80736E-1 2.53821E-1 2.0502E-1 2.14694E-1 3.07063E-1 2.74067E-1 3.97723E-1 5.36319E-1 5.0972E-1 4.87262E-1 5.3689E-1 4.65635E-1 4.67746E-1 4.99726E-1 4.42688E-1 4.46607E-1 3.92899E-1 3.41224E-1 3.50994E-1 3.31499E-1 1.98218E-1 1.77824E-1 1.89818E-1 2.42966E-1 2.65295E-1 2.0188E-1 2.14988E-1 2.10075E-1 1.64357E-1 1.56453E-1 1.97495E-1 2.40019E-1 2.30992E-1 1.73737E-1 1.24453E-1 1.6111E-1 1.75493E-1 1.7317E-1 2.40541E-1 3.31393E-1 4.1167E-1 5.42966E-1 6.18295E-1 4.98594E-1 2.86939E-1 2.38986E-1 2.06727E-1 2.10614E-1 3.20033E-1 3.57714E-1 4.01266E-1 3.59466E-1 2.82002E-1 1.9943E-1 -9999 -9999 -9999 -9999 -9999 -9999 -9999 -9999
5.86023E-1 5.83347E-1 5.78743E-1 5.60561E-1 3.3419E-1 2.05674E-1 2.76046E-1 3.70383E-1 4.00678E-1 4.23372E-1 5.10756E-1 5.5333E-1 5.22074E-1 4.73878E-1 4.82047E-1 4.76132E-1 4.69063E-1 4.79106E-1 4.23433E-1 3.77013E-1 3.72178E-1 3.82886E-1 3.32736E-1 1.90114E-1 2.31918E-1 2.49365E-1 3.08553E-1 3.12297E-1 2.16968E-1 2.07748E-1 2.27605E-1 1.87608E-1 1.75236E-1 1.72752E-1 2.31319E-1 2.96744E-1 2.32797E-1 1.43844E-1 1.63928E-1 1.7546E-1 1.79533E-1 1.93475E-1 2.10724E-1 3.11392E-1 5.23802E-1 5.01581E-1 3.29557E-1 1.9753E-1 2.08529E-1 2.15716E-1 2.45066E-1 3.0142E-1 3.69889E-1 3.88214E-1 3.67715E-1 2.52718E-1 3.33448E-1 -9999 -9999 -9999 -9999 -9999 -9999 -9999 -9999
5.66871E-1 6.17798E-1 5.80003E-1 6.39685E-1 4.49712E-1 2.29558E-1 2.96033E-1 4.62888E-1 5.31883E-1 4.96562E-1 5.21266E-1 6.21733E-1 5.24445E-1 4.41261E-1 4.95604E-1 5.13633E-1 5.07173E-1 4.71102E-1 3.8742E-1 3.51998E-1 3.87612E-1 3.91392E-1 3.92116E-1 2.68515E-1 3.35879E-1 3.29841E-1 3.07229E-1 3.07389E-1 3.2322E-1 2.94204E-1 3.16113E-1 2.62668E-1 1.59825E-1 1.78544E-1 2.0619E-1 3.20087E-1 2.51824E-1 1.49599E-1 1.43561E-1 1.66721E-1 1.75021E-1 1.79359E-1 1.96218E-1 2.48466E-1 3.25667E-1 2.99436E-1 2.02423E-1 1.52974E-1 2.17353E-1 2.31694E-1 2.25939E-1 2.56658E-1 3.32072E-1 3.02213E-1 3.84456E-1 5.69524E-1 2.6829E-1 -9999 -9999 -9999 -9999 -9999 -9999 -9999 -9999
6.20271E-1 4.11645E-1 5.31756E-1 6.52465E-1 4.76676E-1 2.61202E-1 3.16289E-1 4.86908E-1 5.45025E-1 5.13583E-1 5.11994E-1 5.68746E-1 5.07914E-1 4.72486E-1 4.6973E-1 5.1802E-1 4.97109E-1 4.7034E-1 4.40155E-1 4.21468E-1 4.28251E-1 3.94079E-1 4.36397E-1 3.59436E-1 3.9896E-1 3.42891E-1 2.72812E-1 3.61981E-1 4.12715E-1 4.01674E-1 3.57241E-1 2.69032E-1 1.61794E-1 1.30378E-1 1.53068E-1 3.11358E-1 2.54427E-1 1.61429E-1 1.64537E-1 1.71416E-1 1.73878E-1 1.82051E-1 2.05288E-1 2.2028E-1 2.32349E-1 2.42048E-1 2.24781E-1 1.89079E-1 2.09628E-1 2.20081E-1 2.14713E-1 1.92055E-1 2.15761E-1 2.29377E-1 3.21505E-1 2.54933E-1 2.65727E-1 -9999 -9999 -9999 -9999 -9999 -9999 -9999 -9999
6.1166E-1 3.6667E-1 5.49124E-1 6.50716E-1 4.2228E-1 2.88615E-1 3.78486E-1 5.40209E-1 5.43424E-1 4.90331E-1 5.3996E-1 5.51687E-1 5.17045E-1 4.82153E-1 5.27537E-1 5.25781E-1 4.71003E-1 4.79249E-1 4.92561E-1 4.95651E-1 4.39877E-1 3.69717E-1 4.48192E-1 4.71197E-1 4.07634E-1 3.87014E-1 3.45109E-1 3.53601E-1 3.80857E-1 3.37142E-1 2.93821E-1 2.44294E-1 1.88807E-1 1.2739E-1 1.34694E-1 2.3843E-1 2.06469E-1 1.68348E-1 1.7324E-1 1.76107E-1 1.712E-1 1.91374E-1 2.08245E-1 1.71314E-1 1.49954E-1 1.85276E-1 1.96008E-1 1.94283E-1 1.82875E-1 2.09448E-1 2.56548E-1 2.89833E-1 1.42946E-1 2.18026E-1 2.29019E-1 2.33375E-1 -9999 -9999 -9999 -9999 -9999 -9999 -9999 -9999 -9999
5.94313E-1 4.74154E-1 5.86168E-1 6.50963E-1 4.34526E-1 3.20901E-1 4.47889E-1 5.93295E-1 5.17486E-1 4.40493E-1 5.13699E-1 6.08862E-1 5.43728E-1 5.81709E-1 5.20461E-1 4.91223E-1 4.60581E-1 5.01861E-1 5.48392E-1 5.1444E-1 4.47617E-1 4.13786E-1 5.3055E-1 5.63884E-1 4.6624E-1 4.11736E-1 3.45239E-1 3.19045E-1 3.13291E-1 2.76391E-1 1.97593E-1 1.94061E-1 1.45194E-1 1.13641E-1 1.19951E-1 1.58196E-1 1.71636E-1 1.78077E-1 1.8968E-1 1.73496E-1 1.72103E-1 2.04965E-1 2.00076E-1 1.49691E-1 1.30619E-1 1.49037E-1 1.7035E-1 1.99054E-1 2.04909E-1 1.5092E-1 1.2473E-1 3.35383E-1 4.79985E-1 5.87846E-1 2.25973E-1 -9999 -9999 -9999 -9999 -9999 -9999 -9999 -9999 -9999 -9999
7.36172E-1 5.67633E-1 5.90406E-1 6.18542E-1 4.35117E-1 3.90654E-1 4.58846E-1 5.47145E-1 5.54748E-1 4.75273E-1 5.5069E-1 5.98349E-1 5.98851E-1 6.17401E-1 4.55407E-1 4.58399E-1 4.7697E-1 4.92813E-1 5.80247E-1 5.01249E-1 4.9299E-1 5.0454E-1 5.46684E-1 5.27839E-1 5.00507E-1 5.12588E-1 3.73856E-1 3.68131E-1 2.91148E-1 3.2724E-1 2.32912E-1 1.7164E-1 1.44564E-1 1.15818E-1 1.2856E-1 1.42861E-1 1.58237E-1 1.78834E-1 1.66656E-1 1.45047E-1 1.50863E-1 1.79628E-1 1.39711E-1 4.60239E-2 6.83809E-2 1.33648E-1 1.43453E-1 1.75307E-1 2.31955E-1 2.32865E-1 1.7811E-1 3.79872E-1 6.54338E-1 6.9689E-1 5.31266E-1 -9999 -9999 -9999 -9999 -9999 -9999 -9999 -9999 -9999 -9999
5.62945E-1 4.49901E-1 5.30151E-1 5.10823E-1 4.27049E-1 4.21885E-1 4.01123E-1 5.66856E-1 6.07165E-1 6.18968E-1 6.2833E-1 6.01736E-1 6.38798E-1 5.65603E-1 4.62256E-1 4.7834E-1 5.376E-1 6.41287E-1 6.24604E-1 5.21849E-1 5.64749E-1 5.90468E-1 4.90596E-1 4.4083E-1 4.86082E-1 4.70905E-1 4.35137E-1 4.29888E-1 3.97752E-1 3.64021E-1 2.9202E-1 2.16303E-1 1.492E-1 1.02425E-1 1.11529E-1 1.5381E-1 1.76819E-1 1.89709E-1 1.51344E-1 1.21001E-1 1.3485E-1 1.49286E-1 1.36444E-1 8.88732E-2 5.18917E-2 7.32327E-2 9.65244E-2 1.51875E-1 2.0699E-1 1.75076E-1 1.79532E-1 3.26997E-1 6.17959E-1 7.52245E-1 6.49775E-1 -9999 -9999 -9999 -9999 -9999 -9999 -9999 -9999 -9999 -9999
8.34977E-1 5.69049E-1 4.96919E-1 2.50005E-1 4.40271E-1 4.09347E-1 4.42809E-1 6.22044E-1 6.34853E-1 6.20436E-1 5.87587E-1 6.25359E-1 5.62123E-1 5.45816E-1 5.11189E-1 5.26673E-1 5.83992E-1 6.80706E-1 6.17306E-1 5.6008E-1 6.23837E-1 4.5572E-1 4.02849E-1 4.28038E-1 4.61324E-1 4.47925E-1 4.93823E-1 5.08955E-1 4.35329E-1 3.04847E-1 2.61039E-1 2.0719E-1 1.38664E-1 1.49479E-1 1.35827E-1 1.8475E-1 1.8973E-1 1.56601E-1 1.31617E-1 1.17344E-1 1.4519E-1 1.64959E-1 1.57131E-1 8.87615E-2 8.21418E-2 8.09289E-2 9.49533E-2 1.14117E-1 1.263E-1 1.82278E-1 2.69457E-1 3.19189E-1 5.43449E-1 6.4451E-1 7.53241E-1 -9999 -9999 -9999 -9999 -9999 -9999 -9999 -9999 -9999 -9999
7.12625E-1 4.81738E-1 2.58522E-1 4.06972E-1 4.40543E-1 4.31519E-1 4.66601E-1 5.85048E-1 6.21803E-1 6.37028E-1 6.58039E-1 6.31111E-1 5.70382E-1 6.01103E-1 6.22051E-1 6.00878E-1 5.74336E-1 5.95822E-1 5.66852E-1 4.89668E-1 4.96778E-1 5.47041E-1 4.49169E-1 4.26605E-1 3.56255E-1 3.72757E-1 3.99785E-1 4.07737E-1 4.39638E-1 3.82741E-1 2.59496E-1 1.8292E-1 1.51939E-1 1.50363E-1 1.16165E-1 1.44003E-1 1.78399E-1 1.58713E-1 1.40133E-1 1.2649E-1 1.36107E-1 1.37545E-1 1.37075E-1 1.37593E-1 1.36987E-1 1.1208E-1 1.44426E-1 1.92039E-1 1.89474E-1 1.62476E-1 1.67089E-1 2.31916E-1 5.09999E-1 5.66121E-1 8.58533E-1 -9999 -9999 -9999 -9999 -9999 -9999 -9999 -9999 -9999 -9999
5.88881E-1 2.75466E-1 3.04403E-1 3.83613E-1 4.76117E-1 4.70938E-1 4.76473E-1 5.35447E-1 6.39988E-1 6.54492E-1 6.09559E-1 6.59526E-1 6.92432E-1 6.07016E-1 4.59174E-1 5.28548E-1 5.07477E-1 4.86055E-1 4.80822E-1 6.05646E-1 6.66181E-1 4.78623E-1 3.59374E-1 2.92457E-1 2.81866E-1 4.58534E-1 4.05734E-1 3.92113E-1 4.61361E-1 3.44844E-1 1.80351E-1 1.15814E-1 1.19616E-1 1.22244E-1 1.17963E-1 1.7389E-1 2.04702E-1 2.18839E-1 1.89209E-1 1.607E-1 1.30728E-1 1.12675E-1 1.14451E-1 1.18697E-1 1.45281E-1 1.33044E-1 2.07093E-1 2.44331E-1 2.7477E-1 2.1915E-1 2.03509E-1 3.68977E-1 5.14705E-1 4.33366E-1 7.25661E-1 -9999 -9999 -9999 -9999 -9999 -9999 -9999 -9999 -9999 -9999
4.04297E-1 2.28869E-1 2.29928E-1 3.99062E-1 4.65542E-1 4.68316E-1 4.59216E-1 5.63434E-1 6.78503E-1 6.53111E-1 5.07293E-1 7.39778E-1 7.43353E-1 6.62169E-1 5.13653E-1 5.49655E-1 5.71436E-1 5.09176E-1 6.1546E-1 6.42636E-1 5.72274E-1 5.75467E-1 4.54957E-1 2.18909E-1 3.42768E-1 4.73345E-1 3.54118E-1 3.73483E-1 4.23648E-1 3.87458E-1 1.81259E-1 1.24865E-1 1.16643E-1 1.27894E-1 1.7494E-1 2.1794E-1 2.36822E-1 2.4817E-1 2.31045E-1 1.89276E-1 1.0003E-1 7.47179E-2 1.11203E-1 1.48679E-1 1.11601E-1 1.11193E-1 1.68422E-1 1.89768E-1 2.52683E-1 2.65411E-1 3.67994E-1 4.83668E-1 5.4972E-1 1.39468E-1 -9999 -9999 -9999 -9999 -9999 -9999 -9999 -9999 -9999 -9999 -9999
3.14988E-1 2.44506E-1 3.19215E-1 4.84441E-1 5.75693E-1 5.5505E-1 4.13267E-1 5.81025E-1 7.73688E-1 7.0011E-1 5.42315E-1 7.47492E-1 8.03214E-1 7.71808E-1 6.09063E-1 5.34857E-1 5.29689E-1 5.56968E-1 6.74053E-1 6.02672E-1 5.54768E-1 5.15625E-1 4.61878E-1 2.37756E-1 3.8103E-1 3.9809E-1 2.75613E-1 3.36034E-1 3.27828E-1 3.99034E-1 2.66493E-1 1.39614E-1 1.69093E-1 1.66827E-1 1.92921E-1 2.13168E-1 2.10544E-1 2.64204E-1 2.29341E-1 1.61321E-1 9.15187E-2 7.47935E-2 8.90253E-2 9.50194E-2 1.51822E-1 1.26888E-1 1.21781E-1 1.70176E-1 2.20303E-1 3.66381E-1 4.49696E-1 4.65787E-1 2.75299E-1 -9999 -9999 -9999 -9999 -9999 -9999 -9999 -9999 -9999 -9999 -9999 -9999
3.06178E-1 2.90334E-1 3.29315E-1 4.95531E-1 5.73364E-1 5.96675E-1 4.94071E-1 6.06609E-1 7.76903E-1 6.93405E-1 5.63537E-1 7.09317E-1 8.38279E-1 7.46104E-1 6.17629E-1 5.4223E-1 5.37645E-1 5.79784E-1 5.86032E-1 5.43334E-1 4.39296E-1 3.85699E-1 1.98662E-1 2.07181E-1 3.57797E-1 4.08519E-1 2.12997E-1 2.4875E-1 2.92822E-1 3.29416E-1 2.53023E-1 1.61794E-1 2.07144E-1 2.01076E-1 2.30679E-1 2.34483E-1 2.38209E-1 2.20873E-1 2.43062E-1 1.7631E-1 1.23496E-1 9.57657E-2 9.64135E-2 9.32175E-2 7.84687E-2 1.51152E-1 1.49491E-1 2.22514E-1 3.97403E-1 5.38645E-1 4.0821E-1 1.05653E-1 -9999 -9999 -9999 -9999 -9999 -9999 -9999 -9999 -9999 -9999 -9999 -9999 -9999
3.12097E-1 2.90043E-1 3.66909E-1 4.45785E-1 4.12395E-1 5.92284E-1 5.71302E-1 6.43935E-1 7.65657E-1 7.029E-1 6.42879E-1 8.34072E-1 8.07833E-1 7.50848E-1 6.977E-1 6.52056E-1 6.43929E-1 6.15104E-1 6.44298E-1 5.14898E-1 4.88532E-1 3.57883E-1 1.84565E-1 2.02233E-1 3.26643E-1 4.04979E-1 2.08177E-1 1.85489E-1 3.25695E-1 2.68592E-1 2.13087E-1 1.65097E-1 1.72928E-1 2.38223E-1 2.3719E-1 3.1197E-1 2.77858E-1 2.33344E-1 2.52275E-1 2.22603E-1 1.72569E-1 1.07407E-1 9.01518E-2 1.04638E-1 1.05215E-1 9.89442E-2 1.92461E-1 4.23363E-1 6.2262E-1 5.46781E-1 1.01931E-1 -9999 -9999 -9999 -9999 -9999 -9999 -9999 -9999 -9999 -9999 -9999 -9999 -9999 -9999
4.24788E-1 3.15487E-1 4.01417E-1 4.77908E-1 4.54616E-1 5.89207E-1 5.51949E-1 6.26219E-1 7.64336E-1 8.40913E-1 8.31235E-1 8.11728E-1 7.53502E-1 7.34119E-1 7.49831E-1 7.7808E-1 7.32177E-1 7.07384E-1 7.08398E-1 6.04399E-1 5.36745E-1 4.41434E-1 2.29338E-1 1.94881E-1 2.62338E-1 3.4765E-1 2.12276E-1 1.81401E-1 2.94094E-1 2.96269E-1 2.47373E-1 2.02413E-1 2.36255E-1 2.61692E-1 2.83665E-1 3.42369E-1 3.78375E-1 2.64336E-1 2.37737E-1 2.2141E-1 1.65304E-1 1.27126E-1 1.06749E-1 1.35924E-1 1.83117E-1 1.87105E-1 2.17962E-1 4.70069E-1 6.13147E-1 3.20335E-1 -9999 -9999 -9999 -9999 -9999 -9999 -9999 -9999 -9999 -9999 -9999 -9999 -9999 -9999 -9999
4.96197E-1 4.38801E-1 4.76599E-1 5.39423E-1 4.85318E-1 5.8686E-1 6.81032E-1 7.22384E-1 7.9855E-1 8.72557E-1 8.87372E-1 8.15778E-1 6.94662E-1 6.95652E-1 8.25174E-1 8.25903E-1 7.73972E-1 7.63822E-1 7.49486E-1 6.97055E-1 6.03998E-1 4.32891E-1 3.10367E-1 2.5419E-1 2.47715E-1 2.64145E-1 1.76334E-1 1.96766E-1 2.5084E-1 2.8617E-1 3.35058E-1 2.26367E-1 2.18508E-1 2.79602E-1 3.02785E-1 3.08144E-1 3.89039E-1 2.31076E-1 2.26458E-1 2.02811E-1 1.55749E-1 1.11949E-1 1.05586E-1 1.67368E-1 2.07142E-1 2.22116E-1 3.0511E-1 4.79782E-1 3.92808E-1 4.75061E-1 -9999 -9999 -9999 -9999 -9999 -9999 -9999 -9999 -9999 -9999 -9999 -9999 -9999 -9999 -9999
