layers/je.asc
ncols         638
nrows         825
xllcorner     -2985163.8955
yllcorner     -3022031.214
cellsize      10000.0
NODATA_value  -9999
[rows 464 to 492 of 825, columns 195 to 259 of 638]
-9999 2.39775E-4 4.14027E-4 2.26315E-4 1.33087E-3 9.75274E-4 7.38164E-4 1.09219E-3 6.94498E-4 2.3763E-4 1.83371E-4 7.15446E-5 1.99597E-5 1.32915E-5 1.26835E-5 5.20134E-6 6.30169E-6 2.07578E-5 2.07552E-5 1.66343E-5 1.2724E-5 1.55452E-6 1.36851E-6 3.69726E-6 3.7081E-6 2.96116E-6 2.23173E-6 7.08229E-6 7.02409E-6 1.58078E-5 2.7376E-5 1.34742E-5 2.85278E-5 3.44196E-5 3.14663E-5 3.69809E-5 5.75653E-5 7.14122E-5 1.07625E-4 8.13016E-5 1.8394E-4 2.65415E-4 3.26696E-4 5.62179E-4 4.05986E-3 7.11765E-3 3.16371E-3 1.64067E-4 1.37131E-3 1.96906E-2 1.29255E-2 1.41706E-1 5.20566E-1 1.21931E-1 2.09012E-2 1.87555E-2 1.82714E-2 2.16803E-2 2.04998E-2 1.31328E-2 7.72522E-3 5.54087E-3 4.4684E-3 3.28813E-3 2.87845E-3
-9999 2.82706E-4 4.55768E-4 3.78674E-4 1.15202E-3 8.38343E-4 8.20373E-4 7.55174E-4 6.18261E-4 4.02042E-4 1.65177E-4 1.02281E-4 3.51015E-5 1.85425E-5 2.16351E-5 7.09683E-6 5.86252E-6 2.28703E-5 1.73324E-5 1.02198E-5 8.93016E-6 5.18649E-6 4.59749E-6 4.35931E-6 5.13777E-6 3.36905E-6 2.04483E-6 1.18957E-5 8.51899E-6 6.90079E-6 1.86398E-5 1.19409E-5 3.13121E-5 4.28727E-5 4.63217E-5 4.43456E-5 6.96932E-5 5.05123E-5 7.03432E-5 1.31421E-4 7.48585E-4 8.66733E-4 4.53948E-4 2.49701E-4 2.6088E-3 3.42226E-3 7.87021E-4 7.45586E-5 6.54098E-4 1.02347E-2 2.88458E-2 4.7747E-1 1.47003E-1 3.11787E-2 1.72736E-2 1.56629E-2 1.35772E-2 1.4855E-2 1.86065E-2 1.26249E-2 7.1815E-3 4.95398E-3 3.95143E-3 3.19177E-3 3.5934E-3
1.40493E-4 3.595E-4 1.0804E-3 1.13743E-3 1.09096E-3 1.14601E-3 3.78701E-4 4.86314E-4 5.76029E-4 4.80848E-4 1.71303E-4 1.09217E-4 3.74803E-5 2.66285E-5 2.49089E-5 1.21358E-5 1.32443E-5 2.65807E-5 1.09977E-5 8.16999E-6 7.10158E-6 5.12593E-6 4.75757E-6 5.97435E-6 6.94397E-6 3.30674E-6 3.65273E-6 1.27565E-5 4.73028E-6 4.38294E-6 1.01918E-5 9.46554E-6 3.27184E-5 3.38967E-5 7.22153E-5 9.99545E-5 9.11791E-5 5.69812E-5 1.80293E-4 4.72293E-4 4.38413E-4 1.33717E-3 5.07967E-4 3.47805E-4 5.14296E-4 9.52993E-4 1.7356E-4 7.85049E-5 6.55841E-4 2.40417E-2 2.23903E-1 1.01787E-1 1.9683E-2 1.77431E-2 1.55063E-2 1.41098E-2 1.14831E-2 1.19277E-2 1.68031E-2 1.25606E-2 6.86457E-3 4.84838E-3 4.03314E-3 3.44878E-3 3.03203E-3
1.37976E-4 1.47711E-4 6.87358E-4 1.15769E-3 1.5843E-3 1.11191E-3 7.19355E-4 5.52127E-4 5.48875E-4 5.28029E-4 2.38879E-4 2.01006E-4 4.15865E-5 4.29767E-5 2.72108E-5 6.77431E-6 7.61839E-6 2.48992E-5 6.45535E-6 1.08641E-5 2.13591E-6 2.97657E-6 1.80215E-6 1.68085E-6 2.50248E-6 1.8342E-6 5.84572E-6 1.4638E-5 6.14202E-6 1.06141E-5 2.53197E-5 1.78135E-5 1.63201E-5 9.82209E-6 3.39404E-5 1.21663E-4 2.04883E-4 1.54107E-4 8.32545E-4 2.48072E-4 8.03967E-4 7.56319E-4 1.00649E-3 5.49217E-4 5.48835E-4 4.115E-4 1.15369E-4 3.45503E-4 9.59639E-3 1.47336E-1 2.43305E-1 2.16958E-2 1.63817E-2 1.60271E-2 1.38377E-2 1.22471E-2 9.74977E-3 1.00812E-2 1.39623E-2 1.01752E-2 6.08131E-3 4.98197E-3 3.87373E-3 3.77404E-3 2.91508E-3
8.80314E-5 7.08206E-5 3.48011E-4 1.01478E-3 1.4682E-3 1.32844E-3 9.26965E-4 6.39352E-4 6.68752E-4 6.98035E-4 5.8813E-4 1.02604E-4 3.34523E-5 2.29862E-5 1.45823E-5 5.29312E-6 7.89872E-6 2.34998E-5 1.87241E-5 1.26922E-5 3.25963E-6 1.23552E-6 1.61748E-6 2.33564E-6 3.22145E-6 5.46336E-6 1.05916E-5 1.76966E-5 1.24294E-5 3.01029E-5 1.43182E-4 1.44916E-4 1.58373E-5 9.25238E-6 1.55617E-5 1.35414E-4 1.65006E-4 4.65016E-4 1.13367E-3 1.04678E-3 8.189E-4 1.06032E-3 1.55723E-3 1.27405E-3 1.02892E-3 5.29232E-5 4.52829E-5 4.07585E-3 1.96394E-1 1.42272E-1 4.88526E-2 1.38835E-2 1.44673E-2 1.40063E-2 1.31895E-2 1.06888E-2 8.74163E-3 8.72851E-3 1.26571E-2 8.72355E-3 5.49352E-3 4.81732E-3 3.62701E-3 3.04091E-3 2.59649E-3
2.30963E-4 8.9198E-5 3.37404E-4 1.05743E-3 1.3637E-3 1.68405E-3 1.34753E-3 7.86707E-4 8.3263E-4 8.51762E-4 2.96978E-4 7.03361E-5 2.1303E-5 1.11795E-5 4.02022E-6 4.09192E-6 7.72931E-6 1.15442E-5 1.20107E-5 8.37285E-6 7.57097E-6 5.05097E-6 4.36588E-6 1.38657E-6 5.19717E-6 5.88964E-6 8.14E-6 1.79864E-5 8.39279E-6 7.40427E-5 2.64394E-4 1.69493E-4 6.01884E-5 1.69596E-5 3.76304E-5 4.33834E-5 7.01908E-5 3.09628E-4 9.37641E-4 1.01937E-3 8.46379E-4 9.01501E-4 8.22439E-4 1.49127E-3 2.27354E-4 4.21351E-5 2.02228E-4 7.63209E-3 2.13005E-1 7.97641E-2 1.80138E-2 9.67715E-3 1.08916E-2 1.14898E-2 1.13858E-2 9.21295E-3 7.69476E-3 1.07844E-2 1.15193E-2 1.00155E-2 6.37943E-3 5.72372E-3 3.74222E-3 2.26838E-3 1.83823E-3
1.28996E-4 8.06183E-5 3.16943E-4 1.2169E-3 1.61793E-3 1.22156E-3 1.41741E-3 8.80229E-4 8.47064E-4 9.17416E-4 2.62126E-4 9.69334E-5 2.58138E-5 9.13281E-6 5.27588E-6 6.89541E-6 5.83522E-6 4.39377E-6 6.6099E-6 5.14785E-6 2.13919E-6 3.17138E-6 3.42355E-6 2.05375E-6 6.49748E-6 6.15324E-6 5.67589E-6 2.27572E-5 6.36122E-6 1.26751E-4 2.5874E-4 1.25796E-4 3.1615E-4 3.38379E-5 3.38397E-5 6.11024E-5 5.18561E-5 9.56451E-4 9.10536E-4 7.64262E-4 5.09096E-4 2.78448E-4 1.21126E-4 1.56281E-4 5.55863E-5 1.38467E-4 2.48177E-3 8.45075E-3 1.00776E-1 6.4415E-2 8.90405E-3 7.36144E-3 8.55675E-3 9.27548E-3 9.07714E-3 7.89325E-3 8E-3 1.01289E-2 1.4298E-2 1.24187E-2 9.23953E-3 7.4046E-3 3.88471E-3 2.10782E-3 1.6032E-3
5.66253E-5 9.23295E-5 3.99038E-4 1.4408E-3 1.56703E-3 1.09604E-3 1.43835E-3 7.95534E-4 7.64167E-4 5.91487E-4 2.09844E-4 1.06953E-4 4.25929E-5 1.33157E-5 1.33934E-5 7.37291E-6 8.76951E-6 5.32755E-6 6.85512E-6 4.56323E-6 2.84586E-6 5.20242E-6 5.85938E-6 6.65897E-6 6.81404E-6 8.75319E-6 1.11693E-5 2.72274E-5 1.14633E-5 7.52989E-5 2.12359E-4 1.66068E-4 2.16125E-4 9.7239E-5 2.22341E-5 3.64422E-5 1.1215E-4 1.06506E-3 1.39583E-3 5.04016E-4 6.18071E-4 3.01955E-4 1.82204E-4 5.48791E-4 6.52824E-4 6.98351E-4 1.57261E-2 1.56364E-2 3.53588E-2 1.08198E-1 1.13148E-2 5.59894E-3 6.20912E-3 6.70319E-3 6.69795E-3 6.40896E-3 6.13051E-3 1.111E-2 1.29088E-2 7.47296E-3 8.41947E-3 6.85256E-3 3.1956E-3 2.2691E-3 1.49958E-3
6.82456E-5 1.5314E-4 2.75456E-4 7.06473E-4 1.58512E-3 1.08268E-3 1.96918E-3 2.13864E-3 9.70871E-4 4.90543E-4 1.46031E-4 9.40162E-5 4.37799E-5 9.72289E-6 7.02133E-6 5.45428E-6 9.93818E-6 8.20553E-6 6.62512E-6 3.87046E-6 5.28728E-6 5.96673E-6 5.57521E-6 8.86732E-6 6.57981E-6 9.5058E-6 4.80521E-6 2.26522E-5 1.50058E-5 7.09565E-5 1.72856E-4 2.25923E-4 3.07742E-4 2.99898E-5 1.65384E-5 1.85528E-5 6.42158E-4 1.50738E-3 4.56304E-4 7.1463E-4 3.13434E-4 2.01239E-4 1.43179E-3 4.46087E-3 6.07635E-3 1.27781E-3 1.20033E-2 2.20415E-2 2.69725E-2 1.08279E-1 1.69308E-2 4.77026E-3 4.70519E-3 4.92615E-3 5.05998E-3 4.98783E-3 5.44213E-3 7.55834E-3 9.12535E-3 6.70256E-3 5.68223E-3 5.56539E-3 5.1089E-3 2.38424E-3 1.76558E-3
8.95161E-5 2.63757E-4 1.92082E-4 9.96614E-4 1.44623E-3 1.61514E-3 1.23493E-3 1.22526E-3 1.24448E-3 5.81346E-4 2.83711E-4 1.08264E-4 2.24772E-5 1.01747E-5 1.90697E-6 2.48003E-6 7.54709E-6 8.72161E-6 6.34572E-6 2.60875E-6 4.86933E-6 7.70598E-6 7.49026E-6 1.08417E-5 7.26843E-6 5.91578E-6 4.09608E-6 1.74656E-5 1.03138E-5 5.60293E-5 2.29964E-4 4.50801E-4 2.9006E-4 5.83516E-6 1.54325E-5 2.90097E-5 5.25876E-4 6.65143E-4 4.35657E-4 1.45878E-3 9.68107E-4 2.17799E-3 9.83822E-4 6.90364E-4 1.36169E-3 4.19738E-3 9.22651E-3 1.69559E-2 3.07385E-2 6.79356E-2 4.81335E-2 4.60907E-3 3.92578E-3 3.77312E-3 3.90951E-3 3.92576E-3 4.07718E-3 5.17679E-3 7.7585E-3 4.95992E-3 4.64908E-3 3.34395E-3 4.13727E-3 2.97388E-3 1.79721E-3
9.32057E-5 1.25566E-4 1.64172E-4 4.16585E-4 1.38473E-3 1.59874E-3 9.76047E-4 1.29418E-3 6.68768E-4 5.58042E-4 2.24578E-4 8.95391E-5 2.68087E-5 1.02217E-5 1.50441E-6 2.54629E-6 7.71344E-6 4.80314E-6 3.95568E-6 2.49174E-6 2.82631E-6 3.52203E-6 5.03872E-6 4.89742E-6 8.04171E-6 7.04876E-6 7.95116E-6 2.47182E-5 1.19568E-5 5.07375E-5 1.99019E-4 6.67786E-4 4.76142E-4 2.19356E-5 1.88845E-4 2.47536E-4 2.47285E-3 7.73551E-4 5.567E-4 1.85928E-3 2.81847E-3 6.39006E-4 2.82814E-4 3.50999E-4 3.68525E-4 5.81681E-3 2.43225E-3 5.47526E-3 2.3933E-2 2.8767E-2 9.85235E-2 6.39309E-3 2.83765E-3 2.81613E-3 3.03534E-3 2.92602E-3 2.90204E-3 4.1348E-3 8.17689E-3 8.65619E-3 4.88287E-3 3.20135E-3 2.02503E-3 3.44894E-3 3.66168E-3
1.46982E-4 1.31708E-4 4.05024E-4 6.06496E-4 9.48492E-4 1.56574E-3 8.79921E-4 1.25397E-3 4.70575E-4 5.04444E-4 1.79151E-4 5.29113E-5 2.43412E-5 5.52363E-6 2.22934E-6 3.14457E-6 3.90863E-6 1.6387E-6 3.97302E-6 3.21474E-6 4.24179E-6 1.62107E-6 5.55835E-6 3.13494E-6 4.58229E-6 2.71698E-6 7.58126E-6 3.52934E-5 2.55444E-5 4.4862E-5 2.0779E-4 6.11502E-4 5.82916E-4 7.28079E-5 8.40582E-4 7.90221E-4 2.97868E-3 4.40765E-4 5.56607E-4 1.38126E-3 1.29391E-3 2.92687E-4 3.06645E-4 5.39117E-4 5.90875E-4 2.3764E-3 1.53399E-3 1.99038E-3 1.57534E-2 2.02733E-2 9.20742E-2 1.16336E-2 2.35759E-3 2.50104E-3 2.64855E-3 2.20851E-3 2.3192E-3 3.47869E-3 9.34206E-3 1.13018E-2 5.7447E-3 2.44391E-3 1.69358E-3 1.5939E-3 3.44688E-3
1.70562E-4 1.85672E-4 4.7977E-4 4.54865E-4 1.03028E-3 1.60809E-3 7.41498E-4 1.35513E-3 2.1603E-4 2.65244E-4 1.17581E-4 3.06656E-5 1.23097E-5 1.3933E-5 5.81122E-6 1.58649E-6 1.73129E-6 1.31438E-6 3.76475E-6 3.20248E-6 8.88383E-6 2.68629E-6 2.70197E-6 4.82156E-6 4.44561E-6 4.03111E-6 7.4835E-6 4.04983E-5 7.3116E-5 6.53004E-5 2.35347E-4 1.71838E-4 5.19439E-4 3.13708E-4 1.56796E-3 5.37488E-4 3.24042E-3 3.96694E-4 6.62703E-4 8.76563E-4 1.00371E-3 3.21944E-4 4.70931E-4 6.19328E-4 5.35216E-4 1.7765E-3 6.52767E-4 1.43418E-3 8.24586E-3 3.01413E-2 6.92547E-2 2.79318E-2 2.21072E-3 2.31863E-3 2.59056E-3 2.01771E-3 2.64037E-3 3.56253E-3 9.00519E-3 7.46592E-3 4.02081E-3 2.01295E-3 1.41806E-3 1.58616E-3 2.49528E-3
3.26341E-4 6.07051E-4 7.30952E-4 4.25388E-4 6.34741E-4 1.48084E-3 9.90267E-4 1.1079E-3 3.3893E-4 1.18551E-4 3.87969E-5 1.84844E-5 7.40537E-6 1.35878E-5 7.17546E-6 2.6682E-6 1.16534E-5 2.71116E-6 4.99563E-6 3.82562E-6 8.04089E-6 5.3274E-6 3.28962E-6 4.51954E-6 5.06683E-6 5.77779E-6 6.58338E-6 4.05047E-5 4.28902E-5 3.8674E-5 1.32293E-4 3.48886E-5 6.87847E-4 1.76535E-3 9.31075E-4 3.0592E-4 3.70302E-3 8.66613E-4 8.03224E-4 9.8311E-4 1.1385E-3 5.23948E-4 5.79262E-4 5.38996E-4 5.06778E-4 1.67561E-3 2.47521E-4 9.92272E-4 7.66172E-3 2.31903E-2 5.27737E-2 3.36895E-2 2.45101E-3 2.37504E-3 2.52095E-3 2.04098E-3 2.54412E-3 3.42631E-3 7.08187E-3 6.35058E-3 4.19344E-3 1.89601E-3 1.30601E-3 1.36671E-3 1.50008E-3
5.28164E-4 4.86893E-4 4.01512E-4 1.26026E-4 6.44323E-4 8.24012E-4 1.08173E-3 8.1441E-4 5.88231E-4 1.62289E-4 2.57265E-5 1.21099E-5 4.26084E-6 6.02341E-6 7.28981E-6 1.75551E-5 2.71059E-5 6.20119E-6 6.55496E-6 4.09584E-6 7.50447E-6 3.9807E-6 2.44104E-6 4.84504E-6 7.51112E-6 6.87498E-6 8.12379E-6 2.71694E-5 2.57372E-5 8.28496E-6 1.01081E-5 1.16541E-5 2.24411E-4 3.45751E-4 3.20623E-4 1.34443E-4 3.84163E-3 1.16239E-3 1.08938E-3 8.12231E-4 6.94533E-4 5.00421E-4 5.43155E-4 8.20261E-4 5.05927E-4 1.52418E-3 2.79741E-4 1.83113E-4 3.99791E-3 1.35919E-2 3.7841E-2 3.37052E-2 5.38483E-3 3.95514E-3 3.175E-3 2.18556E-3 2.08523E-3 2.34474E-3 8.67872E-3 4.15036E-3 2.54664E-3 1.58676E-3 1.17772E-3 9.98982E-4 1.45375E-3
4.471E-4 7.45189E-4 7.30755E-4 2.35545E-4 6.617E-4 1.01133E-3 1.06546E-3 5.5091E-4 2.38488E-4 9.19418E-5 3.11605E-5 9.71355E-6 6.77897E-6 1.11595E-5 7.82935E-6 1.19211E-5 1.10646E-5 1.46752E-5 8.51111E-6 3.57837E-6 2.76677E-6 4.64872E-6 5.86493E-6 5.70184E-6 4.86221E-6 5.35778E-6 6.05274E-6 1.85242E-5 1.38983E-5 1.36513E-5 5.86136E-6 7.04459E-5 2.69808E-4 1.52516E-3 1.47768E-3 1.42469E-4 5.51866E-3 1.41256E-3 1.15921E-3 1.06434E-3 6.94302E-4 4.5985E-4 5.14341E-4 5.18046E-4 5.51559E-4 1.86847E-3 2.56461E-4 3.65063E-5 1.75349E-3 9.6526E-3 2.21829E-2 3.04736E-2 4.09547E-2 3.4629E-2 1.50031E-2 3.46492E-3 1.89206E-3 1.91734E-3 9.38953E-3 3.60682E-3 1.58985E-3 1.26986E-3 1.07538E-3 9.40956E-4 1.40846E-3
5.01261E-4 1.19875E-3 1.2738E-3 3.5917E-4 8.32999E-4 1.47105E-3 7.56414E-4 2.30957E-4 1.01965E-4 3.70163E-5 1.69241E-5 7.48901E-6 6.85077E-6 9.20521E-6 2.55057E-6 4.24416E-6 8.32758E-6 1.9974E-5 1.12687E-5 5.74701E-6 5.04464E-6 6.11142E-6 7.52522E-6 6.44165E-6 2.39881E-6 4.57642E-6 5.66904E-6 1.34072E-5 1.22962E-5 1.59515E-5 7.719E-6 2.11307E-4 4.37215E-4 1.99895E-3 2.31771E-3 5.45057E-4 6.02778E-3 2.75544E-3 2.18874E-3 1.57737E-3 1.07027E-3 5.92551E-4 5.63569E-4 5.64689E-4 5.95466E-4 2.1857E-3 1.91901E-4 1.2256E-5 1.08675E-3 6.29902E-3 1.36156E-2 2.73719E-2 6.07259E-2 4.7897E-2 3.97427E-2 6.74663E-3 1.93246E-3 1.85416E-3 7.43274E-3 3.55445E-3 1.39461E-3 1.15189E-3 9.81987E-4 9.59622E-4 1.42939E-3
7.08659E-4 1.08485E-3 8.49591E-4 1.23967E-4 1.03175E-3 1.12514E-3 2.18553E-4 9.47783E-5 6.51144E-5 3.21289E-5 1.37574E-5 7.4592E-6 1.59591E-5 1.05911E-5 5.62403E-7 3.03973E-6 6.00211E-6 1.63533E-5 1.41327E-5 9.87424E-6 7.57583E-6 7.63521E-6 1.20495E-5 1.39222E-5 5.15237E-6 5.87819E-6 3.78155E-5 1.33516E-5 2.99338E-5 1.46566E-5 8.18424E-6 1.09703E-4 7.62763E-4 1.74035E-3 2.03792E-3 3.75767E-3 2.45432E-3 2.72869E-3 3.47114E-3 1.91712E-3 1.1356E-3 8.7441E-4 8.7282E-4 8.9586E-4 8.68239E-4 3.49299E-3 2.1451E-4 1.8995E-5 4.37292E-4 5.15876E-3 1.25169E-2 2.02018E-2 5.24428E-2 4.44291E-2 3.71293E-2 6.55641E-3 1.59694E-3 1.71791E-3 4.14892E-3 2.96175E-3 1.34149E-3 1.03896E-3 9.06082E-4 9.19315E-4 1.2347E-3
7.38088E-4 9.8614E-4 9.80261E-4 2.84075E-4 1.61365E-3 9.52483E-4 1.70824E-4 3.89508E-5 5.36573E-5 2.35787E-5 1.4164E-5 1.41191E-5 6.33146E-6 3.03243E-6 7.80499E-7 6.58836E-6 9.198E-6 1.51274E-5 1.62151E-5 1.14404E-5 1.13584E-5 1.16005E-5 1.34948E-5 1.07816E-5 8.83224E-6 2.29346E-5 1.11585E-4 2.18707E-5 5.34394E-5 3.50428E-5 5.45741E-6 4.98095E-5 6.68875E-4 4.71441E-4 4.00593E-4 5.44433E-4 6.71346E-4 3.05036E-3 6.55078E-3 1.6088E-3 2.22071E-3 1.03552E-3 1.88913E-3 1.64415E-3 1.69586E-3 3.85954E-3 2.66653E-4 6.78023E-5 8.68803E-4 9.29414E-3 7.99756E-3 1.76123E-2 5.35648E-2 4.4307E-2 2.47399E-2 3.568E-3 1.23569E-3 1.73417E-3 2.49263E-3 2.53582E-3 1.27454E-3 9.76611E-4 9.25081E-4 9.17382E-4 9.95997E-4
8.41785E-4 7.04454E-4 1.39679E-3 8.7016E-4 1.629E-3 9.14003E-4 2.83097E-4 5.73281E-5 2.90069E-5 1.50707E-5 8.72471E-6 5.42481E-6 7.37013E-7 5.38246E-7 1.96733E-6 1.55511E-5 1.74825E-5 1.67482E-5 1.85296E-5 2.27626E-5 1.66059E-5 5.89357E-6 8.8732E-6 9.55235E-6 4.12637E-5 1.24677E-4 1.49371E-4 1.33381E-4 1.64303E-4 8.21464E-5 3.83693E-6 5.57234E-5 2.1069E-4 2.65215E-4 2.20527E-4 7.41693E-4 3.37521E-4 1.21788E-3 2.35338E-3 2.32753E-3 2.09459E-3 1.73581E-3 2.36118E-3 2.96766E-3 3.07017E-3 1.53031E-3 3.70319E-4 1.26541E-4 5.08138E-3 5.67994E-3 3.30379E-3 2.15453E-2 6.4969E-2 4.25074E-2 1.62586E-2 2.24211E-3 9.90481E-4 1.22749E-3 2.03876E-3 2.09192E-3 1.2134E-3 9.56923E-4 9.46369E-4 9.21926E-4 9.79885E-4
6.14379E-4 1.07196E-3 1.51932E-3 1.08041E-3 1.78147E-3 5.47111E-4 3.40241E-4 9.68943E-5 1.23803E-5 1.53386E-5 5.70143E-6 2.24699E-6 8.04533E-7 7.13684E-7 3.30114E-6 1.63155E-5 1.98009E-5 1.94419E-5 2.05483E-5 2.43872E-5 1.81906E-5 3.63488E-6 1.27118E-5 3.41558E-5 1.66254E-4 8.16488E-5 1.6007E-4 2.89109E-4 1.92221E-4 7.76603E-5 4.416E-6 3.33422E-5 3.3517E-4 5.41771E-4 1.62516E-4 1.4062E-3 6.76782E-4 6.06118E-4 4.9272E-4 3.28625E-3 1.94227E-3 1.38215E-3 6.95817E-3 1.07538E-2 6.56107E-3 6.73406E-4 5.49005E-4 1.42646E-3 2.24446E-2 2.21071E-3 1.23776E-2 4.71821E-2 6.74925E-2 2.86593E-2 7.18498E-3 1.33082E-3 8.8387E-4 9.07E-4 1.57542E-3 1.87405E-3 1.18142E-3 9.52121E-4 9.26405E-4 9.36358E-4 1.01031E-3
1.20805E-3 1.15109E-3 1.52809E-3 1.54971E-3 1.87985E-3 5.66615E-4 3.40265E-4 1.6403E-4 1.43575E-5 6.28234E-6 9.0602E-6 3.27477E-6 9.26413E-7 5.60317E-7 1.6111E-6 1.25525E-5 1.92931E-5 1.32111E-5 2.35089E-5 2.56955E-5 1.84705E-5 4.66152E-6 4.28115E-5 9.98979E-5 2.89404E-4 7.52294E-5 2.52113E-4 4.22156E-4 2.8952E-4 9.52838E-6 6.84414E-6 5.50634E-5 3.27005E-4 3.83636E-4 4.58992E-4 1.42106E-3 1.21184E-4 3.39703E-4 3.14667E-4 2.73646E-3 1.58838E-3 2.34875E-3 9.03789E-3 3.52741E-3 8.35034E-3 6.47718E-4 4.5603E-3 1.53586E-2 2.75411E-3 8.8417E-4 1.12465E-2 4.55908E-2 7.128E-2 1.96436E-2 3.56342E-3 1.13846E-3 8.18156E-4 7.12986E-4 1.28688E-3 1.8531E-3 1.18239E-3 9.391E-4 9.44134E-4 9.70352E-4 1.074E-3
1.28208E-3 1.14295E-3 8.83054E-4 1.18305E-3 1.73465E-3 5.07713E-4 3.8238E-4 2.28343E-4 3.24432E-5 1.09275E-5 2.29982E-5 1.0835E-5 4.33772E-7 2.32682E-6 4.04346E-6 5.94374E-6 6.89067E-6 2.40316E-5 2.86302E-5 3.02103E-5 2.32379E-5 8.22061E-6 6.24099E-5 7.85615E-5 8.57178E-5 9.25231E-5 2.7967E-4 4.59809E-4 2.48561E-4 7.82164E-6 1.40596E-5 5.50527E-5 2.44258E-4 1.27828E-4 1.53021E-3 1.53582E-3 1.55368E-4 3.05573E-4 3.18398E-4 2.25524E-3 5.69735E-3 6.8989E-3 1.87844E-2 6.07725E-3 4.12063E-3 4.40594E-3 1.66947E-2 1.51778E-3 7.83732E-4 6.48648E-4 7.70546E-3 3.51776E-2 5.98264E-2 1.78803E-2 2.22861E-3 1.00053E-3 7.12771E-4 6.9773E-4 1.13774E-3 1.60866E-3 1.60793E-3 9.41155E-4 9.24188E-4 9.86132E-4 1.15197E-3
5.30082E-4 4.50597E-4 1.0849E-3 1.21817E-3 1.20923E-3 2.24052E-4 1.78075E-4 1.32305E-4 2.50078E-5 1.02065E-5 2.32115E-5 4.04139E-6 4.77368E-7 3.8987E-6 4.70228E-6 5.21277E-6 3.67453E-6 2.47892E-5 3.10441E-5 3.37939E-5 2.85085E-5 1.7309E-5 5.24561E-5 8.19446E-5 1.38231E-4 2.37794E-4 1.15143E-4 2.94063E-4 2.29354E-4 3.4134E-5 3.58508E-5 4.67344E-5 2.81303E-4 4.12667E-4 1.60948E-3 1.72254E-3 2.4105E-4 5.56632E-4 6.01842E-4 2.38581E-3 1.13169E-2 1.19896E-2 1.52E-2 1.64482E-3 6.18337E-3 5.22233E-3 4.89223E-4 5.35037E-4 5.56847E-4 5.34625E-4 7.76099E-3 2.76907E-2 5.00723E-2 1.52297E-2 1.25955E-3 8.02406E-4 6.69944E-4 8.25545E-4 9.78069E-4 2.09151E-3 1.80558E-3 1.51709E-3 1.4865E-3 1.74899E-3 2.52822E-3
7.15398E-4 8.79508E-4 1.50084E-3 2.0488E-3 1.05256E-3 3.00748E-4 6.0278E-5 4.97876E-5 2.52846E-5 1.42388E-5 5.28847E-6 2.28262E-6 1.03711E-6 4.91913E-6 6.31219E-6 6.72669E-6 8.12986E-6 3.51492E-5 2.86334E-5 2.41388E-5 2.98873E-5 3.72902E-5 2.76742E-5 3.50628E-5 1.83625E-4 3.03412E-4 6.92224E-4 1.57989E-4 5.09462E-4 5.43762E-5 7.55137E-6 5.50166E-6 2.8149E-5 6.49922E-4 1.91754E-3 1.97975E-3 2.73175E-4 7.7548E-4 1.98027E-3 2.47985E-3 5.25002E-3 2.13779E-2 1.69005E-2 9.86109E-3 1.5109E-3 7.71041E-4 6.07085E-4 4.82057E-4 5.29211E-4 5.0928E-4 3.81986E-3 8.43235E-3 3.60787E-2 1.26108E-2 1.03186E-3 7.04168E-4 6.2442E-4 1.03962E-3 1.29643E-3 2.10128E-3 1.80839E-3 1.66375E-3 1.74161E-3 2.12272E-3 3.17377E-3
5.29482E-4 8.64909E-4 1.76081E-3 1.51922E-3 1.04895E-3 3.34393E-4 2.62879E-5 2.07417E-5 2.19479E-5 1.57248E-5 1.35394E-6 6.00733E-7 4.12791E-7 2.11894E-6 9.54309E-6 7.3315E-6 1.11975E-5 4.12166E-5 3.88581E-5 3.07292E-5 3.15627E-5 1.85328E-5 2.04481E-5 7.58898E-5 3.71067E-5 1.2075E-4 1.04175E-3 4.14723E-4 3.85923E-4 2.69611E-5 2.58756E-6 2.66711E-6 8.49329E-6 6.87278E-4 2.08082E-3 2.40477E-3 3.06027E-4 3.46667E-4 2.69265E-3 2.29107E-3 1.59838E-3 1.95862E-2 2.66663E-2 9.42149E-3 7.49899E-4 6.55683E-4 6.18493E-4 5.527E-4 5.68855E-4 5.40707E-4 5.48889E-4 1.12008E-2 3.54652E-2 1.71444E-2 9.79302E-4 6.59357E-4 6.07163E-4 1.02271E-3 1.74867E-3 1.98274E-3 1.613E-3 1.52428E-3 1.74738E-3 2.12745E-3 2.90337E-3
5.22221E-4 1.26546E-3 1.9293E-3 1.30538E-3 7.70678E-4 1.93006E-4 8.35949E-6 1.64447E-5 1.13934E-5 6.61301E-6 2.50882E-6 2.86871E-6 4.54144E-7 1.09223E-6 6.35887E-6 6.26162E-6 2.02961E-5 4.15161E-5 6.0408E-5 4.06393E-5 9.40015E-6 2.84818E-6 3.0675E-5 6.88406E-5 3.04867E-5 6.79956E-5 8.78385E-4 3.10387E-4 4.20367E-4 2.43368E-5 1.76138E-6 2.24845E-6 7.10722E-6 4.95579E-4 2.14388E-3 2.75301E-3 2.74692E-4 3.82688E-4 2.84308E-3 2.36916E-3 1.01362E-3 3.62817E-2 6.97645E-3 1.5505E-3 6.2545E-4 7.22762E-4 6.48238E-4 5.85243E-4 5.97283E-4 5.91531E-4 5.49302E-4 2.13541E-2 2.09624E-2 1.93018E-2 9.82017E-4 6.29902E-4 5.99757E-4 9.99849E-4 1.75307E-3 1.90423E-3 1.53431E-3 1.51219E-3 1.69342E-3 1.98847E-3 2.25827E-3
5.11525E-4 1.66823E-3 1.79812E-3 1.12552E-3 3.88753E-4 1.56556E-4 1.11494E-5 9.1735E-6 3.14521E-6 2.24137E-6 2.58328E-6 9.61475E-6 7.91359E-7 1.23985E-6 3.26774E-6 8.36058E-6 2.02229E-5 1.56522E-5 2.77574E-5 3.49254E-5 1.04961E-5 1.1644E-6 3.24962E-5 1.90864E-5 1.10835E-4 5.22449E-4 2.15849E-4 2.47381E-4 4.91868E-4 7.40305E-5 3.4364E-6 7.68624E-6 4.08254E-5 1.00039E-3 2.5656E-3 2.9366E-3 2.70908E-4 1.55647E-3 3.51886E-3 3.56479E-3 5.32092E-3 7.57569E-3 2.05205E-3 5.20546E-4 7.81228E-4 7.30424E-4 6.63778E-4 6.46917E-4 6.22118E-4 6.57311E-4 6.01017E-4 1.90101E-2 1.75005E-2 9.26022E-3 8.82242E-4 5.96233E-4 5.46061E-4 8.95844E-4 1.65145E-3 1.84289E-3 1.58354E-3 1.52618E-3 1.65645E-3 1.85205E-3 1.9768E-3
4.5444E-4 1.41821E-3 1.52695E-3 9.30392E-4 2.7751E-4 1.37596E-4 1.68494E-5 1.87124E-6 3.09792E-6 1.26601E-6 2.90991E-6 5.3411E-6 1.81314E-6 1.18023E-6 1.93272E-6 6.55801E-6 1.97318E-5 2.45411E-5 3.36977E-5 1.73003E-5 1.14885E-5 1.14309E-6 8.63901E-5 7.40086E-5 4.95101E-4 3.09713E-4 1.23505E-3 2.12894E-4 3.03346E-4 3.40385E-4 2.08962E-5 5.02649E-5 1.10796E-4 1.71272E-3 1.25387E-3 1.74049E-3 1.10636E-3 1.54717E-3 3.90977E-3 3.43338E-3 6.13737E-3 6.46888E-4 8.96213E-4 1.01117E-3 5.6018E-4 7.21119E-4 7.86944E-4 9.05882E-4 1.03425E-3 9.93346E-4 8.24468E-4 1.81587E-2 3.4593E-2 3.43423E-3 7.24807E-4 5.64699E-4 5.14433E-4 6.55207E-4 1.30811E-3 1.99051E-3 1.72643E-3 1.56281E-3 1.6389E-3 1.71531E-3 1.65194E-3
