layers/je.asc
ncols         638
nrows         825
xllcorner     -2985163.8955
yllcorner     -3022031.214
cellsize      10000.0
NODATA_value  -9999
[rows 406 to 434 of 825, columns 390 to 454 of 638]
3.40403E-1 3.42456E-1 3.18286E-1 2.93955E-1 2.70328E-1 2.55466E-1 2.76357E-1 3.11636E-1 3.67292E-1 3.57909E-1 3.30875E-1 3.13995E-1 4.42093E-1 4.70242E-1 4.29118E-1 5.28187E-1 4.2449E-1 3.91756E-1 3.31611E-1 3.38969E-1 3.65252E-1 4.23691E-1 5.01334E-1 5.38454E-1 5.47266E-1 6.41166E-1 4.51185E-1 2.49488E-1 3.71868E-1 5.76386E-1 6.73218E-1 8.34272E-1 8.71706E-1 8.93432E-1 8.00989E-1 6.3747E-1 8.6293E-1 8.98362E-1 9.05083E-1 8.96878E-1 8.83878E-1 8.81684E-1 8.67282E-1 8.23186E-1 7.97947E-1 7.82885E-1 7.99851E-1 7.94224E-1 7.48503E-1 7.24256E-1 6.96711E-1 8.08763E-1 8.61408E-1 8.69869E-1 8.55522E-1 8.25742E-1 8.55004E-1 8.5608E-1 8.29482E-1 8.15677E-1 8.01808E-1 8.14936E-1 8.26753E-1 7.97121E-1 8.08634E-1
3.62874E-1 4.32164E-1 3.78404E-1 3.59456E-1 3.22816E-1 2.70437E-1 2.91165E-1 2.97631E-1 3.69704E-1 3.91843E-1 3.13352E-1 3.08258E-1 3.48031E-1 4.62108E-1 4.93462E-1 6.04906E-1 5.56695E-1 4.3649E-1 4.11974E-1 3.33379E-1 3.68398E-1 3.88631E-1 4.06454E-1 4.63641E-1 5.43987E-1 6.8197E-1 6.2908E-1 4.6609E-1 5.47383E-1 5.94819E-1 7.75739E-1 8.17741E-1 8.52705E-1 8.8244E-1 8.39454E-1 7.03154E-1 8.75789E-1 9.08373E-1 8.969E-1 9.07433E-1 8.83686E-1 8.78578E-1 8.7702E-1 8.61093E-1 8.27264E-1 8.10653E-1 8.0895E-1 7.92648E-1 7.86445E-1 8.02494E-1 7.82963E-1 7.71344E-1 8.27924E-1 8.64771E-1 8.2983E-1 8.14114E-1 8.52914E-1 8.58659E-1 8.00337E-1 7.93417E-1 8.07293E-1 7.79311E-1 7.91226E-1 7.13546E-1 7.49253E-1
3.23567E-1 4.23808E-1 3.85598E-1 4.01463E-1 3.84351E-1 3.2792E-1 3.40485E-1 3.35619E-1 3.96529E-1 4.32712E-1 3.31098E-1 3.19716E-1 3.62029E-1 3.58772E-1 4.00564E-1 5.46346E-1 6.87477E-1 5.66613E-1 4.41536E-1 3.44165E-1 3.33854E-1 4.15458E-1 4.57617E-1 4.53136E-1 5.9723E-1 7.23089E-1 7.2478E-1 7.27168E-1 8.32877E-1 7.08522E-1 7.62295E-1 7.34298E-1 8.01805E-1 8.81873E-1 8.01853E-1 7.74823E-1 8.14336E-1 9.05931E-1 8.61962E-1 8.08633E-1 8.65358E-1 8.81414E-1 8.68327E-1 8.24397E-1 8.43006E-1 8.39595E-1 8.4293E-1 8.05542E-1 8.11584E-1 8.30739E-1 8.22744E-1 7.64131E-1 7.80278E-1 8.02579E-1 7.99748E-1 8.1676E-1 8.77407E-1 8.76967E-1 7.82676E-1 8.1872E-1 8.18737E-1 7.89737E-1 7.93267E-1 8.08734E-1 8.17696E-1
3.82383E-1 3.7755E-1 4.16443E-1 5.78575E-1 4.90221E-1 4.31333E-1 4.2344E-1 4.49585E-1 4.91531E-1 5.25753E-1 4.68084E-1 3.75386E-1 3.7035E-1 3.16718E-1 3.39304E-1 5.29767E-1 5.19172E-1 6.84775E-1 6.57027E-1 3.77384E-1 3.05324E-1 4.2361E-1 5.0119E-1 5.45448E-1 6.86866E-1 7.23105E-1 7.85277E-1 8.09948E-1 8.69319E-1 8.59839E-1 7.59001E-1 5.74192E-1 7.09752E-1 7.92504E-1 7.29458E-1 7.12945E-1 7.02015E-1 8.60338E-1 8.22669E-1 8.09895E-1 7.93719E-1 8.43619E-1 8.22131E-1 7.83357E-1 7.96925E-1 7.30874E-1 8.52769E-1 8.26522E-1 8.14124E-1 8.36396E-1 8.54013E-1 8.30512E-1 8.18171E-1 8.07189E-1 8.00829E-1 8.40524E-1 8.86379E-1 8.3995E-1 8.116E-1 8.10181E-1 8.44788E-1 8.02727E-1 7.9135E-1 8.30855E-1 8.45432E-1
3.16705E-1 3.75411E-1 4.41464E-1 6.61291E-1 6.54094E-1 6.15567E-1 5.74448E-1 5.75306E-1 6.39603E-1 6.40298E-1 5.90627E-1 5.73827E-1 4.94683E-1 3.60558E-1 3.62395E-1 4.27049E-1 5.18463E-1 7.32066E-1 4.83783E-1 3.76688E-1 3.33829E-1 3.8977E-1 4.39678E-1 6.99268E-1 7.71609E-1 7.15965E-1 6.76788E-1 7.55001E-1 8.78106E-1 8.71306E-1 8.26819E-1 5.249E-1 5.07701E-1 5.77465E-1 6.21608E-1 6.69429E-1 6.92257E-1 8.71725E-1 8.21504E-1 7.79638E-1 7.77568E-1 7.96526E-1 8.17188E-1 7.85438E-1 7.99007E-1 7.89684E-1 8.76146E-1 8.5842E-1 8.38478E-1 8.76768E-1 8.76612E-1 8.70933E-1 8.61005E-1 8.52702E-1 8.18754E-1 8.72725E-1 8.79243E-1 8.13663E-1 7.88995E-1 7.87248E-1 8.26217E-1 8.10467E-1 7.88434E-1 8.1612E-1 8.55436E-1
4.46671E-1 4.38623E-1 4.83002E-1 6.02347E-1 6.24438E-1 6.03887E-1 6.27251E-1 6.74274E-1 7.30112E-1 7.31401E-1 7.35808E-1 6.86196E-1 5.52832E-1 3.91713E-1 3.90109E-1 4.27163E-1 5.45923E-1 7.92665E-1 7.21891E-1 4.66177E-1 4.65401E-1 5.06929E-1 5.89109E-1 7.28631E-1 7.95586E-1 7.83714E-1 7.82511E-1 7.95643E-1 8.75097E-1 8.97807E-1 8.51723E-1 7.6161E-1 4.64631E-1 4.8639E-1 6.34802E-1 7.37193E-1 8.09512E-1 8.70509E-1 8.8014E-1 8.33703E-1 7.9302E-1 8.05587E-1 8.16365E-1 7.465E-1 7.5467E-1 7.75212E-1 8.78915E-1 8.79426E-1 8.61279E-1 8.8975E-1 8.72839E-1 8.57145E-1 8.57334E-1 8.85459E-1 8.79269E-1 8.80491E-1 8.46249E-1 7.92659E-1 7.9303E-1 8.06328E-1 8.28509E-1 8.23225E-1 8.11493E-1 8.0305E-1 7.93419E-1
6.00324E-1 6.05726E-1 5.65938E-1 5.47805E-1 5.84511E-1 5.95662E-1 7.17237E-1 7.87539E-1 7.69908E-1 7.94463E-1 8.39765E-1 7.60452E-1 5.80501E-1 4.27099E-1 4.17264E-1 4.97548E-1 4.22367E-1 5.26713E-1 7.57877E-1 7.25895E-1 5.36022E-1 5.79265E-1 6.51656E-1 6.9779E-1 7.02638E-1 6.45542E-1 8.09336E-1 7.89735E-1 8.76801E-1 8.88168E-1 8.97358E-1 7.9811E-1 5.00997E-1 4.24745E-1 5.87896E-1 7.55961E-1 7.84997E-1 8.96002E-1 9.3797E-1 9.45879E-1 9.29898E-1 8.67449E-1 8.69742E-1 8.55659E-1 8.08572E-1 8.42571E-1 9.26838E-1 9.32497E-1 9.0635E-1 9.23523E-1 9.35973E-1 8.60698E-1 8.7281E-1 9.35129E-1 9.32554E-1 9.27949E-1 8.85787E-1 8.64832E-1 8.68311E-1 8.58294E-1 8.39549E-1 8.25905E-1 8.15334E-1 7.59908E-1 7.38567E-1
4.52868E-1 4.09308E-1 4.55684E-1 6.92818E-1 7.61134E-1 7.4044E-1 7.83277E-1 8.03614E-1 7.9008E-1 7.91861E-1 7.72718E-1 7.56432E-1 6.56531E-1 5.73411E-1 5.49005E-1 5.2551E-1 4.88557E-1 6.28496E-1 6.77405E-1 5.01954E-1 5.89434E-1 6.39193E-1 7.14114E-1 7.49521E-1 6.48839E-1 6.36936E-1 6.28503E-1 6.02815E-1 8.61055E-1 8.61418E-1 8.43327E-1 7.71134E-1 6.11789E-1 4.92095E-1 6.44527E-1 7.40391E-1 8.23551E-1 8.96965E-1 9.04217E-1 9.14599E-1 8.94686E-1 8.44118E-1 8.73125E-1 8.23144E-1 8.07552E-1 7.96959E-1 8.8446E-1 8.96797E-1 8.74178E-1 8.79103E-1 8.38528E-1 7.22334E-1 8.59328E-1 9.11363E-1 8.98375E-1 8.72712E-1 8.39324E-1 6.8968E-1 7.41451E-1 7.59267E-1 7.06726E-1 7.8675E-1 8.02266E-1 7.64183E-1 5.64069E-1
3.41241E-1 3.426E-1 4.23002E-1 6.26978E-1 7.91868E-1 7.71151E-1 7.63838E-1 7.82362E-1 7.9587E-1 7.74576E-1 7.06305E-1 7.3308E-1 6.91453E-1 6.84653E-1 6.25394E-1 5.68235E-1 6.05201E-1 7.02303E-1 8.0257E-1 6.41505E-1 6.28713E-1 6.82336E-1 7.33409E-1 8.04491E-1 7.39321E-1 7.52487E-1 8.24937E-1 8.43972E-1 8.84193E-1 8.11045E-1 6.94273E-1 7.37718E-1 6.48101E-1 5.82831E-1 6.83694E-1 7.39472E-1 8.24365E-1 9.1197E-1 9.36507E-1 8.89284E-1 9.24649E-1 9.25515E-1 9.12498E-1 9.18709E-1 8.37013E-1 8.17345E-1 8.46216E-1 8.80401E-1 9.05216E-1 8.24396E-1 6.28894E-1 6.24357E-1 8.38258E-1 8.60973E-1 8.98514E-1 8.14207E-1 6.2946E-1 5.50887E-1 4.87162E-1 5.07034E-1 6.27008E-1 7.35792E-1 7.78313E-1 6.0742E-1 4.16396E-1
3.91713E-1 3.98135E-1 4.61967E-1 5.48471E-1 5.87999E-1 6.00881E-1 5.99838E-1 6.94735E-1 7.36158E-1 6.8736E-1 6.25012E-1 6.56721E-1 6.57419E-1 6.63393E-1 6.86017E-1 7.35258E-1 6.1577E-1 6.97569E-1 9.11695E-1 8.54613E-1 7.86757E-1 9.01345E-1 8.8525E-1 8.57007E-1 8.491E-1 8.44111E-1 8.67488E-1 9.05096E-1 8.63555E-1 7.11954E-1 6.37241E-1 6.76392E-1 5.93291E-1 6.44443E-1 6.83345E-1 7.449E-1 8.10754E-1 9.27816E-1 9.51972E-1 9.26119E-1 9.1037E-1 8.93034E-1 9.33814E-1 9.28146E-1 9.09175E-1 8.58291E-1 8.74383E-1 9.20496E-1 8.90591E-1 7.52701E-1 6.95629E-1 4.87858E-1 5.77253E-1 7.99127E-1 9.16205E-1 8.80856E-1 5.17106E-1 4.27364E-1 4.14674E-1 3.61812E-1 4.88361E-1 6.22421E-1 4.87223E-1 5.43969E-1 5.31734E-1
4.61261E-1 4.81878E-1 5.21654E-1 5.68471E-1 5.48054E-1 5.54543E-1 5.86522E-1 6.80096E-1 6.68707E-1 6.12065E-1 5.75851E-1 6.36239E-1 6.58849E-1 6.26717E-1 6.68958E-1 7.50278E-1 5.92215E-1 6.10946E-1 7.54928E-1 9.17365E-1 8.86925E-1 9.23429E-1 8.75527E-1 9.07377E-1 8.39545E-1 8.38887E-1 8.6956E-1 8.84492E-1 7.98823E-1 6.82463E-1 6.43525E-1 6.21471E-1 5.96614E-1 6.16887E-1 7.37767E-1 7.52769E-1 7.97753E-1 9.15194E-1 9.49344E-1 9.38273E-1 9.42725E-1 9.16841E-1 8.66639E-1 8.52465E-1 9.08466E-1 9.07307E-1 8.96917E-1 9.25756E-1 9.22518E-1 9.09781E-1 8.17134E-1 5.16428E-1 4.50881E-1 6.77969E-1 8.66447E-1 8.41779E-1 4.95072E-1 2.8132E-1 2.79873E-1 2.69879E-1 4.13314E-1 3.70227E-1 4.68408E-1 6.41329E-1 7.54875E-1
4.4244E-1 5.15253E-1 4.8471E-1 4.462E-1 5.38255E-1 5.42835E-1 5.29476E-1 6.48899E-1 6.47297E-1 5.93649E-1 5.82169E-1 6.02538E-1 6.36746E-1 6.47853E-1 6.28328E-1 6.78871E-1 6.6651E-1 6.41022E-1 7.66683E-1 7.70304E-1 6.93909E-1 6.82769E-1 6.7116E-1 8.06367E-1 7.70754E-1 8.17252E-1 8.19693E-1 7.39187E-1 7.2849E-1 7.18573E-1 6.7639E-1 6.92212E-1 6.82716E-1 6.87374E-1 7.72947E-1 7.43146E-1 8.3639E-1 9.14263E-1 9.41446E-1 9.50215E-1 9.35526E-1 8.87359E-1 8.2421E-1 7.52659E-1 8.32453E-1 9.20698E-1 9.30274E-1 9.38629E-1 9.40307E-1 9.30484E-1 8.58886E-1 4.17499E-1 3.01267E-1 3.91311E-1 3.83593E-1 5.22722E-1 3.59368E-1 2.79665E-1 2.82646E-1 3.1453E-1 4.10395E-1 5.27967E-1 7.23024E-1 7.71763E-1 6.86502E-1
4.96645E-1 4.96812E-1 4.67727E-1 4.11211E-1 4.45481E-1 4.26364E-1 5.45308E-1 6.40591E-1 6.76157E-1 6.47196E-1 5.97794E-1 5.70659E-1 5.91034E-1 5.77352E-1 5.22088E-1 5.66194E-1 5.3568E-1 4.85098E-1 5.94088E-1 7.30904E-1 7.58363E-1 5.46752E-1 4.71763E-1 4.94654E-1 4.43985E-1 6.29675E-1 6.90811E-1 6.64405E-1 6.00674E-1 6.10017E-1 6.76873E-1 7.48374E-1 7.12045E-1 7.16283E-1 7.01186E-1 7.14854E-1 8.91393E-1 9.3131E-1 9.21308E-1 9.4473E-1 8.95791E-1 8.52009E-1 8.2654E-1 8.14552E-1 8.91307E-1 9.22684E-1 9.28692E-1 8.97409E-1 7.71004E-1 7.92312E-1 6.57749E-1 3.70754E-1 3.79234E-1 4.28685E-1 3.25843E-1 3.38431E-1 2.13433E-1 3.00508E-1 2.27897E-1 4.95641E-1 8.82355E-1 9.41197E-1 9.16365E-1 8.10794E-1 8.2628E-1
6.4473E-1 6.21894E-1 6.40049E-1 4.22904E-1 4.53286E-1 6.08936E-1 6.56272E-1 5.57862E-1 5.61703E-1 6.12823E-1 6.66811E-1 6.66963E-1 5.89825E-1 5.37701E-1 4.7932E-1 5.16751E-1 5.89102E-1 5.49281E-1 5.5451E-1 8.24727E-1 8.01684E-1 6.57674E-1 5.8004E-1 5.18573E-1 4.92261E-1 7.02793E-1 7.36446E-1 6.09377E-1 5.60228E-1 6.59119E-1 6.71404E-1 6.47812E-1 6.79349E-1 6.48821E-1 5.95044E-1 8.3232E-1 9.09907E-1 9.50178E-1 9.13316E-1 9.42618E-1 8.5268E-1 7.03694E-1 8.12112E-1 8.85426E-1 9.15418E-1 7.35143E-1 8.36846E-1 7.13069E-1 4.30775E-1 3.63744E-1 3.42429E-1 3.76734E-1 4.50385E-1 4.02707E-1 7.92186E-1 8.34835E-1 7.19769E-1 6.40207E-1 5.67422E-1 8.00483E-1 8.9874E-1 7.12398E-1 7.84301E-1 8.25395E-1 9.0064E-1
6.63556E-1 6.33492E-1 7.24689E-1 5.88939E-1 6.94923E-1 8.04965E-1 7.93127E-1 5.59546E-1 5.43595E-1 5.34827E-1 7.09414E-1 7.38944E-1 6.59904E-1 6.57461E-1 5.40695E-1 5.31267E-1 6.0553E-1 6.43304E-1 6.38926E-1 7.19314E-1 8.33938E-1 8.25457E-1 6.98342E-1 6.19736E-1 4.77904E-1 5.50751E-1 5.96357E-1 5.96364E-1 4.84206E-1 6.15711E-1 5.52987E-1 4.97329E-1 6.15444E-1 5.97945E-1 5.79233E-1 8.61923E-1 9.25644E-1 9.53004E-1 9.36016E-1 9.18188E-1 8.7673E-1 7.93808E-1 7.67706E-1 7.66119E-1 7.21606E-1 6.35285E-1 6.91698E-1 6.17856E-1 3.88227E-1 4.98686E-1 5.18338E-1 5.06355E-1 6.50889E-1 9.64579E-1 9.20333E-1 9.28829E-1 9.41022E-1 8.95661E-1 9.41529E-1 9.47154E-1 8.83998E-1 7.96315E-1 7.59479E-1 7.52752E-1 7.46573E-1
7.46563E-1 5.61299E-1 5.82103E-1 6.68613E-1 8.39584E-1 7.74181E-1 8.91995E-1 7.69064E-1 5.99128E-1 6.09116E-1 6.73822E-1 7.02796E-1 6.30316E-1 5.42465E-1 6.04072E-1 5.7941E-1 5.87176E-1 5.51938E-1 4.7627E-1 5.43222E-1 7.40827E-1 8.89801E-1 7.81693E-1 6.59084E-1 5.05347E-1 3.74195E-1 3.72974E-1 4.73464E-1 5.55027E-1 6.00318E-1 5.50083E-1 5.8503E-1 5.8273E-1 5.74565E-1 6.77565E-1 8.70133E-1 9.29473E-1 9.44709E-1 9.30263E-1 8.95501E-1 8.32905E-1 8.24153E-1 7.64637E-1 5.6902E-1 6.2162E-1 6.57485E-1 6.53163E-1 6.93169E-1 4.25676E-1 5.97291E-1 5.79523E-1 8.36217E-1 9.17295E-1 7.10109E-1 9.05768E-1 9.29256E-1 8.38098E-1 8.23939E-1 7.68264E-1 7.69231E-1 9.10315E-1 8.91777E-1 8.15118E-1 6.84467E-1 5.81465E-1
7.73893E-1 6.30195E-1 6.60687E-1 7.08979E-1 8.20579E-1 9.16383E-1 9.60695E-1 9.80513E-1 9.48752E-1 8.98545E-1 8.38632E-1 7.06453E-1 6.24234E-1 6.02858E-1 6.57448E-1 6.51834E-1 7.27766E-1 6.38781E-1 6.00676E-1 6.9027E-1 7.52333E-1 8.71391E-1 8.45639E-1 6.89862E-1 5.45552E-1 4.27772E-1 4.33027E-1 4.39594E-1 4.98135E-1 5.98105E-1 6.28186E-1 6.31768E-1 6.25611E-1 6.7396E-1 7.70998E-1 8.7744E-1 9.1195E-1 9.25638E-1 9.36007E-1 9.24155E-1 9.16942E-1 7.84744E-1 5.9249E-1 5.56752E-1 5.88313E-1 6.18311E-1 6.09376E-1 7.83769E-1 7.06905E-1 8.7286E-1 9.51877E-1 8.36295E-1 7.83049E-1 9.41062E-1 9.54518E-1 9.32398E-1 6.03419E-1 4.36303E-1 3.47993E-1 5.19434E-1 5.24167E-1 5.65226E-1 5.86458E-1 7.38221E-1 4.14343E-1
8.53614E-1 6.62568E-1 7.39907E-1 5.77068E-1 6.37943E-1 7.67107E-1 9.31883E-1 9.27086E-1 9.75721E-1 9.37229E-1 8.90147E-1 8.51644E-1 7.3532E-1 6.37057E-1 6.70995E-1 7.00134E-1 7.82874E-1 7.51198E-1 7.85646E-1 8.22516E-1 8.47468E-1 8.83881E-1 8.67521E-1 6.82622E-1 5.34402E-1 4.44271E-1 5.13788E-1 4.70994E-1 5.01529E-1 5.632E-1 5.6828E-1 6.07575E-1 6.2852E-1 6.38696E-1 8.04062E-1 8.57705E-1 9.00629E-1 9.22979E-1 9.38028E-1 9.42515E-1 9.27733E-1 9.08833E-1 7.0501E-1 5.98174E-1 6.30702E-1 6.8476E-1 7.05124E-1 8.20888E-1 9.58284E-1 8.64625E-1 5.70177E-1 9.32494E-1 9.40804E-1 9.38345E-1 9.31718E-1 9.4567E-1 5.745E-1 3.73519E-1 3.68247E-1 4.72475E-1 2.30776E-1 4.1354E-1 5.0066E-1 5.90295E-1 4.84052E-1
8.76552E-1 5.66112E-1 6.07835E-1 6.14383E-1 5.76998E-1 6.20073E-1 9.03924E-1 9.62968E-1 9.32023E-1 8.99568E-1 9.00478E-1 8.78258E-1 7.07113E-1 4.49837E-1 4.42506E-1 5.00968E-1 6.90087E-1 7.49326E-1 7.66711E-1 7.12448E-1 7.54051E-1 8.1219E-1 8.42943E-1 7.36909E-1 5.93463E-1 5.50131E-1 5.44275E-1 5.35344E-1 5.26947E-1 5.45832E-1 5.91376E-1 5.96458E-1 5.49998E-1 7.67308E-1 8.04689E-1 8.33064E-1 9.01152E-1 9.20467E-1 9.3181E-1 9.43791E-1 9.47869E-1 9.12285E-1 8.29999E-1 8.88819E-1 8.67405E-1 8.51943E-1 9.38592E-1 9.55353E-1 7.88752E-1 8.12962E-1 8.9617E-1 8.70081E-1 8.87083E-1 9.46623E-1 9.27103E-1 9.30774E-1 6.82046E-1 3.79846E-1 1.44883E-1 1.17081E-1 3.1581E-1 5.73683E-1 1.91209E-1 1.50885E-1 1.39188E-1
8.9481E-1 6.1946E-1 6.59158E-1 8.1467E-1 6.15263E-1 7.78137E-1 8.88662E-1 8.9166E-1 4.89645E-1 6.5081E-1 8.28233E-1 8.35833E-1 6.8493E-1 5.12851E-1 5.11252E-1 4.60952E-1 5.23259E-1 5.37673E-1 5.58093E-1 6.34697E-1 7.11234E-1 7.86222E-1 8.46297E-1 7.99734E-1 5.43938E-1 6.04436E-1 5.06119E-1 5.30333E-1 5.84064E-1 5.66133E-1 5.35028E-1 5.39309E-1 6.84353E-1 7.98747E-1 8.55068E-1 8.94324E-1 9.05949E-1 9.19884E-1 9.3528E-1 9.54336E-1 9.58228E-1 8.99452E-1 9.51659E-1 9.5761E-1 9.43516E-1 9.54917E-1 8.95153E-1 8.67221E-1 9.42191E-1 9.40105E-1 7.69052E-1 9.1584E-1 9.49663E-1 9.53769E-1 9.44354E-1 8.59481E-1 4.83478E-1 2.3096E-1 2.14416E-1 2.90031E-1 7.4242E-1 5.93607E-1 1.42748E-1 4.51406E-1 6.0993E-1
8.87313E-1 8.19373E-1 8.41437E-1 7.3461E-1 5.06251E-1 6.91554E-1 6.5048E-1 8.46869E-1 6.3031E-1 4.90509E-1 7.19412E-1 7.63429E-1 7.35564E-1 6.67594E-1 6.63395E-1 6.30543E-1 6.65196E-1 6.91442E-1 6.04175E-1 6.83612E-1 7.18358E-1 7.68596E-1 7.82217E-1 7.76278E-1 5.62491E-1 5.9791E-1 5.38789E-1 5.089E-1 5.63082E-1 5.66685E-1 5.37707E-1 5.95984E-1 8.02656E-1 8.49201E-1 9.03084E-1 9.40712E-1 9.20383E-1 9.07572E-1 9.42247E-1 9.2515E-1 9.43115E-1 9.13612E-1 9.47454E-1 9.53047E-1 9.34573E-1 8.18101E-1 8.93591E-1 9.49446E-1 9.33671E-1 9.16981E-1 9.1204E-1 9.51631E-1 9.46796E-1 9.32982E-1 9.25632E-1 7.05573E-1 9.80677E-2 2.15296E-1 3.70391E-1 2.95513E-1 8.67294E-1 9.95588E-1 7.48182E-1 2.23099E-1 5.82586E-1
8.92901E-1 6.82468E-1 8.26368E-1 7.84727E-1 5.59792E-1 7.04621E-1 8.19864E-1 8.86331E-1 8.2507E-1 7.26155E-1 6.61992E-1 7.25853E-1 7.23381E-1 5.62685E-1 5.63114E-1 5.218E-1 6.10074E-1 6.39098E-1 5.14214E-1 6.3321E-1 7.1717E-1 7.61954E-1 6.91079E-1 6.968E-1 6.52115E-1 7.04513E-1 6.02114E-1 5.21042E-1 7.12389E-1 6.07984E-1 5.98871E-1 7.59123E-1 8.55311E-1 8.87562E-1 9.11644E-1 9.40388E-1 9.29477E-1 9.28774E-1 9.38465E-1 9.47955E-1 9.25796E-1 9.53505E-1 9.47403E-1 9.34697E-1 8.82341E-1 9.19007E-1 9.38565E-1 9.29358E-1 8.8767E-1 9.33649E-1 9.3845E-1 8.93995E-1 7.24145E-1 7.04548E-1 8.37289E-1 1.69253E-1 4.46914E-2 1.5667E-1 -9999 -9999 -9999 -9999 -9999 -9999 -9999
9.02173E-1 6.87605E-1 7.60545E-1 8.33118E-1 6.93502E-1 7.52633E-1 8.22707E-1 8.89385E-1 8.60513E-1 7.786E-1 6.68917E-1 7.16495E-1 7.72617E-1 5.28217E-1 5.31671E-1 4.9123E-1 5.86249E-1 6.01894E-1 5.6262E-1 5.03361E-1 7.01335E-1 7.61935E-1 7.52821E-1 6.69622E-1 7.05712E-1 7.54791E-1 6.37654E-1 6.45098E-1 7.58001E-1 6.10069E-1 6.90432E-1 8.45414E-1 8.94317E-1 9.20305E-1 9.37035E-1 9.35951E-1 9.31334E-1 9.39272E-1 9.4416E-1 9.30614E-1 9.20262E-1 9.42943E-1 9.3748E-1 9.41168E-1 9.60335E-1 9.60449E-1 9.59977E-1 9.51963E-1 9.33702E-1 9.17109E-1 8.55403E-1 8.48026E-1 7.60842E-1 6.25273E-1 2.11513E-1 1.72466E-2 7.13184E-3 3.03063E-2 -9999 -9999 -9999 -9999 -9999 -9999 -9999
8.95622E-1 7.75043E-1 8.08E-1 8.5783E-1 8.32978E-1 7.60508E-1 8.12801E-1 8.98978E-1 8.50764E-1 7.56872E-1 7.19267E-1 7.38508E-1 7.6526E-1 6.03273E-1 5.99103E-1 6.16338E-1 6.9734E-1 7.27992E-1 6.81023E-1 5.66987E-1 4.82175E-1 6.28663E-1 7.26652E-1 6.35473E-1 6.59485E-1 7.17423E-1 6.83699E-1 6.88601E-1 6.92224E-1 7.30767E-1 8.06837E-1 8.95405E-1 9.22258E-1 9.34207E-1 9.3302E-1 9.14215E-1 9.0813E-1 8.93075E-1 8.55717E-1 7.78739E-1 8.60716E-1 9.11015E-1 9.46389E-1 9.49662E-1 9.56168E-1 9.48972E-1 9.25379E-1 9.567E-1 9.59107E-1 8.72951E-1 8.52043E-1 6.58077E-1 2.70726E-1 1.84886E-1 7.02791E-1 1.50953E-1 3.6478E-2 -9999 -9999 -9999 -9999 -9999 -9999 -9999 -9999
8.77879E-1 8.64144E-1 8.6834E-1 8.99751E-1 9.02128E-1 8.26618E-1 8.43993E-1 9.01625E-1 8.44523E-1 7.7333E-1 7.80755E-1 7.59081E-1 7.57639E-1 6.90407E-1 6.40598E-1 6.40329E-1 7.47462E-1 7.8252E-1 7.26207E-1 6.88429E-1 6.76344E-1 7.32275E-1 7.58275E-1 7.59846E-1 7.40876E-1 7.56056E-1 7.89947E-1 7.49231E-1 7.41722E-1 8.22441E-1 8.65691E-1 8.70651E-1 8.74738E-1 8.74197E-1 8.98658E-1 9.0214E-1 8.86991E-1 7.69694E-1 7.5556E-1 8.76958E-1 8.55647E-1 7.71687E-1 8.41907E-1 8.83794E-1 9.19439E-1 9.3369E-1 9.21206E-1 8.91859E-1 9.44394E-1 9.02445E-1 8.03821E-1 2.22769E-1 9.821E-2 -9999 -9999 -9999 -9999 -9999 -9999 -9999 -9999 -9999 -9999 -9999 -9999
8.93126E-1 9.01532E-1 8.88396E-1 9.25845E-1 9.2554E-1 8.30584E-1 9.03611E-1 9.09932E-1 8.75911E-1 8.26329E-1 8.36596E-1 7.76803E-1 7.59658E-1 7.55278E-1 7.04847E-1 6.36179E-1 6.87362E-1 7.65602E-1 7.09832E-1 6.73151E-1 6.92422E-1 7.56874E-1 7.88829E-1 8.08576E-1 8.23531E-1 8.24853E-1 8.06769E-1 7.95606E-1 7.79756E-1 8.55322E-1 8.96649E-1 8.7902E-1 8.42394E-1 8.38727E-1 8.36563E-1 8.7032E-1 8.40384E-1 7.58845E-1 7.96768E-1 8.26444E-1 8.01266E-1 7.88088E-1 5.41242E-1 5.98147E-1 8.25388E-1 9.14031E-1 8.44451E-1 5.67118E-1 6.02447E-1 8.28515E-1 3.37566E-1 4.36864E-1 -9999 -9999 -9999 -9999 -9999 -9999 -9999 -9999 -9999 -9999 -9999 -9999 -9999
9.0316E-1 9.22445E-1 9.34604E-1 9.357E-1 9.27864E-1 8.39184E-1 8.92767E-1 9.18626E-1 9.08483E-1 8.84031E-1 8.57511E-1 8.05608E-1 7.74256E-1 8.0601E-1 7.78245E-1 6.89158E-1 6.22792E-1 6.83182E-1 6.4921E-1 6.98761E-1 7.35282E-1 6.99313E-1 7.51512E-1 7.99286E-1 8.25894E-1 8.2685E-1 8.45182E-1 8.78332E-1 8.84676E-1 8.6834E-1 9.11457E-1 8.8881E-1 8.72521E-1 8.59743E-1 8.43056E-1 8.34474E-1 6.895E-1 5.44026E-1 6.16594E-1 6.01249E-1 7.22627E-1 6.71455E-1 2.91504E-1 1.67126E-1 2.50332E-1 4.4703E-1 4.59273E-1 4.76752E-1 5.03361E-1 8.07272E-1 1.26103E-1 -9999 -9999 -9999 -9999 -9999 -9999 -9999 -9999 -9999 -9999 -9999 -9999 -9999 -9999
9.18056E-1 9.2445E-1 9.29865E-1 9.34931E-1 9.35958E-1 8.63598E-1 9.0342E-1 9.12895E-1 9.39755E-1 9.00523E-1 8.32432E-1 8.28199E-1 8.24186E-1 8.14802E-1 8.04902E-1 7.97417E-1 7.88724E-1 7.85078E-1 7.26533E-1 7.29003E-1 7.16852E-1 7.45411E-1 8.02113E-1 8.35953E-1 8.30312E-1 8.39853E-1 8.84891E-1 8.9833E-1 8.89444E-1 8.77637E-1 8.37011E-1 8.47283E-1 8.46718E-1 8.51018E-1 8.21907E-1 7.64197E-1 6.96694E-1 5.22875E-1 3.63565E-1 1.78524E-1 1.55739E-1 1.25585E-1 1.02445E-1 1.61553E-2 1.0468E-2 3.34229E-2 3.70226E-1 3.60384E-1 1.76862E-1 6.8176E-1 -9999 -9999 -9999 -9999 -9999 -9999 -9999 -9999 -9999 -9999 -9999 -9999 -9999 -9999 -9999
9.25949E-1 9.25591E-1 9.21148E-1 9.34055E-1 9.3194E-1 8.91513E-1 8.8835E-1 8.94941E-1 9.27512E-1 9.04626E-1 8.34399E-1 8.50793E-1 8.59068E-1 8.27714E-1 8.58951E-1 8.89562E-1 8.54662E-1 8.6045E-1 8.20421E-1 8.33022E-1 8.14818E-1 8.30679E-1 8.44564E-1 8.52652E-1 8.64491E-1 8.71642E-1 8.26362E-1 8.43536E-1 8.66177E-1 8.12409E-1 7.71432E-1 8.1552E-1 7.63293E-1 6.336E-1 5.55993E-1 4.79803E-1 4.99521E-1 4.51542E-1 1.7661E-1 1.52975E-2 1.27382E-2 1.8253E-2 1.84373E-2 1.16007E-2 5.84904E-3 1.04431E-2 4.47144E-2 5.82715E-1 7.74752E-1 5.81547E-1 3.69407E-2 -9999 -9999 -9999 -9999 -9999 -9999 -9999 -9999 -9999 -9999 -9999 -9999 -9999 -9999
