layers/je.asc
ncols         638
nrows         825
xllcorner     -2985163.8955
yllcorner     -3022031.214
cellsize      10000.0
NODATA_value  -9999
[rows 435 to 463 of 825, columns 325 to 389 of 638]
2.12091E-1 2.45436E-1 1.65565E-1 1.33055E-1 1.18367E-1 1.25024E-1 1.64308E-1 1.44112E-1 1.94032E-1 1.9196E-1 1.87672E-1 2.02386E-1 1.79242E-1 2.19209E-1 2.64618E-1 3.18037E-1 2.28359E-1 2.38008E-1 2.87596E-1 2.79817E-1 2.15483E-1 1.97704E-1 1.02948E-1 2.21229E-1 4.15069E-1 3.95262E-1 4.18912E-1 4.61999E-1 5.73966E-1 5.10323E-1 3.51204E-1 2.77921E-1 3.24946E-1 3.68892E-1 4.1073E-1 3.99389E-1 5.23294E-1 5.0368E-1 5.12425E-1 4.8864E-1 4.18707E-1 4.1295E-1 4.85361E-1 6.29077E-1 7.36616E-1 7.42737E-1 6.4619E-1 6.11757E-1 6.28176E-1 7.99454E-1 9.03844E-1 7.89626E-1 8.54526E-1 7.9496E-1 7.68136E-1 8.95605E-1 9.07337E-1 9.36017E-1 8.12826E-1 7.94003E-1 9.2936E-1 9.03669E-1 9.11369E-1 9.02635E-1 9.03343E-1
2.28472E-1 1.43801E-1 6.82235E-2 1.03841E-1 1.05767E-1 1.07344E-1 1.35773E-1 2.2592E-1 1.99275E-1 1.82548E-1 1.97665E-1 2.18715E-1 2.24305E-1 2.16407E-1 2.33471E-1 3.25259E-1 2.34176E-1 2.37208E-1 2.20768E-1 2.33605E-1 2.64501E-1 2.22715E-1 1.5872E-1 2.55382E-1 4.55454E-1 3.78638E-1 3.93721E-1 5.74211E-1 4.96164E-1 5.55401E-1 4.41797E-1 3.48076E-1 3.70784E-1 4.11463E-1 4.1925E-1 4.35958E-1 5.7143E-1 5.21152E-1 5.15334E-1 5.65625E-1 4.4846E-1 4.88706E-1 7.62939E-1 8.1784E-1 7.66516E-1 7.95897E-1 7.07057E-1 5.03026E-1 4.64693E-1 8.30999E-1 8.80229E-1 7.72408E-1 9.14724E-1 8.24546E-1 6.23451E-1 8.72146E-1 8.69581E-1 9.28706E-1 8.01725E-1 8.31787E-1 9.43144E-1 9.15562E-1 9.06457E-1 9.03025E-1 9.21443E-1
2.34345E-1 1.24704E-1 4.75173E-2 7.19818E-2 8.62446E-2 7.4768E-2 9.8035E-2 2.37196E-1 2.14836E-1 1.88482E-1 2.22028E-1 2.56127E-1 2.32811E-1 2.32127E-1 2.51347E-1 2.81331E-1 1.37234E-1 1.402E-1 1.79399E-1 2.14771E-1 2.82252E-1 2.17929E-1 2.06874E-1 2.10277E-1 3.29311E-1 3.04421E-1 3.17788E-1 3.28176E-1 3.84435E-1 4.96702E-1 5.17805E-1 4.8984E-1 4.53798E-1 4.28682E-1 4.09209E-1 4.19995E-1 5.73276E-1 4.97454E-1 4.47474E-1 5.69367E-1 5.24511E-1 7.23564E-1 8.57807E-1 7.91768E-1 8.06307E-1 8.18641E-1 7.56015E-1 6.44017E-1 5.54976E-1 5.54088E-1 7.05363E-1 9.24738E-1 9.32217E-1 8.18963E-1 6.74916E-1 8.83075E-1 8.86582E-1 9.53323E-1 8.01866E-1 8.02834E-1 9.5738E-1 9.11173E-1 9.0811E-1 9.13279E-1 9.26011E-1
2.02551E-1 1.18427E-1 4.26388E-2 4.70726E-2 6.95995E-2 6.74122E-2 9.05543E-2 1.10311E-1 2.44722E-1 2.13636E-1 2.47515E-1 2.26723E-1 2.29465E-1 2.90619E-1 3.05542E-1 1.78426E-1 1.37991E-1 1.21306E-1 1.5633E-1 1.72691E-1 2.96181E-1 2.44155E-1 2.08743E-1 1.86876E-1 2.32068E-1 2.29646E-1 2.8584E-1 2.46351E-1 3.74409E-1 4.56444E-1 6.12153E-1 6.87286E-1 5.90785E-1 4.43186E-1 4.15315E-1 4.05588E-1 4.63416E-1 3.82498E-1 3.26072E-1 5.01076E-1 5.69041E-1 5.17424E-1 8.65409E-1 8.44014E-1 8.61169E-1 8.30695E-1 8.71014E-1 7.69476E-1 6.67934E-1 4.5881E-1 5.75444E-1 8.25153E-1 8.38133E-1 8.04185E-1 7.7064E-1 9.23194E-1 9.17925E-1 9.45662E-1 7.87248E-1 7.44395E-1 9.55592E-1 9.14074E-1 9.16709E-1 9.22091E-1 9.2887E-1
1.34215E-1 5.63073E-2 4.18889E-2 6.34332E-2 8.09893E-2 1.0298E-1 1.22222E-1 1.10093E-1 1.90912E-1 2.73766E-1 3.00797E-1 2.8593E-1 2.64282E-1 3.09517E-1 1.97223E-1 1.63331E-1 1.44566E-1 1.52905E-1 1.65521E-1 1.92664E-1 2.67743E-1 2.34089E-1 1.97097E-1 1.51929E-1 8.61751E-2 1.06259E-1 1.50866E-1 2.61351E-1 4.60515E-1 6.30854E-1 6.63549E-1 7.30866E-1 6.12997E-1 4.6929E-1 4.75624E-1 4.9003E-1 4.86614E-1 3.30577E-1 2.59205E-1 3.33193E-1 2.8684E-1 5.20265E-1 6.01141E-1 6.59499E-1 8.52488E-1 8.99994E-1 8.91906E-1 9.20534E-1 7.51093E-1 7.1865E-1 7.46552E-1 8.70542E-1 8.13682E-1 8.11299E-1 7.99809E-1 9.35098E-1 9.33244E-1 9.48098E-1 8.22409E-1 7.92404E-1 9.29781E-1 9.06482E-1 9.20518E-1 8.97746E-1 9.22341E-1
2.20222E-1 6.48723E-2 4.58453E-2 6.19105E-2 7.72544E-2 9.11876E-2 1.27169E-1 1.17505E-1 1.36626E-1 3.04003E-1 3.5959E-1 2.86385E-1 2.44488E-1 2.66631E-1 2.26782E-1 2.17316E-1 1.469E-1 1.34762E-1 1.75682E-1 2.51445E-1 2.24556E-1 1.97581E-1 1.53007E-1 9.22979E-2 9.57986E-2 1.14481E-1 1.72664E-1 2.17352E-1 4.73837E-1 6.02044E-1 6.77177E-1 6.881E-1 5.8924E-1 4.92481E-1 5.4788E-1 5.6237E-1 4.65167E-1 3.22065E-1 3.03436E-1 2.52588E-1 2.93533E-1 2.83755E-1 3.75874E-1 5.63057E-1 6.8667E-1 7.02631E-1 7.28138E-1 7.68658E-1 7.2979E-1 7.16854E-1 9.32339E-1 9.0711E-1 8.05531E-1 8.13925E-1 8.19179E-1 8.9077E-1 9.0806E-1 9.44662E-1 8.02478E-1 8.43444E-1 9.25876E-1 9.01059E-1 9.11313E-1 9.22507E-1 9.16574E-1
1.87187E-1 6.88667E-2 4.5506E-2 3.97681E-2 4.23614E-2 4.55848E-2 4.35362E-2 8.95566E-2 1.24489E-1 1.95009E-1 4.31533E-1 2.91841E-1 2.25131E-1 2.03773E-1 1.78547E-1 1.89454E-1 1.95898E-1 1.46313E-1 1.70331E-1 2.35217E-1 2.25571E-1 2.06953E-1 8.19432E-2 7.91298E-2 8.08151E-2 1.20566E-1 2.37824E-1 2.07392E-1 4.12929E-1 5.69945E-1 6.12081E-1 5.84332E-1 5.85599E-1 6.27929E-1 6.94406E-1 5.37886E-1 3.16871E-1 2.68013E-1 2.59852E-1 2.20609E-1 2.16734E-1 2.00577E-1 1.60808E-1 3.44913E-1 7.19795E-1 6.87702E-1 6.31762E-1 6.9532E-1 7.2555E-1 9.16467E-1 8.92085E-1 9.00543E-1 8.39264E-1 8.24929E-1 8.52305E-1 8.98836E-1 7.73335E-1 8.30813E-1 8.31542E-1 8.04819E-1 9.46074E-1 9.16382E-1 9.15713E-1 9.3209E-1 9.30288E-1
1.40254E-1 1.0956E-1 8.22905E-2 4.04415E-2 3.93257E-2 4.4108E-2 4.51E-2 1.04594E-1 1.44356E-1 1.49318E-1 2.83459E-1 2.60866E-1 1.92977E-1 1.95875E-1 1.80423E-1 1.89423E-1 2.15924E-1 1.47178E-1 1.57199E-1 1.68918E-1 2.28431E-1 1.97284E-1 9.13833E-2 1.34523E-1 2.03452E-1 2.10482E-1 1.86668E-1 1.96373E-1 3.92826E-1 5.46756E-1 6.16505E-1 4.56883E-1 5.274E-1 7.19229E-1 7.03333E-1 5.94761E-1 6.80337E-1 4.79498E-1 3.5006E-1 3.15806E-1 2.7254E-1 2.53822E-1 3.02217E-1 3.15856E-1 6.34661E-1 5.59243E-1 5.07707E-1 5.52834E-1 8.72506E-1 8.61421E-1 8.4482E-1 8.50818E-1 8.43287E-1 8.1872E-1 8.00313E-1 8.78161E-1 8.72566E-1 7.09063E-1 8.33528E-1 8.28197E-1 9.64262E-1 9.25323E-1 9.3962E-1 9.21464E-1 9.30137E-1
1.47313E-1 9.63953E-2 1.05536E-1 7.48293E-2 3.46234E-2 3.75099E-2 4.73196E-2 6.36333E-2 1.69135E-1 1.89771E-1 2.77421E-1 2.62819E-1 2.00072E-1 2.06916E-1 1.78807E-1 1.82047E-1 1.75593E-1 1.24433E-1 1.24676E-1 1.73155E-1 1.60131E-1 1.60907E-1 1.2749E-1 1.73374E-1 1.82666E-1 1.88983E-1 2.28975E-1 3.14615E-1 4.22743E-1 5.43825E-1 5.69286E-1 3.83071E-1 4.9449E-1 6.62716E-1 5.9638E-1 7.61975E-1 8.62878E-1 7.7092E-1 4.60129E-1 4.55441E-1 4.12137E-1 4.21388E-1 4.13442E-1 4.57355E-1 4.34633E-1 3.40783E-1 3.44221E-1 4.76931E-1 8.51648E-1 8.34428E-1 8.32724E-1 8.17034E-1 8.2254E-1 7.97097E-1 7.93678E-1 8.4014E-1 9.14212E-1 7.48474E-1 9.42928E-1 9.65315E-1 9.55858E-1 8.98789E-1 9.05991E-1 8.97182E-1 9.03258E-1
2.39014E-1 1.30117E-1 1.14938E-1 1.13961E-1 6.33433E-2 6.2593E-2 5.14606E-2 6.45965E-2 1.33186E-1 1.26865E-1 2.28275E-1 2.83222E-1 1.722E-1 1.84709E-1 1.69071E-1 1.66108E-1 1.46304E-1 1.1423E-1 8.74265E-2 1.30632E-1 1.57817E-1 1.65394E-1 1.33472E-1 1.82117E-1 1.81715E-1 1.64793E-1 1.55076E-1 1.82709E-1 3.23804E-1 5.1226E-1 6.50934E-1 4.96418E-1 7.05382E-1 7.7471E-1 7.71958E-1 8.41797E-1 9.10821E-1 8.36751E-1 6.72806E-1 6.19987E-1 6.7954E-1 6.81706E-1 5.46225E-1 4.52615E-1 3.71386E-1 4.40521E-1 3.73574E-1 6.85641E-1 8.45938E-1 8.27591E-1 8.34404E-1 8.14375E-1 8.29401E-1 8.16475E-1 7.89828E-1 8.27843E-1 9.11473E-1 7.60107E-1 8.73839E-1 9.22111E-1 9.48822E-1 8.91628E-1 8.79784E-1 8.76554E-1 8.42916E-1
1.56932E-1 2.39681E-1 1.24049E-1 1.66977E-1 8.40605E-2 7.85784E-2 5.72569E-2 6.81304E-2 1.13576E-1 1.47071E-1 1.5244E-1 2.49444E-1 1.64568E-1 2.02937E-1 1.82948E-1 1.38039E-1 1.19675E-1 1.20312E-1 8.0416E-2 1.01473E-1 1.16787E-1 1.60898E-1 9.23838E-2 1.77894E-1 2.0857E-1 1.16277E-1 1.76963E-1 1.93358E-1 2.8869E-1 4.54078E-1 5.96212E-1 5.67805E-1 7.27585E-1 7.41788E-1 7.75515E-1 8.8381E-1 7.62545E-1 8.95772E-1 8.61883E-1 8.27637E-1 7.56314E-1 5.85524E-1 6.80531E-1 5.78212E-1 5.70128E-1 7.01887E-1 7.83924E-1 8.21378E-1 8.14775E-1 7.95682E-1 8.20509E-1 8.37507E-1 8.34E-1 8.19989E-1 7.97134E-1 8.2483E-1 8.65068E-1 9.19982E-1 8.18837E-1 8.4089E-1 9.17433E-1 8.94592E-1 8.64552E-1 8.87244E-1 8.72412E-1
1.61287E-1 1.69694E-1 1.65437E-1 1.82363E-1 8.94035E-2 7.47731E-2 1.0214E-1 1.03525E-1 1.31398E-1 2.0489E-1 2.46501E-1 2.17455E-1 1.6555E-1 1.78619E-1 1.9177E-1 1.50626E-1 1.38148E-1 1.39151E-1 1.34716E-1 1.47052E-1 1.12971E-1 1.34141E-1 2.06424E-1 1.40692E-1 1.81719E-1 1.89994E-1 1.60915E-1 2.08453E-1 2.84026E-1 3.68863E-1 4.95824E-1 4.88186E-1 6.1841E-1 6.81286E-1 7.03129E-1 7.49838E-1 6.93977E-1 7.74342E-1 8.54116E-1 8.05244E-1 6.52699E-1 7.76002E-1 6.77818E-1 6.28031E-1 6.67214E-1 7.58909E-1 8.14569E-1 8.05333E-1 8.12454E-1 7.88077E-1 8.09642E-1 7.99453E-1 7.75039E-1 7.08137E-1 7.87851E-1 7.86991E-1 7.70236E-1 9.34849E-1 8.35723E-1 8.01166E-1 8.97511E-1 8.73305E-1 8.12828E-1 8.42707E-1 7.13398E-1
1.6671E-1 1.87238E-1 1.83402E-1 1.45939E-1 1.07482E-1 4.83777E-2 8.83602E-2 1.02257E-1 1.44327E-1 1.95106E-1 2.65183E-1 2.186E-1 1.77464E-1 1.77214E-1 1.90345E-1 1.95016E-1 1.76567E-1 1.97858E-1 1.88904E-1 1.48952E-1 1.52052E-1 1.40375E-1 1.74624E-1 2.59838E-1 6.38544E-1 4.05173E-1 2.45306E-1 2.87767E-1 3.3743E-1 3.72923E-1 3.87574E-1 3.87126E-1 6.07854E-1 6.72449E-1 6.88196E-1 7.54663E-1 8.28888E-1 8.84326E-1 8.91148E-1 8.97443E-1 7.98966E-1 5.77833E-1 5.42215E-1 6.28243E-1 6.8719E-1 7.80881E-1 7.43947E-1 7.3526E-1 7.49155E-1 8.21853E-1 8.13782E-1 6.96129E-1 6.77869E-1 6.25044E-1 7.6021E-1 7.5462E-1 6.97812E-1 8.91396E-1 8.6305E-1 8.30758E-1 8.68677E-1 8.58928E-1 8.45989E-1 8.55655E-1 8.15275E-1
1.50732E-1 2.04366E-1 3.29155E-1 1.77572E-1 9.85496E-2 6.19722E-2 5.82862E-2 8.89546E-2 1.21351E-1 1.80692E-1 2.73047E-1 2.60584E-1 2.23412E-1 1.75424E-1 1.56096E-1 1.62104E-1 1.47686E-1 1.65355E-1 1.3844E-1 1.0518E-1 1.20203E-1 1.43796E-1 1.70983E-1 2.57445E-1 5.84051E-1 4.5825E-1 2.83321E-1 4.47897E-1 5.01577E-1 5.19069E-1 5.40613E-1 3.50328E-1 6.32019E-1 7.76612E-1 7.75137E-1 7.66453E-1 8.73747E-1 7.68173E-1 8.64528E-1 8.23915E-1 5.75857E-1 6.10978E-1 7.26192E-1 7.51043E-1 7.39308E-1 7.87513E-1 7.88526E-1 6.95076E-1 5.57317E-1 8.40879E-1 7.74499E-1 5.87601E-1 6.10139E-1 6.49361E-1 7.9078E-1 7.75968E-1 7.26477E-1 8.48944E-1 9.1108E-1 8.66067E-1 8.65296E-1 8.49258E-1 8.34877E-1 8.39964E-1 8.65732E-1
6.01879E-2 9.71021E-2 3.15138E-1 1.90038E-1 6.89874E-2 6.19478E-2 8.17339E-2 8.80954E-2 1.36273E-1 1.69473E-1 2.47586E-1 2.77899E-1 2.39041E-1 1.84335E-1 1.5123E-1 1.43388E-1 1.58725E-1 1.55033E-1 1.52333E-1 1.30008E-1 1.29863E-1 1.60994E-1 2.00569E-1 2.47768E-1 5.45686E-1 6.02764E-1 5.85169E-1 5.0145E-1 4.56643E-1 4.0592E-1 3.3396E-1 4.27891E-1 6.31024E-1 6.30778E-1 5.39216E-1 4.62113E-1 6.87308E-1 6.08124E-1 6.54677E-1 7.37567E-1 7.0084E-1 8.01111E-1 8.60789E-1 8.05375E-1 8.9593E-1 8.96363E-1 8.73866E-1 6.65065E-1 8.25805E-1 8.3719E-1 7.11939E-1 6.5547E-1 5.48932E-1 5.47666E-1 7.1035E-1 7.47149E-1 7.27878E-1 8.09838E-1 9.059E-1 8.91914E-1 8.75333E-1 8.78133E-1 8.56853E-1 8.03961E-1 8.59964E-1
9.26782E-2 4.1789E-2 1.3322E-1 2.39228E-1 1.05239E-1 4.63872E-2 9.52753E-2 1.05842E-1 3.58404E-1 4.52461E-1 2.40544E-1 2.18799E-1 2.192E-1 1.85084E-1 1.6257E-1 1.48278E-1 1.69691E-1 2.10536E-1 2.18604E-1 1.97025E-1 1.60492E-1 1.79688E-1 1.92094E-1 2.625E-1 5.93359E-1 3.42928E-1 5.20799E-1 3.33131E-1 2.31612E-1 1.77813E-1 1.83958E-1 2.56132E-1 2.82061E-1 2.97949E-1 3.65083E-1 3.7848E-1 3.69989E-1 4.18509E-1 4.35145E-1 4.24825E-1 5.6228E-1 6.23229E-1 8.15965E-1 8.73545E-1 8.3818E-1 7.83099E-1 8.84283E-1 6.8641E-1 9.16802E-1 8.51082E-1 8.21939E-1 8.28463E-1 8.20555E-1 7.99508E-1 7.44047E-1 6.9673E-1 6.83905E-1 7.55203E-1 8.13242E-1 8.88077E-1 8.72552E-1 8.31434E-1 8.25979E-1 7.70939E-1 8.29615E-1
2.61417E-1 1.22908E-1 2.40801E-1 1.97754E-1 1.08515E-1 9.62025E-2 1.1487E-1 1.15235E-1 4.01219E-1 5.46645E-1 4.35589E-1 2.19569E-1 2.07419E-1 2.10286E-1 2.27373E-1 2.17876E-1 2.07568E-1 2.49178E-1 2.33571E-1 1.87968E-1 1.63664E-1 2.07044E-1 2.3133E-1 2.93694E-1 6.26314E-1 4.44922E-1 3.41521E-1 3.33655E-1 2.37426E-1 1.75896E-1 1.37346E-1 1.336E-1 1.57655E-1 1.77893E-1 2.58504E-1 2.14E-1 2.12614E-1 3.1413E-1 1.76403E-1 1.42504E-1 3.28983E-1 6.28524E-1 4.34794E-1 4.98821E-1 7.66256E-1 7.82784E-1 8.13894E-1 8.76823E-1 9.8555E-1 9.40257E-1 7.4075E-1 5.77872E-1 6.29472E-1 8.00593E-1 7.36668E-1 7.36565E-1 7.78554E-1 7.82225E-1 8.12229E-1 8.9202E-1 8.53294E-1 7.86504E-1 7.69044E-1 7.5032E-1 8.19601E-1
2.36412E-1 1.43288E-1 4.95579E-1 3.84142E-1 3.40715E-1 2.49842E-1 9.82919E-2 9.8163E-2 2.25007E-1 3.78745E-1 3.94318E-1 3.38829E-1 3.16594E-1 3.03164E-1 3.51978E-1 3.4774E-1 3.08499E-1 2.59678E-1 2.04745E-1 1.70979E-1 2.02307E-1 2.20396E-1 2.83221E-1 3.25743E-1 6.95066E-1 3.28479E-1 2.60929E-1 2.88134E-1 3.7154E-1 4.02684E-1 1.98735E-1 1.06286E-1 1.52035E-1 1.76691E-1 2.6026E-1 2.21589E-1 2.28575E-1 3.41032E-1 2.13748E-1 1.69241E-1 1.93028E-1 2.87093E-1 5.76299E-1 5.8652E-1 6.33088E-1 6.67788E-1 6.55607E-1 8.51733E-1 9.84872E-1 9.33801E-1 6.52855E-1 5.33195E-1 7.24666E-1 8.09124E-1 7.83232E-1 8.62306E-1 9.08977E-1 8.62246E-1 8.56411E-1 9.14037E-1 8.5412E-1 7.69053E-1 7.46055E-1 7.46706E-1 7.94862E-1
1.23313E-1 1.00812E-1 2.75257E-1 2.45093E-1 3.79051E-1 2.19748E-1 7.20102E-2 9.54429E-2 9.17454E-2 1.09556E-1 1.68135E-1 2.07135E-1 2.9258E-1 4.70047E-1 4.95607E-1 3.91694E-1 3.56634E-1 2.77296E-1 2.12838E-1 1.94323E-1 2.18978E-1 2.36832E-1 2.77155E-1 3.62354E-1 7.0559E-1 3.80464E-1 2.45873E-1 2.92181E-1 4.44823E-1 4.59059E-1 2.38199E-1 1.16217E-1 1.58597E-1 1.66151E-1 2.14445E-1 2.48362E-1 2.95854E-1 4.01942E-1 3.89825E-1 3.19592E-1 1.78904E-1 4.05539E-1 8.04121E-1 5.89275E-1 6.75075E-1 7.24653E-1 8.41829E-1 9.27358E-1 9.96965E-1 9.58513E-1 8.80901E-1 9.71265E-1 9.14493E-1 9.46926E-1 8.66132E-1 9.02392E-1 9.41334E-1 8.7343E-1 8.40082E-1 9.35787E-1 8.65438E-1 8.07435E-1 7.10592E-1 6.66003E-1 6.62179E-1
1.05919E-1 9.55369E-2 1.42524E-1 2.68886E-1 2.33098E-1 5.09312E-2 7.0409E-2 1.009E-1 9.32659E-2 8.33518E-2 1.04186E-1 1.2163E-1 1.84964E-1 3.64532E-1 5.16651E-1 5.66645E-1 5.16858E-1 2.98627E-1 2.5817E-1 2.4571E-1 2.57962E-1 2.7784E-1 3.29285E-1 3.72015E-1 6.74267E-1 3.38726E-1 2.61693E-1 3.91901E-1 3.40601E-1 1.9085E-1 2.09925E-1 2.26822E-1 1.99442E-1 1.78423E-1 2.01897E-1 3.61755E-1 3.24109E-1 4.92156E-1 3.9438E-1 3.16219E-1 2.81157E-1 3.95931E-1 6.42238E-1 6.79862E-1 7.53055E-1 7.94177E-1 8.15849E-1 9.21102E-1 9.97102E-1 9.89342E-1 9.947E-1 9.43709E-1 8.94677E-1 9.07546E-1 8.42968E-1 9.03242E-1 9.72994E-1 8.87058E-1 8.71082E-1 9.30159E-1 8.73969E-1 8.49294E-1 7.46538E-1 6.12693E-1 6.3604E-1
1.17977E-1 1.51716E-1 1.46922E-1 1.5192E-1 1.16871E-1 3.54473E-2 7.26225E-2 9.31075E-2 7.94346E-2 1.34504E-1 1.26705E-1 1.29758E-1 2.27419E-1 2.40822E-1 3.28372E-1 4.14322E-1 2.80833E-1 2.44865E-1 3.43178E-1 3.05447E-1 2.92687E-1 3.56841E-1 4.30643E-1 5.74549E-1 7.58525E-1 3.84347E-1 2.91371E-1 3.96987E-1 3.53825E-1 1.31973E-1 1.69358E-1 3.05199E-1 3.05686E-1 2.18676E-1 2.33505E-1 4.62692E-1 5.71181E-1 6.42814E-1 4.2042E-1 3.43781E-1 3.15199E-1 3.08798E-1 3.74696E-1 6.5029E-1 6.01781E-1 8.39432E-1 7.37921E-1 8.78561E-1 9.61791E-1 9.68929E-1 9.4399E-1 9.42666E-1 9.78897E-1 9.94178E-1 9.99729E-1 9.98783E-1 9.88275E-1 9.61141E-1 9.14272E-1 9.04848E-1 9.42467E-1 9.18231E-1 8.09301E-1 6.90533E-1 6.35605E-1
1.20296E-1 1.31858E-1 1.65717E-1 1.06526E-1 8.72028E-2 3.29017E-2 3.63501E-2 7.04818E-2 6.8542E-2 1.39596E-1 1.61053E-1 1.51327E-1 2.45741E-1 2.63367E-1 2.53578E-1 3.76202E-1 3.94155E-1 2.64286E-1 3.72709E-1 3.27624E-1 2.93789E-1 3.54068E-1 4.22756E-1 6.14872E-1 7.58242E-1 4.48228E-1 3.77303E-1 5.16824E-1 5.18078E-1 2.4475E-1 1.8556E-1 2.8056E-1 3.84351E-1 3.7462E-1 3.9842E-1 5.4304E-1 5.5514E-1 6.97584E-1 5.35656E-1 4.6397E-1 4.38672E-1 4.47903E-1 4.6863E-1 6.29411E-1 7.34961E-1 8.17317E-1 6.85645E-1 6.65189E-1 8.95034E-1 9.60951E-1 8.59596E-1 9.40112E-1 9.62816E-1 9.98485E-1 9.9963E-1 9.97968E-1 9.7611E-1 9.86203E-1 9.88374E-1 9.68163E-1 9.57529E-1 9.63544E-1 8.78632E-1 7.54715E-1 5.96538E-1
2.34081E-1 9.86462E-2 6.6517E-2 7.91405E-2 7.66145E-2 3.00334E-2 6.29226E-2 7.96159E-2 7.47559E-2 9.73141E-2 2.0935E-1 1.78248E-1 1.96151E-1 2.547E-1 4.6176E-1 5.5665E-1 4.53501E-1 3.34803E-1 3.2566E-1 3.23841E-1 3.17029E-1 3.35157E-1 4.07913E-1 6.89824E-1 7.12241E-1 5.15771E-1 4.77637E-1 5.85025E-1 4.71704E-1 2.39428E-1 2.05537E-1 2.64265E-1 4.556E-1 4.85151E-1 5.20255E-1 5.88144E-1 6.89873E-1 7.371E-1 6.88667E-1 6.39228E-1 6.14036E-1 6.1774E-1 6.39029E-1 6.20752E-1 7.12457E-1 7.69275E-1 7.43738E-1 7.01892E-1 6.76924E-1 8.16514E-1 9.09711E-1 8.46315E-1 9.50454E-1 9.68873E-1 9.72495E-1 9.76883E-1 9.76034E-1 9.98264E-1 9.99126E-1 9.71219E-1 8.73621E-1 9.50953E-1 9.47555E-1 7.79523E-1 6.38146E-1
1.04702E-1 9.87404E-2 8.21112E-2 6.33305E-2 4.11976E-2 3.07697E-2 6.15937E-2 8.48342E-2 7.07987E-2 9.7234E-2 2.04309E-1 1.73625E-1 1.5408E-1 2.20936E-1 5.06754E-1 3.91335E-1 3.2719E-1 3.5346E-1 3.31656E-1 3.49115E-1 3.69478E-1 4.44793E-1 4.31409E-1 7.05316E-1 6.49169E-1 4.86372E-1 4.8235E-1 5.8796E-1 4.32103E-1 2.82191E-1 2.3805E-1 3.32688E-1 4.40889E-1 5.162E-1 4.96548E-1 4.84525E-1 6.3733E-1 7.61395E-1 7.7481E-1 7.90243E-1 7.48365E-1 7.26746E-1 7.60009E-1 7.32073E-1 7.54569E-1 7.56187E-1 7.91168E-1 7.95072E-1 7.20417E-1 6.53142E-1 7.4364E-1 8.6697E-1 8.73743E-1 8.57239E-1 8.37981E-1 9.45837E-1 9.79683E-1 9.96893E-1 9.95411E-1 9.82073E-1 9.265E-1 9.24025E-1 8.23667E-1 7.3825E-1 6.25532E-1
7.28069E-2 8.10806E-2 6.22105E-2 4.73658E-2 3.564E-2 3.22097E-2 6.93859E-2 8.70997E-2 6.74519E-2 1.29018E-1 1.68726E-1 1.26755E-1 1.43151E-1 2.11369E-1 2.51879E-1 1.80464E-1 3.01462E-1 3.27149E-1 3.57291E-1 4.06797E-1 4.04121E-1 4.73241E-1 6.38435E-1 7.22216E-1 4.91879E-1 4.67745E-1 4.80019E-1 4.66774E-1 3.26216E-1 3.00434E-1 3.34166E-1 3.69112E-1 3.75352E-1 4.42648E-1 4.51523E-1 3.12132E-1 5.6512E-1 8.16042E-1 7.63475E-1 8.74004E-1 8.55996E-1 7.80881E-1 7.78251E-1 8.27748E-1 7.58452E-1 6.63261E-1 6.95678E-1 7.43466E-1 7.14436E-1 6.48172E-1 7.05392E-1 7.19568E-1 7.61497E-1 7.75911E-1 7.53084E-1 8.61665E-1 9.61244E-1 9.58887E-1 9.73049E-1 9.79014E-1 9.64454E-1 9.66665E-1 9.30217E-1 7.81181E-1 6.45252E-1
1.06356E-1 7.90198E-2 6.50435E-2 6.52281E-2 3.96425E-2 3.45003E-2 7.3289E-2 8.59301E-2 7.10079E-2 1.44625E-1 1.1028E-1 6.94541E-2 1.49956E-1 2.50878E-1 2.21628E-1 1.98161E-1 3.15055E-1 3.29266E-1 3.43031E-1 3.08903E-1 3.53521E-1 4.38249E-1 7.74199E-1 4.15034E-1 4.8874E-1 4.64674E-1 5.32234E-1 4.48344E-1 3.91591E-1 2.51095E-1 2.83312E-1 2.96709E-1 2.45649E-1 3.22692E-1 4.18392E-1 2.14146E-1 2.7531E-1 6.8188E-1 7.32025E-1 7.86645E-1 5.58737E-1 4.56522E-1 5.24825E-1 8.79642E-1 7.99061E-1 7.6186E-1 7.25492E-1 7.27744E-1 7.0733E-1 6.43602E-1 6.5983E-1 6.53933E-1 7.05687E-1 7.34665E-1 7.45603E-1 8.35842E-1 8.77273E-1 8.69138E-1 9.33858E-1 9.60402E-1 9.26413E-1 9.49742E-1 9.26825E-1 8.76536E-1 6.78844E-1
1.30512E-1 1.10645E-1 7.10188E-2 5.45346E-2 3.25953E-2 3.7438E-2 3.66685E-2 4.00836E-2 8.14547E-2 1.06551E-1 8.92557E-2 1.32653E-1 3.26164E-1 3.7476E-1 2.03276E-1 3.34724E-1 2.69438E-1 3.0079E-1 3.14295E-1 2.94337E-1 3.54429E-1 7.08548E-1 7.34923E-1 4.6336E-1 5.286E-1 5.26052E-1 4.6847E-1 4.07437E-1 3.58449E-1 2.51581E-1 2.78563E-1 2.22623E-1 1.719E-1 2.74407E-1 1.82489E-1 8.66553E-2 1.89011E-1 3.57567E-1 3.36047E-1 4.28913E-1 4.90147E-1 3.23882E-1 4.01335E-1 8.9654E-1 8.01763E-1 7.30787E-1 7.59183E-1 7.87748E-1 7.46012E-1 6.85023E-1 5.96871E-1 5.55377E-1 5.15874E-1 6.82054E-1 7.63536E-1 7.86249E-1 8.12468E-1 8.07681E-1 8.79492E-1 8.96959E-1 9.44184E-1 9.27071E-1 9.11048E-1 8.90006E-1 8.23268E-1
9.314E-2 1.13148E-1 1.18704E-1 8.45975E-2 6.57805E-2 3.41971E-2 4.04986E-2 3.69079E-2 6.24031E-2 1.17256E-1 1.11193E-1 1.45058E-1 2.96174E-1 2.29921E-1 2.43895E-1 2.70559E-1 2.7989E-1 2.8482E-1 3.77935E-1 3.85444E-1 5.87687E-1 7.0707E-1 5.15456E-1 4.69746E-1 5.2758E-1 5.78989E-1 3.73413E-1 2.96073E-1 3.5053E-1 3.49571E-1 2.66431E-1 1.84905E-1 1.50956E-1 2.42979E-1 1.79694E-1 4.39753E-2 1.40743E-1 3.22302E-1 4.22587E-1 3.78036E-1 4.17324E-1 3.76749E-1 4.81351E-1 8.67647E-1 7.81222E-1 7.38176E-1 8.20578E-1 8.5321E-1 8.51848E-1 7.83874E-1 7.10016E-1 6.27786E-1 5.49613E-1 6.42888E-1 7.48565E-1 7.93711E-1 8.21059E-1 7.66065E-1 7.28125E-1 7.7793E-1 8.61816E-1 8.93239E-1 8.48275E-1 8.48279E-1 8.72592E-1
1.00624E-1 1.1391E-1 1.33726E-1 1.45704E-1 6.1936E-2 6.82401E-2 3.69641E-2 3.34222E-2 4.92922E-2 1.07511E-1 1.13479E-1 1.82894E-1 2.34592E-1 2.44033E-1 2.13201E-1 2.89717E-1 3.45207E-1 3.60806E-1 3.95192E-1 6.93582E-1 4.45626E-1 4.17172E-1 4.56593E-1 4.60201E-1 5.43222E-1 5.57613E-1 3.97792E-1 3.87443E-1 3.83422E-1 3.30367E-1 2.69222E-1 2.00339E-1 1.66913E-1 1.34005E-1 1.53901E-1 4.37368E-2 1.28727E-1 3.97366E-1 3.23117E-1 2.96231E-1 3.87562E-1 4.52774E-1 5.19521E-1 7.98779E-1 7.01925E-1 7.07128E-1 8.13958E-1 8.50021E-1 8.64413E-1 8.4463E-1 7.30274E-1 6.70755E-1 5.77644E-1 5.93558E-1 7.06221E-1 7.672E-1 7.74382E-1 7.66002E-1 7.15409E-1 6.74012E-1 7.89237E-1 8.40368E-1 7.87248E-1 7.9186E-1 8.80216E-1
