layers/sloAlbers.asc
NCOLS 638 
NROWS 825 
XLLCORNER -2985163.8955 
YLLCORNER -3022031.214 
CELLSIZE 10000 
NODATA_value -9999 
[rows 140 to 167 of 825, columns 372 to 433 of 638]
3.87456900329201 3.99363442081096 4.82506005590205 5.41461391283971 5.60639157614219 5.71322647627298 5.68173902818245 6.60616923523322 6.18330232597158 4.20438512489945 4.40673786383861 4.10068048038149 3.82279995070611 3.56158743890321 3.68126587216545 4.330742636738 3.8899169812209 3.59149761812623 3.35018273525387 3.32807300434189 3.40901988928923 5.03314074002129 4.12024467507279 2.91558694622962 2.54603601566349 2.51822130203444 4.06499263065204 4.15112648318309 3.5057843725404 3.08793422344209 2.11690243405699 1.94442258751577 1.38168428583063 0.981119845741115 0.830218153590564 0.772522164735459 0.6217466707057 0.514479231141757 0.304221464762575 0.0750047877298158 0.00985064224668704 0.0028202303639556 0 0 0 0 0 0 0 0 0 0 0 0 0 0 0 0 0 0 0 0
3.59429619271144 3.2950774415441 3.5142163823634 4.13173469902082 5.19347652200709 6.4040597383659 7.13867760104434 7.72859654090962 7.17446561134049 5.77683378249246 4.71052697432352 4.35022335714123 3.57577646624914 3.36786044453995 4.09399287299318 4.33751027393943 3.87408161875263 3.65230238499892 2.96957877786556 3.43247419636258 3.50552642926817 5.82527720954125 3.92371035971139 2.82265231868192 2.47317631516982 2.37530741691254 3.08908541966183 4.5124662055476 4.34961092672753 3.71796062638506 2.38996245531512 1.81807265134952 1.36029025809364 1.01523977845707 0.756212079424513 0.758394599585017 0.717381844353003 0.572325054133051 0.44869500009707 0.332352054871109 0.23736470942057 0.104293648478162 0.0128458125114987 0 0 0 0 0 0 0 0 0 0 0 0 0 0 0 0 0 0 0
2.79375954201127 3.22795539550376 3.20622939974291 3.48508101970313 3.95151222032217 4.29281665322685 5.06680746396261 7.4763310739336 8.86881734835357 7.58115069873971 5.45003325870934 3.9874911561473 3.46014925141078 3.50407003417634 4.02500078494007 3.76992457308392 3.29694523161942 3.29879180930363 3.15269192882875 3.58669692026233 3.72536382864261 4.63259994110221 3.1361013561771 2.83611559864378 2.6814462263566 2.53814294384454 3.38789568246388 3.99312818912915 4.25717776321964 3.34868210895824 2.48760720802457 1.81832561533895 1.21015703611148 0.981496239400732 0.753719584404969 0.673410538989748 0.570561031615368 0.531917513661371 0.862555121344106 0.811674824007687 0.705187905401018 0.533444867618619 0.323960791736004 0.0330538998873533 0.000189415663453216 0 0 0 0 0 0 0 0 0 0 0 0 0 0 0 0 0
2.96411107471075 3.00977625531617 3.19377871295541 3.292592661195 3.5962284797314 4.03954288406458 4.71100143994331 6.99320467895183 9.678277400487 8.86487148114425 6.66646385055233 5.3250820990788 3.92565297866282 3.46109963040439 3.85567831886208 3.89511471709705 4.14580081646065 4.24401296788608 2.96018733683985 3.26278837839871 3.49389836816086 3.01172229401367 2.48824598407664 2.80950581884898 2.38847350704093 2.76489909212196 3.16805015439971 3.59287920179229 4.11574380294464 3.43710118980273 3.04964049199914 1.94694554079853 1.2301914429162 0.943106104916335 0.894898292439455 0.665213017502964 0.59384945338433 0.647967640054429 0.684101524598326 0.862905805410361 0.949219458865143 0.88333055130758 1.04896274208079 0.196360110224539 0.00315679194232216 0 0 0 0 0 0 0 0 0 0 0 0 0 0 0 0 0
2.4490729943693 2.56387113931838 2.86584108973564 3.57047327789506 3.98602569873929 5.04845066342735 5.8881277867184 7.68228419321947 9.17164651597385 7.11527778848364 5.87970073451164 5.79852958027362 4.48611719310818 3.65476738810653 4.18334180638117 4.10683264692523 4.41170910316666 3.71082673935354 2.82425921825043 2.84546158191104 2.9936835766418 2.99854847400394 2.6252542551071 2.88347569588958 3.13431624520572 3.72566004460687 3.37908278793864 3.70432767995602 3.80865364649265 3.33450210611164 3.12665555104346 2.08167347853732 1.39380441523427 0.89491091537291 0.539556162834845 0.566403975390846 0.564019214117427 0.546899772201551 0.426272301200109 0.6623113601459 1.01474171333139 0.963408794433753 1.18727858168098 0.346157088123709 0 0 0 0 0 0 0 0 0 0 0 0 0 0 0 0 0 0
2.9054252724347 2.56409221760704 3.00889919118439 3.77328432701297 4.31022539963859 5.18960002347678 6.97775253963645 6.65305530271751 8.00108809825266 6.19103618727372 4.95191565048332 5.65480445621142 5.47142312686508 4.03933086597794 4.17937673107634 3.97588015743263 3.5966062730583 3.22850216791829 2.94456418829115 3.32386313821833 3.28984861299601 2.9116463710051 3.01399055040588 3.73263958467771 3.97428379139195 3.93538567455416 4.29961178470677 4.28072324748051 3.81912413717187 3.15703050563944 2.6053276012342 1.67201008995494 1.2011144550911 0.978238037418342 0.644988644428932 0.505039633286575 0.446666896088707 0.366280914078631 0.374774516937137 0.412803474736118 0.458106090314726 0.482314129951719 0.719462554059382 0.451788526996909 0 0 0 0 0 0 0 0 0 0 0 0 0 0 0 0 0 0
5.35521936918519 3.70277635989614 3.07332081201043 3.44880793266061 4.18139036642818 4.99202938665683 5.69080617109451 7.07334265329012 6.85388800598096 6.06984656816745 5.37231448518861 4.84740220284419 5.65260952372096 5.0441339457255 3.87270171810547 4.89324450151004 4.87321282004936 4.04718589420265 3.64343161269147 3.71852069859713 3.41403565061363 3.26486383285927 3.77994071068052 4.35356369011685 4.18916183334102 4.30810110105774 6.03374026275482 5.82197284586166 4.2551608624508 3.08553612357039 1.98582174774952 1.21072130470959 1.14757189359625 1.05013828531757 0.765053353376406 0.517214713834918 0.379560200726025 0.341039817221549 0.806923725171133 0.642961205473495 0.709398384750083 0.504769269958507 0.586066633007482 0.425066147522281 0 0 0 0 0 0 0 0 0 0 0 0 0 0 0 0 0 0
8.13381942206293 5.99343084736358 5.12860987837572 4.40544839668001 4.18002275960999 4.78976601068203 4.50013940377433 7.24657193242148 9.02967557904673 6.65305488735177 6.03957428609044 6.08390894000641 5.04030090367486 4.59484478862526 4.38833704195809 4.92991082271058 5.27237423462511 5.02617948386966 5.0838792184109 6.3761344694848 5.7679822889417 4.83552032030284 4.30533264556402 3.93650683051845 3.90454494763658 4.22300890118544 4.47985808257308 4.01703993662562 3.84849390997941 2.88806037423768 1.82454321303733 1.36495582836909 1.17262063834543 1.31216371653096 0.8055730131298 0.577007505698028 0.483003544851118 0.574571510229078 0.903520380463332 0.497338468656844 0.647347695114704 0.451118895006417 0.581091075959865 0.152652271690036 0 0 0 0 0 0 0 0 0 0 0 0 0 0 0 0 0 0
8.76351156015166 6.25095300720681 6.41022236430912 6.72596953083947 6.87033677781533 5.87075290828396 6.19815575725161 10.2213530105414 10.5647277460376 8.87568246702498 7.01827481983172 6.54080942743181 6.33241889575156 6.14047331430231 5.32689316899795 4.9232335239744 5.2740340068406 5.37938192889481 5.221661784395 6.41235481623744 7.29106326762735 6.31122332194568 4.76200682336579 4.21739209571183 3.95850284762217 3.87857930049551 3.63504693846239 3.21714975182731 3.25996302118172 2.49145136531002 1.96379364944595 1.86275725803401 1.14907822166971 1.39341562194107 0.812400905895787 0.638559594098109 0.866613350362111 0.764365021195978 0.705362836272756 0.442837899645152 0.677483222262331 0.646398275765008 0.532684756553032 0.238841647481752 0 0 0 0 0 0 0 0 0 0 0 0 0 0 0 0 0 0
10.3611822140956 8.82547588528715 8.43017380550176 9.48602452867542 10.0571049189955 7.56264800194928 7.97924545120199 10.700769979778 10.3367589990556 11.3726067807632 7.59415164520701 5.99690920443318 6.03820613525863 6.31093677441433 6.18537933755759 6.17014897055498 6.21477101170023 6.03128426906793 5.89061239507791 6.47651059155868 6.99294964585158 6.01409625294781 4.48165635818428 4.12778532757239 4.38393882904976 4.4890003368185 3.4302842734891 2.39174179868228 2.95571289141844 2.72498630107267 2.42985059523844 1.70226837522555 1.32929345584005 1.48018949199287 1.10741319716172 0.941421993383979 0.725662636402659 0.492965645977699 0.493953260250595 0.655049890454998 0.907259003700364 1.25971261440915 0.78853194829746 0.14183930834678 0 0 0 0 0 0 0 0 0 0 0 0 0 0 0 0 0 0
12.3693565458557 11.5406357630435 10.7729083085748 7.81223098994414 6.98302764212145 6.78341416088852 6.86953379860254 8.83735678479022 11.7069595663919 11.1173426047975 9.88018048608741 7.05152832200334 6.90630548615296 7.2376390958171 7.19062974815375 6.50563614831904 5.79969378839377 4.69966190868205 5.24677199849571 6.60322002285158 7.96028350394149 8.05119297914191 5.69722562104627 4.32126874064005 4.34917474997691 4.75917152417638 4.13299847549396 2.75657809554745 2.26591142325909 2.49493482263248 1.78455265891969 1.69685213933693 1.51865510226097 0.890521012172295 0.393901561151006 0.446627586702453 0.605896162000499 0.957437480215179 0.853229730803672 1.07791649595939 1.24766001197629 1.33294569727116 0.701657214623629 0.0518355792941992 0 0 0 0 0 0 0 0 0 0 0 0 0 0 0 0 0 0
13.8479602704295 13.3895752643286 12.6047803436885 10.7204194271206 5.50253821314816 4.26772528611521 6.06349874116428 7.83114500093688 12.0249386603256 10.5134237472257 9.72723590334843 8.73132882268506 8.16161865584854 8.22882878547923 7.75372953136477 7.16183783214998 6.46492216226357 5.37796152137634 4.36343730462174 5.50180721926466 6.91269605222309 7.88031254124913 6.8330150730338 5.29924649948701 4.06372320130557 3.36512019579779 3.0383749321775 2.90057650410921 2.32696239894366 2.26377574796841 1.71550754352259 1.47607463861479 1.53009120206195 1.37785219152502 0.875533441810161 0.524146815765933 0.897731115386268 0.836055929487164 1.17667067246795 1.31562278799352 1.36427005067112 0.823108504544932 0.21540701008349 0 0 0 0 0 0 0 0 0 0 0 0 0 0 0 0 0 0 0
13.0818875273966 13.8255345499283 11.9085375134652 12.9607913200214 11.7698263703443 6.83398663521591 6.65108300454865 6.79453893094543 11.1892817028137 11.3861515630442 10.1260980416183 9.2106862811463 9.83113571310863 9.22138111022033 8.25762990908046 7.47330530974534 7.2570664724109 5.76733015119344 4.5508312845785 3.73086399356692 4.29574443317854 5.78422324441442 5.89239318808091 4.37623922396216 3.31491191093278 2.36623007634752 2.03250784317819 2.4188216145197 2.28291925075744 2.30756214066384 1.38672783038402 1.25982569147654 1.33361154034216 1.27783319935774 0.893696490846704 0.544112376828591 0.564082632208398 0.946209068990507 1.40099403325596 1.57268172483753 1.10164236036367 0.271387730558759 0.0148874210353637 0 0 0 0 0 0 0 0 0 0 0 0 0 0 0 0 0 0 0
12.026217881886 14.0066531748737 13.6132790551336 11.8745517749776 10.7734936655464 10.4439802408193 12.4483500962665 12.6017391896814 11.4039706978399 11.0524401140672 10.8806938975299 10.1635496379045 9.53895348261785 9.8133772821972 8.63126815821623 8.05513715109409 7.33207509475129 6.03498896623379 5.72159065753503 4.75345234754669 4.05684081689132 4.10708348021453 3.38197870194834 2.71647216659599 2.69666514573925 2.65799803878053 2.36418568765878 2.14286399685674 2.2218567660122 2.13398474609806 1.1295211024113 1.05194825112066 1.25433442544552 1.24530604210409 0.789846025878345 0.672729210380171 0.865998064496328 0.474672724571126 0.171584550944514 0.223019042779115 0.151024551771567 0.0283321229009498 0 0 0 0 0 0 0 0 0 0 0 0 0 0 0 0 0 0 0 0
10.7286779613041 10.8857540029626 9.80029605687296 9.9403623474214 8.92064012093882 7.96257639541695 10.5807580384343 10.9510763658255 12.9433633331767 12.910156696308 11.5668946464187 11.3915188556533 10.8831532235888 9.38119300482041 8.14864280678918 8.36413402683415 8.26130062754072 6.82360263941139 6.63895206370196 6.11418462418982 5.4338048811463 4.69450300497427 4.38053064378927 4.28446556136005 3.15618301299242 3.27836714913095 2.8525998349862 2.07327759678402 2.03635111032088 1.97067861518435 1.30109382636734 0.890315987851135 1.09912616859522 1.06057127888262 0.86112352190246 0.98512121198998 0.580736988651213 0.663204970392 0.588719745843013 0.585708458744824 0.438925317774447 0.10679331829776 0 0 0 0 0 0 0 0 0 0 0 0 0 0 0 0 0 0 0 0
9.09438698835116 8.11864612441383 7.25639624573146 7.31217493415178 8.31696764984886 8.05476579773497 9.17273739391631 9.54282720089626 9.88449930497506 11.7001427407738 12.3911949157995 12.9375328242858 11.2669657199873 10.0331568350409 8.26324566307679 8.22804613257843 8.8961872369178 8.02217331961658 7.86564643117738 7.58763357895352 6.06859877930787 4.673087830077 4.01129055384096 3.81850695537762 3.00295314536444 3.37784924949777 3.51103750409553 2.47628142233469 2.08706995396594 1.6687187180204 1.35101265263215 0.895955261965025 1.07598878471467 1.34503678235459 0.941913714727526 0.605197144935681 0.855330626252543 1.52314768769467 1.473147501657 1.53721373200805 0.910499794034053 0.190718468906288 0 0 0 0 0 0 0 0 0 0 0 0 0 0 0 0 0 0 0 0
5.78519338854328 5.11414187780071 6.67465672534515 7.5221973470714 6.32163114389555 6.56896659066736 7.78151042207989 7.97108121060516 8.14979153722335 8.39358378545467 9.71368281247556 11.5717524391831 11.9063853369103 11.0249206984267 9.1643838685971 7.52340361268299 7.85174036910555 8.19122708427443 7.96323014977022 7.74316272664366 6.29117654092822 4.97751006810619 4.44189573984405 4.16578942138948 2.59658154153222 2.36087412453088 2.73927550288721 2.57619582224063 2.00302639686479 1.33616919280534 1.29931034987078 1.20322116357533 1.29825784668776 1.30854447647048 0.595561256066719 0.351819287846118 0.948698423664598 1.38582384976992 1.24387690136913 0.945972763082419 0.280464560668005 0.0163087415979243 0.00129273343995215 0 0 0 0 0 0 0 0 0 0 0 0 0 0 0 0 0 0 0
3.50817943437706 3.40467440167908 4.28517078846306 6.87730262747229 6.66387295874871 5.82682834004737 5.73952354269185 7.05019430965057 8.67546730393108 9.15096218454857 8.40765557951808 8.42954604613635 8.90031810827237 9.35672479250402 10.0444890985192 8.70522565839576 8.4978114024963 8.79719911971978 7.52055256858249 6.97763599154892 5.70823578362586 5.1056344818445 4.84598002169711 3.52439199640916 2.50285684050603 2.24376803804965 2.25535081013307 2.52815022605793 1.91449699499314 1.46412594683437 1.57276649929181 1.53551534141166 1.28901525350724 0.731384500446703 0.236717349956572 0.596976982065713 1.29312301748355 1.11923117261565 0.741912414001516 0.51659306761027 0.257785357404235 0.281999018894575 0.163159233637209 0.14763653658487 0.369159739002106 0.515674708574355 0.154939740803185 0 0 0 0 0 0 0 0 0 0 0 0 0 0 0
3.76725925556583 2.91679875883516 3.13954834612334 4.56429600063833 6.90346606188422 5.33432040730753 5.02148061397047 6.46542902522051 8.17042885053239 8.55387830802538 8.12986649390837 7.85462331364766 8.66600049762733 9.12949476224244 9.43913234456474 10.1534269710257 9.07939622223495 7.45936127773915 5.95100281505306 5.3522941381685 5.21226970173806 4.90526485587402 4.67267861939973 2.73468548074693 2.31603528932294 2.11841715007981 2.30905299912203 2.33872540551507 1.64344788744587 1.40205047118454 1.37336088836082 1.28208629268358 0.692200467175096 0.274259554000585 0.524376327117009 0.999573497932274 1.06945016637247 0.964739657054257 0.692640270582664 1.08146266389343 0.93985334080459 0.911541376831221 0.878664215738514 1.13580035572217 1.29870093138416 1.19215478357316 0.163951321072833 0 0 0 0 0 0 0 0 0 0 0 0 0 0 0
3.41833272310786 4.97497143960801 6.52044906906777 5.41123410345916 7.1829691033124 6.24351841562978 4.93240360771252 6.39093902016176 7.6741621795004 7.82233068054307 7.88861753904176 7.46452615060835 7.68787046174557 7.46450850733492 8.74350412786474 9.77621697981829 8.0567911490174 7.25729879613392 5.74502847332141 4.09897237943402 4.72456479787074 4.4961068637323 3.64636811081639 2.80269820429373 2.48147396866421 2.49740819231463 2.2760811532063 1.96286102562497 1.32610014591561 0.815620030782447 0.259657644101776 0.0951808679701448 0.106967488672621 0.886122975190121 1.5031006738174 1.04277310231406 0.925714656616551 1.07364009750062 1.03875841158482 1.20431353089921 1.2574723371142 1.26416092484569 1.06998088927318 0.820651606536789 1.02222963242442 0.535930723892762 0.0248419193545252 0.000769622872496555 0 0 0 0 0 0 0 0 0 0 0 0 0 0
2.93797020760118 3.80203668906783 6.55464838330667 6.43346330454532 6.01881857859345 5.47311249431909 5.03429574685542 5.5870996294082 6.47097299278221 6.74514684587314 6.97242409035093 6.32669271863064 6.34628175215933 6.03978176784755 7.43497903096672 8.9667090201691 7.82603984091917 7.487231213243 6.209090684764 4.4595611665771 3.84095631160988 3.3621157640937 3.12377943635699 2.79042285031571 2.55977382310068 2.32311990699479 1.90817566872624 1.65310861025287 0.878149063539541 0.391757836861793 0.523006525308347 0.724819828857036 0.674630457752568 0.658179350615735 1.26117876367865 1.26949777286818 0.456720409753603 0.773380502251962 0.676022183947636 0.781600130598278 1.19827909640841 1.68725997381456 1.1538995524806 0.642638479902838 0.34614281666038 0.389409702364487 0.263548276021848 0.163004425974312 0.0217981218300967 0 0 0 0 0 0 0 0 0 0 0 0 0
3.75213480276036 3.37853535742043 3.43660879420678 3.50914301946319 4.46042777760917 5.31610164404237 5.68436556570423 7.17622125484362 7.19324405778028 6.36408673850716 6.26726349582665 5.59663496347471 5.62178738183307 6.09625954008187 6.92176802194359 7.93441144090307 6.85469568241551 6.15527630385628 5.59342303520953 4.58503989891185 3.33456353918407 2.90107992732888 2.67667035419349 2.47663195668169 2.56432075315518 2.25345751444814 1.42332293303125 0.998404132440093 0.544349347718228 0.536711964878861 0.950138290371266 1.01851095856757 1.04742880280285 1.04528203969704 0.384318475458772 0.477932420485861 0.607906597975441 0.0573640564464944 0.192423628889366 0.0999382319901036 0.514052141441131 0.933885408260566 0.503587131899062 0.564871960851075 0.671644098246277 0.959420743893063 1.08214412922301 0.949791597089642 0.36168912158865 0 0 0 0 0 0 0 0 0 0 0 0 0
5.17831476112287 4.60838672285706 4.74199848654499 4.5895910132139 4.78962305535605 6.25430030971347 6.13062740559321 8.43281233949038 8.64848191185246 6.25484520983724 5.83577091164555 5.51633569054937 6.53078956390913 6.87566244685575 6.42631766587717 6.62551625965038 5.89816222435422 4.98044922045659 4.56878992460113 3.89737024032487 2.71980598753789 1.96294984652112 2.0792699708711 2.11649828314319 1.95281807943333 1.52263631149057 1.05167191820689 1.05251936184436 0.74767346712979 0.785864691655106 0.959446658266174 0.935672338273901 0.716557196641422 0.342548736415221 0.391108504770927 0.842193392841963 1.26092121858702 1.1834152813339 0.583655862567006 0.424857013391496 0.185043931565481 0.136012465324661 0.158331930974109 0.665529357832343 0.776095031009749 0.790433182871978 0.8781023968157 0.728317593115046 0.264972692444152 0.0666310811600336 0.0475636596659518 0.00765864913606457 0 0 0 0 0 0 0 0 0 0
4.38108274192282 6.30021139633971 6.70832379752399 7.67579231937813 7.52611683957903 6.68250261592497 6.3233849371547 6.40382373713652 7.21661172657855 6.70304511111142 7.42740479912245 7.4573715324456 7.37622926846169 7.21048973779923 7.14079219926514 6.04348629799354 5.39754061677888 4.09010320383015 3.14841654009617 2.94493539938046 2.47564458868042 1.91028334127481 1.6407769882028 1.6660086391875 1.76583581530594 1.35973882240747 1.13791266935301 0.755141590147952 0.920627431996264 1.14365047735554 1.08975288224394 1.05831580231634 0.260721936522131 0.407029996365007 0.975217003879725 1.0798057859502 1.30497984740164 1.11014594937052 1.24230526736129 1.16428575159929 1.25969956174289 1.01300790813885 0.742417883299959 0.613858055680595 0.415937036505097 0.463748929086614 0.60571107464048 0.537072155857482 0.370003866428283 0.485830271929348 0.512321759425736 0.291240129927963 0.113820655992247 0.0822175666202477 0.0234798254798563 0.00329868347328187 0.000126103617810978 0 0 0 0 0
3.87572620310297 5.7699666029207 6.41522796254105 7.34340961357091 8.80448954397979 8.09245141428267 6.5433967231569 7.14114377311461 9.157464266865 10.2041681588685 10.5063917026004 9.40875258526821 7.65141403989882 6.19574504403618 6.76370213365579 5.08903609998232 4.00685314393884 2.7888258915336 2.00778973487542 1.7014860622446 1.619376991232 2.13457721549986 1.82811633874084 1.07476433471269 1.0282469229441 1.1062734869465 1.01682306733771 0.860271046235449 1.09247672336046 1.18511426596411 1.11506134061732 0.931688935058577 0.372943476646761 0.649294859074446 0.663550824863361 0.820592712536769 1.12301599698597 1.14579294257006 1.09442518934184 1.13684917158968 1.14039658920046 1.22332211799777 1.16525829627575 0.815846613383093 0.621114861282309 0.634644905178195 0.627267095615324 0.766293118759956 0.687702662475151 0.671322970527409 0.775039492812013 0.841087918251093 0.89117448124858 0.760230163638131 0.47154179467649 0.0611224738189796 0.204822400943549 0.12793368941633 0.143907272690472 0.00452831716890181 0 0
3.82844741929183 4.91422611020945 5.54353330124721 6.94683935933751 8.24338236675148 8.06820384886002 7.38645424859481 8.47375579629005 8.77332847962641 10.6296255471464 7.66519819655349 5.49395361656266 4.27671698180986 4.64413673594457 4.27199380408248 4.11769993838039 3.17329470438681 2.13923216913564 1.58827001579287 1.66327120859089 1.72350742074562 1.84437977680662 1.53515258342435 1.12165089896747 1.11970287113353 1.09688722150366 1.04147168664131 1.17808947478767 1.28524401873613 1.35471299930751 1.09166295590449 0.928585481933179 0.759248336826897 0.874833466428593 0.67676278106022 0.752683784658395 0.950638346704544 1.21927997979725 1.20009786789821 1.14554352972815 1.20880466230003 1.04037702116925 1.023276091359 0.884599998490021 0.735312119983472 0.588829486490308 0.468269687881885 0.521533665270366 0.49678534304166 0.427381061030258 0.39724307758316 0.373303309141418 0.460816298344086 0.421418620467923 0.455178393821638 0.561937611700549 0.450062399953125 0.607866834312839 0.581146015712689 0.332174159576959 0 0
3.73719094784289 4.01091029220449 5.72810901866061 8.20870440847051 8.87093734694853 9.42233143030056 8.4760010070858 7.61010900946968 8.20725457522681 7.04159102676162 5.64329582996069 5.54315756866628 4.92815213085766 3.53355243158487 3.37364393526014 2.74141308433834 2.6388102990957 1.98209991223595 1.435661716705 1.57374097302971 1.77533553138456 1.31474080579573 1.05557804119866 0.906473197734877 1.10676313809452 1.27455945663144 1.39752876347626 1.18700914873889 1.24782669364463 1.14600864859577 1.00638769708938 0.261539047781925 0.896035362444615 1.12222513551915 0.940900770582489 0.78622499120006 0.797170759518414 0.970642970396903 1.07039405844555 1.00278443904569 1.10919779057378 0.953485928102446 0.960599304224247 1.10119304813817 1.09865928502041 0.846272375803715 0.482517932377607 0.383569348557691 0.388186813019197 0.385459585401399 0.366966180056377 0.363375453015056 0.435914943397536 0.457137695694824 0.463527155317058 0.412642190758837 0.342401264553673 0.421905431391045 0.588887645066797 0.262246114090222 0 0
7.00924976515332 8.99537263968605 9.82166578214064 10.0435772196323 8.09552818349885 8.01996722924077 7.70235241527492 7.71105557257123 6.92221954135624 6.4204919522664 5.50249288772623 4.687929364871 4.84730677988372 3.72866644252352 3.9503529764896 3.53730504398729 2.82527315772381 1.91366932811693 1.75087173113162 1.89449886472596 1.54111963861125 1.13013466723519 0.956337515297826 0.87902209715017 0.922280004172519 0.985866506474856 1.09185271253397 0.881284736074101 0.970578705199127 0.997750557379154 1.19863302316619 0.759392347037876 0.998752349001015 0.968576827922496 0.880237026492815 0.805853573552837 0.730765649464343 0.804784111977695 1.00837589817175 1.00184448922609 0.978375598549007 0.941161664492275 0.789038365285693 0.901876623392649 0.76539451035974 0.636230709891669 0.594282444791821 0.454165993855552 0.377167231840688 0.409477081931833 0.410370511221384 0.39566746002703 0.465128582395322 0.427198048999897 0.397459939339083 0.353238052168683 0.42036592900971 0.462486856112683 0.402871583143884 0.0130552761438287 0 0
