layers/sloAlbers.asc
NCOLS 638 
NROWS 825 
XLLCORNER -2985163.8955 
YLLCORNER -3022031.214 
CELLSIZE 10000 
NODATA_value -9999 
[rows 84 to 111 of 825, columns 310 to 371 of 638]
3.0842692149811 3.41895150977127 3.51936638875036 3.2759206207485 2.81740252208971 1.95849892647787 0.91970120426509 0.376179276088482 0.108736838665485 0 0 0 0 0 0 0 0 0 0 0 0 0 0 0 0 0 0 0 0 0 0 0 0 0 0 0 0 0 0 0 0 0 0 0 0 0 0 0 0 0 0 0 0 0 0 0 0 0 0 0 0 0
4.12657574726 3.88895165070402 3.49219636821763 3.04528588328733 2.63002441886091 1.64494000109333 0.680276192978264 0.360612369622537 0.281633613795008 0.156132490822391 0.058349019104102 0.0338587081945853 0.0128993354493325 0.00135463607017823 0 0 0 0 0 0 0 0 0 0 0 0 0 0 0 0 0 0 0 0 0 0 0 0 0 0 0 0 0 0 0 0 0 0 0 0 0 0 0 0 0 0 0 0 0 0 0 0
2.64865479338787 3.10098285111383 3.81560921758195 3.67356274543811 2.32752562040394 1.21971913811341 0.867199269832148 0.754135408945789 0.738178054456982 0.550688684223028 0.422054427710028 0.384517285181132 0.2816219344575 0.0997992906105455 0.0108063829491208 0 0 0 0 0 0 0 0 0 0 0 0 0 0 0 0 0 0 0 0 0 0 0 0 0 0 0 0 0 0 0 0 0 0 0 0 0 0 0 0 0 0 0 0 0 0 0
1.96104599550895 3.05653961712583 4.08493964284034 3.62152086901224 2.07384266784477 1.23528253440772 1.15245798548732 1.27348387579342 1.28514653424295 0.89544764377364 0.613659475566382 0.481506776740229 0.569051213750976 0.406403747255579 0.148957570210458 0.0257773441720343 0 0 0 0 0 0 0 0 0 0 0 0 0 0 0 0 0 0 0 0 0 0 0 0 0 0 0 0 0 0 0 0 0 0 0 0 0 0 0 0 0 0 0 0 0 0
3.50608945639903 4.74623702083533 5.41624576259405 4.84533790886602 2.56707572135646 1.79918866536423 1.82253532897962 1.74590999508961 1.44392385079549 1.24982567254446 1.00925824957215 0.613354295999584 0.521354604432414 0.492327935819194 0.449810561180484 0.229266144804155 0.0400769219779889 0 0 0 0 0 0 0 0 0 0 0 0 0 0 0 0 0 0 0 0 0 0 0 0 0 0 0 0 0 0 0 0 0 0 0 0 0 0 0 0 0 0 0 0 0
6.11532022009504 5.16933686534174 4.48414492214627 3.60993037365746 1.99772061925555 2.09237424013228 2.41157361288518 2.23714435066372 1.78757820287108 1.42201174593559 1.13265412383195 1.13201932803048 0.936806810173671 0.658583368149245 0.610474613561043 0.509487722419239 0.257297309782922 0.0475299717280421 0 0 0 0 0 0 0 0 0 0 0 0 0 0 0 0 0 0 0 0 0 0 0 0 0 0 0 0 0 0 0 0 0 0 0 0 0 0 0 0 0 0 0 0
4.83503185389573 3.85823553689184 4.02446848105465 3.18845984549222 2.41364789360693 2.22409218340297 2.48850284224696 2.39949029347282 2.04431419112748 1.56579571911867 1.11363401401525 1.20476214232531 1.24474704160977 0.980760879408077 0.777328978207676 0.580674330578186 0.481275011229668 0.189133524188116 0.0485955513214795 0.00797557174864051 0 0 0 0 0 0 0 0 0 0 0 0 0 0 0 0 0 0 0 0 0 0 0 0 0 0 0 0 0 0 0 0 0 0 0 0 0 0 0 0 0 0
4.77964084990727 3.86835888688857 3.93904257236266 3.79632497115937 3.63746310843014 2.74348902431308 2.59063203143764 2.65417153452297 2.40961342856997 1.6067974265355 1.23711771698062 0.876395154317517 1.2834422244285 1.36924271397555 0.985022092772093 0.600446599544322 0.494781704340284 0.63581416457466 0.595138338215756 0.383769769578747 0.0778093531342035 0.00209041788619017 0 0 0 0 0 0 0 0 0 0 0 0 0 0 0 0 0 0 0 0 0 0 0 0 0 0 0 0 0 0 0 0 0 0 0 0 0 0 0 0
4.28620198642593 3.56043062568619 3.40856764761308 3.61170783943598 3.73490391562009 3.06710252338999 2.92949842418629 2.5932812869326 2.38469932187363 1.96110640974827 1.46686539397941 1.20126855882559 1.33048468377698 1.61025196042048 1.36773029112408 0.768024431362607 0.816599064745637 0.820676291831401 0.721346696179992 0.549443284461084 0.510360616859654 0.171451245203102 0.0148134329098032 1.24947705572491e-05 0 0 0 0 0 0 0 0 0 0 0 0 0 0 0 0 0 0 0 0 0 0 0 0 0 0 0 0 0 0 0 0 0 0 0 0 0 0
3.20282820449759 3.16259038613108 3.06360614678607 3.37688464851929 3.479427240104 2.89000079850849 2.55736739123776 2.4252866106536 2.32984830201139 2.00021607865636 1.47850313735459 1.63298138889506 1.60071722727764 1.2464853686335 1.37153035346585 0.917002013399947 1.08559734835322 0.851887162354207 0.878092768303233 0.719673308510685 0.609785566888324 0.559223156601198 0.110333002955441 0.00377682577377889 0.00964082518387053 0.00261883803495286 0.000156666572464443 0 0 0 0 0 0 0 0 0 0 0 0 0 0 0 0 0 0 0 0 0 0 0 0 0 0 0 0 0 0 0 0 0 0 0
3.2259556860382 3.24857827833566 2.68120673043511 2.6412959404983 2.40575300191435 2.21999018146541 2.27494911817332 2.48596811942422 2.67258961880177 2.2513158604344 1.66538848767665 1.69356551774609 1.50649389331726 1.30810837963709 1.54486128580166 1.15100780409334 1.10674674969845 1.17100400910861 0.973852769347074 0.934207039783159 0.832392509939181 0.614421711707349 0.227165779317154 0.113585682169233 0.284983771464809 0.246413172855941 0.188307078558363 0.191446293350366 0.15547637283716 0.0592997487424477 0.0141903553428199 0.000430102979106071 0 0 0 4.65372048902379e-06 0.00105146520023509 0 0 0 3.80965023924191e-05 0.00062523714284147 0 0 0 0 0 0 0 0 0 0 0 0 0 0 0 0 0 0 0 0
4.37498993936748 3.6589044261305 2.48294716755863 2.53400813254523 2.20287454593452 1.80222145770543 1.97024319067196 2.74664513478198 2.65034625574408 2.18203777513751 1.71063672248802 1.67794832520125 1.56459122629003 1.51002703640801 1.62679323778871 1.37059189210931 1.10030043220097 1.49966958958422 1.2261576633752 0.949006775695352 0.839874182339732 0.603219139807794 0.438324067398763 0.461710594839932 0.622399336163811 0.647603751628116 0.539579286746708 0.549643473133554 0.684795793162478 0.524333798035483 0.329419218690879 0.2106169733779 0.155868963661387 0.109815078673495 0.0610572953467527 0.00763288233876033 0.110364474634624 0.546420950784068 0.745236387070648 0.70388409940885 0.701713144489996 0.689750365064509 0.565328384361139 0.499871199423533 0.154421541391458 0.0746843583430575 0.518138487641246 0.561331659218736 0.826486800150806 0.812688658016826 0.611373203645199 0.322829764970591 0.255422008595157 0.186609798667536 0.10030952117396 0.0306385968850832 0 0 0 0 0 0
4.61393832003943 3.01473749337797 2.70571732336289 3.1948408801099 2.42764326666984 1.80352458270936 2.1458838163359 2.65786393796681 2.4752861886936 1.93950443227103 1.90830085899052 2.00071867013466 1.71817339760482 1.43565437082374 1.36716229130381 1.43094394007813 1.33440026195737 1.53385799895921 1.41251260332974 0.945948130977907 0.980037888011433 0.756849827171434 0.856407171036581 0.764906744038303 0.687276119122352 0.56982180604556 0.5364644078956 0.518078125946251 0.81074678007389 0.82138055684158 0.790522789925662 0.742912700708622 0.600286529338385 0.609516946951333 0.519962779376464 0.435793549253013 0.499370138346252 0.898304934562966 0.935294115915472 1.06903030270663 1.13306318393888 1.09036501358772 1.00763789894157 0.861668771341799 0.894017117060114 0.776188029529702 0.782962966270825 0.767355496477031 1.20834830284577 1.41537128265483 1.24976505012306 1.02902908754243 0.875182542351783 0.717649279801182 0.550731080644521 0.513652897523358 0.476172973360642 0.373725848962788 0.143799511974535 0.0229392060819981 0 0
3.65239421305339 2.8218462576505 2.57690334433161 3.30926599724239 2.52230476480621 2.45126460772764 2.95504953708475 2.99329609151736 2.47147799441904 1.98796737276996 2.04142390182312 1.89348322819087 1.65815782647751 1.42773153569657 1.22738316263057 1.43749228675094 1.03710968866019 1.03787319692235 1.16455939569865 0.915564831894777 0.974221265795901 1.17261872290888 1.09438190048136 0.972533218091468 0.699612437951826 0.738631404963576 0.902397149467349 0.810298639725178 0.701840531146592 0.757778472805158 0.757366565303486 0.841714214968144 0.706575311222433 0.695917608050765 0.795974215648315 1.10518983980655 0.884497757252151 0.937165710364588 0.764221231736856 1.06217959938886 1.10181046674177 1.13492254273505 1.20204233718693 1.21004703281752 1.00198829946113 0.752974629536938 0.925973804003582 1.15801269863006 1.22398137517071 1.20246197110839 1.0281747862143 0.862266134253966 0.841739879263755 1.15778027926423 1.2112377710207 1.19829389180592 1.34877641387562 1.44655686085081 1.17152378611078 0.681103114094247 0.0314465368386466 0.00129395033390038
3.02711800776408 2.79892315720947 3.26574981117703 3.36742984260419 2.27360069117542 3.58303250900009 3.82744163626052 3.67088916177093 2.52849705569614 1.92561815828113 1.7831139704479 1.52948379326478 1.60196537289218 1.50099413963382 1.33169212857276 1.35981054407953 1.34760638277903 1.26862652742105 1.29341927931807 0.892736433876064 1.00287822404153 1.23379122473704 0.901242140774914 1.05240840072046 1.03087123800089 0.932401711176655 0.870963693994394 1.01037832023248 0.797900050118093 0.830933982991145 0.606333983099221 0.748791988075288 0.541477149200175 0.487257509951883 0.75547265219901 1.17138482455077 1.09610613634727 0.799549990095001 0.752136560327947 1.41240432025988 1.23925500476594 0.983261255816918 0.916567421843321 1.28301193349878 1.40383906912515 1.23416291641099 1.25282984325336 1.41039983645642 1.40051786555297 1.46437814041056 1.16218358777055 1.04787250219041 1.15450989320847 1.49894588692748 1.73727042345802 1.7443786452896 1.82993772547848 1.57402111232563 1.55884932645005 1.2623208701971 0.862136445040814 0.809108546779051
3.06376950515893 3.73529273493221 4.43184512729915 3.53485936340037 2.20554288948756 3.22955335848003 4.0726209684339 3.1118279153106 2.23512105441768 1.988906255829 2.10579886408061 2.24180408908037 1.90217657509706 1.64140699924389 1.60009067405632 1.58772261056917 1.51669332374492 1.43979766341274 1.47896341279361 0.955286519437052 0.943340849480475 1.29168295690687 1.28516811239407 1.22648797082243 1.50474424816083 1.20647136524564 1.32960297424843 1.35212822048991 1.19166577843672 0.914776852992914 0.592781133915128 0.716485023558752 0.437740624771551 0.530499368077463 0.802593894279341 1.42616321250794 1.35543444592294 0.744136635143272 0.737271549868295 1.30325570126222 1.45365237524972 0.986340956678309 0.943535727115448 1.37782556128926 1.69398368074707 1.64301090817531 1.53615594458606 1.3658999897279 1.43528963976391 2.00275274272387 1.64409588066389 1.17981133295127 1.53822516326782 1.58396640840135 1.60756945881525 1.6684923472966 1.79611830685891 1.87409083464482 1.70277321627445 1.68218129317368 1.94094371127423 1.8777885218112
3.69579612278735 3.22957142500061 3.6324139109583 3.29936655537286 3.10452066389388 4.01734950979405 4.6925364550975 3.58077656284973 2.40859763152085 2.06621837514659 1.87071772802507 2.10465992038838 1.97887200098985 1.90614853946287 2.13778630914542 1.7135198336985 1.68110399610776 1.5110726321282 1.31535941762027 1.20078095007527 1.14469428095689 0.932962079653483 0.917305979138803 1.17999789065325 1.50780962506883 1.64325533669491 1.42276156054495 1.41997107629899 1.31604005447953 1.13730352931936 0.969490339550654 1.06956219438774 1.21362964454875 1.3523030808855 1.39187465121771 1.36218392781041 0.993546854220687 0.814639573913574 0.958585797922158 1.62626866568145 1.70975614004379 1.07919589720093 1.06753848045726 1.44351539641043 1.56108225606831 1.59284860694385 1.62236670991845 1.38604933469988 1.49948675303809 1.68083057339895 1.62021226116395 1.40433536784082 1.76111626611522 1.97899145539004 1.99793718803683 2.4001320855591 2.34406654876229 1.79682026300568 1.56855783757094 1.85148621322983 2.22492596329688 2.43851193170974
4.75349849560212 3.53989941224132 3.39767249174225 3.78280306435291 4.90611628557741 4.66722923712388 3.44245743707865 2.65546598137882 2.31026246568432 2.33710062925164 2.14331272775313 2.3113615336992 2.0755732254727 2.21365001484823 1.87027728771176 1.61495631853529 1.64359773930607 1.47812117324645 1.25520077452843 1.51191635095323 1.17556706640166 1.04707323366202 1.0070821328183 1.26904210207171 1.37401355191239 1.34622322612719 1.39812719963108 1.45143702771701 1.46029906313991 1.29253438469337 1.23925259776182 1.46287070994476 1.53845121485371 1.51955489641875 1.3977049203219 1.45332074958478 1.28154221803127 1.56624662993099 1.42631048616354 1.65398440470952 1.61013346023043 1.42872951977427 1.42145035405921 1.54779118035801 1.58798766023113 1.61628696281016 1.5827647615704 1.63398636926102 1.74928699633081 1.61760861736218 1.57636809662385 1.73683805571155 2.16385254348561 2.40309910522351 2.6422117145878 2.7321851618815 2.25364376295344 2.01341952706835 1.98839154881049 2.19674540121577 2.65558309679871 3.36045636812165
6.52030107508833 3.31004602415383 3.00913367341791 4.29486206245114 5.04305891004271 5.27579714252023 3.48957192780292 2.4167667185283 2.2969789859249 2.55387093130307 2.33094096391023 2.86346675407021 2.37716606260669 2.07181657935744 1.70560145056721 1.69932008720519 1.62932570196566 1.45122526701936 1.45174329508398 1.3290811585094 1.40087439103616 1.16945286653204 1.27341381592464 1.76529182853713 1.35745271518921 1.70342454726259 1.58245281063871 1.5114403947161 1.3272529685231 1.50291088111628 1.51024545819066 1.75961157462099 1.68134823210841 1.55365602495514 1.45452514977289 1.81269727010197 1.6103898498124 1.60886438132308 1.50219864529695 1.58772696756896 1.81989251367013 1.83356127124505 1.77611532085934 2.32913666638164 2.71453474930488 2.07735775521307 1.9537865781353 1.97506131493435 2.095917966295 2.10269892363414 2.20091102965113 2.27920548203309 2.4669261765645 2.78174653192291 3.19413350765754 3.37800182997233 3.13562254546482 2.91985079430688 3.02512123876952 2.87605251505125 2.86919033257433 3.65542243768712
8.52036218920683 6.34677288295188 4.10239026475414 3.93766280959359 5.45377963295272 5.82451057287557 4.43135491700492 3.06656138304022 3.78876558038719 2.96583311129847 2.6348502208827 2.61499021754068 1.88757208070108 2.06811684886924 1.29034709975445 1.59022939881516 1.54998546345425 1.60116942212133 1.99831823708757 1.83876636099318 1.3414484321382 1.3103852434388 1.16746507092573 1.6557570151742 1.76178909156546 1.65186532055697 1.65847655575019 1.82897177798001 1.73250525848046 1.74000837961592 1.7773616665695 2.09624750163832 1.96683817515202 1.94745088496012 2.05097398092727 1.97371960255409 1.77183114948263 1.67779476302634 1.69920277609596 2.40848803765395 3.27241208429159 2.55616874020819 2.2854655386421 2.9412286963686 4.11378266008329 3.65096927433152 2.70289898680746 2.23862252672099 2.39317669586493 2.65504439912495 3.07199320242406 3.19443521047839 3.12131607259019 3.34360547112669 3.90580243477147 3.65948330191065 3.97694924239318 4.39818298496814 4.21706434161753 4.13132697626436 4.23847414986249 4.81424993249064
6.41455622299817 5.96588722828127 4.54555293497852 5.93371665492542 4.20477985770782 2.72056846520978 3.19284303697708 3.1860984961446 3.0089664818949 3.16582831220728 3.05248003468696 2.36872091562716 1.80681537991123 1.80363595512299 1.57537642430211 1.8253414730759 1.64498793797612 1.87301458620787 2.2232845879989 2.07009606408458 1.62234559237121 1.76836593798037 2.3250587106933 1.32967635351249 1.49838707728704 1.69103958609656 2.24407733733627 2.46179470351486 2.07866284733419 2.23752585286283 2.3077704223057 2.53289311455417 2.46493230468454 2.38126779612229 2.22576886045814 2.28594907792874 2.15027534195781 1.76351244454027 1.95710878773852 2.84352341937285 3.20077059427242 2.40382980301495 2.25223046440782 2.21172027883727 2.83228112353262 3.9746806356958 4.101806696796 4.26117449083688 5.20963636041999 4.81884902569024 4.3973008681924 4.82151504122861 4.48774098175207 3.89298005225528 2.97265285834143 3.33355812203529 4.48552485493369 5.03698274201238 5.13037618634762 4.89271513238339 5.20511310395498 5.595162227644
4.82167303231528 4.49401284224915 3.50413424118575 5.30677078032878 4.28676059434527 2.54789637793168 2.04965287571392 2.19081290148893 3.10048176533599 2.89143346928652 2.76054049443614 2.33721967991039 2.2268821390635 1.95044985310586 1.94346635593236 2.88950210223035 1.93844947310717 1.92961682341827 2.73819323979864 2.28844452771248 2.79915204505521 3.28978277926141 1.97718854798804 2.10167852548374 2.17629054201452 2.47324198195814 3.13207569713185 3.1906654305423 2.82592619585528 2.91394555115875 2.75544608731199 2.39726871667311 2.5473378587266 2.39537695696149 2.3261498126163 2.25646107905108 2.17091346047945 2.02220118882519 2.13828278151798 2.89628099801371 3.56150484335131 4.62615266820876 5.02996596605786 3.96536498250951 4.49213294531345 4.15969561825029 3.42102555424718 4.88025369977547 7.08624364454894 7.24221646246719 6.37870258973401 5.92600307463728 5.37445379089912 4.11432840979564 3.92569938277 5.00492177112924 4.27491769517736 3.88632306221235 4.96882471567056 5.44428838507048 6.30035954071041 5.73893760393945
4.0749215582079 3.25640906320925 2.21911422279118 2.47268126103003 3.04676454959719 2.59352467799563 2.21211730073332 2.29048048459039 3.94472706340698 2.9477997709216 2.00260563730897 1.85710765006459 2.47059975120847 1.97101112284048 1.86683246099414 2.48975621760383 1.84771422003064 2.39041364504567 2.91233131471143 3.4770865186409 3.26233581122012 3.05590767141352 2.52747825643496 2.62316083026664 2.2819425074913 3.0414123729276 4.34417145763077 4.06897481425194 3.37028401961215 3.73971263542598 3.24394914109015 2.34862683384669 2.45857505856958 2.32023378922228 2.71498150327237 3.25489120894466 2.80925207900916 2.23553467970442 2.1950034078524 3.99031238576458 6.21517351711342 4.57231231345926 5.06552231854981 6.64794768792255 7.75244766069611 5.69876619438248 1.5117998744783 3.35344312015515 6.40417512686979 6.66402604503774 4.45897350481302 5.24406273319467 6.33318971457597 4.65330609016832 4.9369867821084 4.91121727565609 4.74500381588967 5.42569884117355 7.40403084833556 6.00259553826113 3.97836256770023 3.52172085927565
3.67151982627881 2.30341709012911 1.98454346071785 2.64545718202095 2.49474748533357 2.41383993109079 2.48001959909576 4.21152799789887 4.68304513384759 3.7045661213834 1.82939571737962 1.73773442895475 1.83522612862543 2.08952964068928 2.32411014802412 2.28453677055015 2.23663996384979 2.37290429024151 2.71725640786075 2.99439835077993 3.84302246529638 3.54584776029675 2.77175927951858 3.21600084534812 3.9571543323892 5.2041873613464 6.55160563648995 7.75748211648814 5.57468941895045 3.58752503687587 2.9360663262129 2.94882248645686 2.87691371692898 2.51695472768931 2.75179444098434 3.20690116116724 2.96291845786265 2.64845451719026 3.56848680410046 4.88726690479047 3.74322990988847 2.44769240624905 4.4652258568084 5.32095689242909 5.1146078090963 3.44416363833287 0.279433333707322 1.43113980656624 4.32154328806923 4.32642369069158 2.99356172816469 6.41691543284571 8.77245860612204 6.33273324679996 5.21273091357533 6.45869714501332 8.02881523580906 9.09695582832246 8.13575532115116 6.09669126266365 5.88704817301469 4.14931319628385
3.33128534457862 1.97353871068303 1.72353644375367 1.99066696386534 2.69626693421911 3.04705009527907 3.93506174729671 4.50156974958495 4.5791316891397 2.60717982583337 1.57330111584053 1.94434013661717 2.07625111255233 2.58602995112351 2.79471743882064 2.58178028845475 2.375701567118 2.64357904092016 2.59014769486666 2.72951099977469 4.52619244644223 4.67338027428389 3.65453437150099 5.77613338039184 7.14953469798921 7.65659679672063 8.56888296211702 7.58020450552738 5.57830210902702 3.36018300338571 2.89034161849504 3.34918441069495 3.1253545958199 3.32890383630308 3.43661394117545 2.81234111643781 2.45672967937602 2.61279656400518 3.68713495649987 5.05950579817129 4.04394596850051 2.32594755934779 2.78456178216886 2.62212703019442 2.69459860831105 1.81508693349835 0.512684159236737 1.08149527252858 3.7790630322211 3.52080300626276 2.58935369459985 3.56615205020648 4.97405404998418 5.93005733160525 6.35887042408807 7.97338349656183 7.85423728546468 7.63233426663729 5.93649900894994 8.25004904450281 8.44577018336949 5.94107440141821
2.45812425553286 1.95782696268489 1.85459948696719 2.45465400069633 2.58318762734375 2.18065455626328 5.17337654101019 3.96359238068611 2.23169964906472 1.77510243108106 1.32446050494834 1.8680714590933 2.2959612639978 2.87050710075599 2.63184146194273 2.63163002850715 2.81202426342218 4.24313732707298 2.31187735069681 3.93406869774137 4.48420718892268 3.48058445815331 4.65860538155448 6.28843434832832 6.91589843541285 8.29738041578582 7.21055765203486 4.92880966118706 3.2033725330392 3.09789549033549 3.41898692655907 3.67791080036586 3.02106960940959 3.22019674882649 3.1754427675566 2.87526417450184 2.6851588979435 2.76202874794338 2.85351594277722 3.63329057348267 4.34786647110617 3.47440902365022 2.9085808858716 2.76193381603322 2.58470843978181 1.62925277114023 1.45591233258133 2.41777100272835 3.68954647838797 2.67121526384689 2.20184735187449 2.9662638392319 6.57093337909541 6.35525763410497 5.04049282259478 5.73695681414185 4.13710810395354 3.72521914073315 4.17680671819902 6.4255503397335 5.45881283247017 5.80608572088101
3.85700641941937 3.91779120394926 6.25394484209432 13.0865796660362 7.2266409862184 2.84099490132557 2.0693384107662 1.93261861795931 1.8538343401219 1.50888629466037 1.89356951430546 2.56464616825228 3.1184441321047 3.71602896763137 2.75507766505992 3.85322796691052 4.52287110148845 4.23905530595828 2.53150584691423 4.47696891231735 4.67968700253961 4.09434700317431 6.39229346788672 6.59448860499981 7.45718594843117 7.51735037224592 4.33901399385546 3.02481200924559 2.98326444416807 3.56623850482246 3.63199137701386 4.01295512098666 3.34968099684347 3.14689734833146 3.02782587789535 2.67581567914995 2.50716836436776 2.5991672953221 2.83537598441127 3.70320523173916 3.98396855388028 3.23107105888753 2.92722814157841 2.40124030231052 2.53165654505604 2.93563031592143 3.18702634667559 4.44547322278307 4.51113347934081 3.02378034505338 2.82353869491846 4.22151404417386 6.41175297031435 5.52907343221244 5.63065009845252 4.17444040644708 3.67940103260858 3.26717596533867 3.27542064234186 3.6423604551033 3.56183298089492 3.5195454467085
6.13394918114398 4.49129368779164 12.001399620268 12.8344821019635 6.06843380041744 2.69978568425976 2.28246691578658 1.5195008994912 1.92492287821866 2.16932915522093 2.12260993978799 2.7345227737018 3.51625819670171 2.99507359685919 2.36890804845323 2.63149950643869 2.82385950825411 3.11352722633556 4.87144936425472 5.95538719460676 4.95606286562833 7.74465795071849 7.38802658343336 6.98873582098848 6.38833523309218 6.05655314812489 8.13628076376101 6.79280907377362 3.51703076173068 3.57598542780056 3.44748489300553 3.64828774591001 3.3662388272599 4.14104398669294 4.58090881051847 3.62472060411308 3.26613102799294 2.48614270295134 3.36669523633339 4.3419030751346 3.86113668326169 3.10905113010724 2.74538361097128 2.36260861698693 2.43363599272755 2.95934286519574 4.32728700099752 4.43721772504565 4.44529246294592 3.42982552638462 5.76277313063519 8.39184312720242 4.87892536386657 4.2191025198598 9.27310790707293 7.58713782726851 5.41265938946747 3.62674865331469 3.36712095805368 3.5622229944391 3.71316764719884 4.11283730080931
