layers/sloAlbers.asc
NCOLS 638 
NROWS 825 
XLLCORNER -2985163.8955 
YLLCORNER -3022031.214 
CELLSIZE 10000 
NODATA_value -9999 
[rows 196 to 223 of 825, columns 496 to 557 of 638]
0 0 0 0 0 0 0 0 0 0 0 0 0 0 0 0 0 0 0 0 0 0 0 0 0 0 0 0 0 0 0 0 0 0 0 0 0 0 0 0 0 0 0 0 0 0 0 0 0 0 0 0 0 0 0 0 0 0 0 0 0 0
0.00674856944285202 0 0 0 0 0 0 0 0 0 0 0 0 0 0 0 0 0 0 0 0 0 0 0 0 0 0 0 0 0 0 0 0 0 0 0 0 0 0 0 0 0 0 0 0 0 0 0 0 0 0 0 0 0 0 0 0 0 0 0 0 0
0.319813880218715 0.0967839725463366 0.489327464510019 0.366307567796741 0.213909596904765 0.171239900597062 0.102296554510352 0.0112698247669861 0 0 0 0 0 0 0 0 0 0 0 0 0 0 0 0 0 0 0 0 0 0 0 0 0 0 0 0 0 0 0 0 0 0 0 0 0 0 0 0 0 0 0 0 0 0 0 0 0 0 0 0 0 0
0.985059476768405 0.966076317067378 0.626698524139202 0.89473449846976 1.07100480759855 0.790356955873409 0.468829955464655 0.139392013851493 0.00520609757525811 0 0 0 0 0 0 0 0 0 0 0 0 0 0 0 0 0 0 0 0 0 0 0 0 0 0 0 0 0 0 0 0 0 0 0 0 0 0 0 0 0 0 0 0 0 0 0 0 0 0 0 0 0
1.2608603858856 1.35517798820679 1.12390739804071 1.12210775779279 1.21271749455632 0.875229906513767 0.644551456653571 0.468893301536275 0.109240664019465 0.0135610884625295 0 0 0 0 0 0 0 0 0 0 0 0 0 0 0 0 0 0 0 0 0 0 0 0 0 0 0 0 0 0 0 0 0 0 0 0 0 0 0 0 0 0 0 0 0 0 0 0 0 0 0 0
1.2926414342487 1.24306706316476 1.32464360129284 1.39530613230391 1.23933361653567 0.779809969773222 0.709633420869786 0.926596426241932 0.586931378267006 0.297252230145971 0.181929080146217 0.0534906955629362 0.138355435071798 0.258961443005733 0.182872614670257 0.179400653303169 0.135748744271715 0.0684038143448937 0 0 0.151927583246273 0.246589622163519 0.134544939084071 0.0838556776521513 0.036163226455809 0 0 0 0 0 0 0 0 0 0 0 0 0 0 0 0 0 0 0 0 0 0 0 0 0 0 0 0 0 0 0 0 0 0 0 0 0
1.32663183325022 1.34985420360121 1.36564034916027 1.35949951621614 1.49228483512125 0.845326354910953 1.06375569802712 1.17026553720696 1.11598050655171 1.10413993783955 1.06046106355789 0.962336307710526 0.761528841985577 0.836304390734371 0.780094117864481 0.731118932574889 0.662800786954425 0.659514537490259 0.722013734042353 0.671345766692714 0.711596879882159 0.762697449608337 0.516634915834553 0.549760875339306 0.421487768867776 0.148815355581348 0.000541665473333252 0 0 0 0 0 0 0 0 0 0 0 0 0 0 0 0 0 0 0 0 0 0 0 0 0 0 0 0 0 0 0 0 0 0 0
1.42807810859247 1.46457849474664 1.33315419039164 1.49481770814318 1.42548838706861 1.76764925335389 1.58360374894524 1.1751782181069 1.12523784883595 1.24064216362904 1.19976591746655 1.14830384668342 1.24755318784557 1.18251749543303 1.12725677984887 1.13031007776553 1.18372842794809 1.2387478810597 1.044151577419 1.0194440999992 0.929637773862793 0.873435103334129 0.80480459590756 0.979264234180777 0.995776951459477 0.997590374172441 0.895546287764563 0.530613763072234 0.148536610175093 0 0 0 0 0 0 0 0 0 0 0 0 0 0 0 0 0 0 0 0 0 0 0 0 0 0 0 0 0 0 0 0 0
1.76586819177473 1.59360936783793 1.25007768515517 1.79910940685855 1.41294691088341 1.40834533422213 1.27985162006922 1.19825699585774 1.3519132103696 1.44089864284195 1.2529858359816 1.16754218432748 1.33052547201156 1.4556460127041 1.50437713339902 1.54800798770871 1.6643066690684 1.54938715356293 1.44844658035175 1.33284360046415 1.17647359194099 0.933365478444556 0.903748878503948 0.999905433867872 1.00337641255167 0.921576406311183 0.866960270137262 0.890873680292348 0.753181712668265 0.262939000985155 0.0192479829123407 0 0 0 0 0 0 0 0 0 0 0 0 0 0 0 0 0 0 0 0 0 0 0 0 0 0 0 0 0 0 0
1.66046986086731 1.43425059253039 1.45936690651618 1.64553164653907 1.82146956838481 1.87848025737193 2.44440724819489 1.76155494439163 2.20174430134838 2.79180531418827 2.48654695236192 1.65164906522634 2.43797941188948 1.78589024067707 1.73085199665766 1.64509225313048 1.52487499172447 1.42087647426106 1.62309919916345 2.17311604846269 1.74829271411756 1.31605571120417 1.10233995697614 1.13205935202796 1.14907032651534 0.955985753314733 0.895195605655418 1.06060567619924 0.948387606171817 0.84951164037703 0.536689936917276 0.109423297569503 0.00445047971320215 0 0 0 0 0 0 0 0 0 0 0 0 0 0 0 0 0 0 0 0 0 0 0 0 0 0 0 0 0
1.88225109835665 1.46711541282954 1.94520514433421 1.7679777860752 1.97384227580366 2.14931553256179 2.24273671753041 1.75306685669665 2.67267268817846 5.13921072443864 5.45013384570842 3.36659303661286 9.5533653299896 10.6288060310266 2.53973598519246 1.61852187443094 1.62832454542126 1.67802538328875 1.87214420328449 2.1232606890067 1.93548890969672 1.57637284487327 1.47515464730041 1.51954484945955 1.45017658085109 1.07529967040444 1.01030923286518 1.06130066650627 0.910403889515643 1.01443976822134 0.808761824211318 0.596632758786423 0.215305373492481 0.0056510416412037 0 0 0 0 0 0 0 0 0 0 0 0 0 0 0 0 0 0 0 0 0 0 0 0 0 0 0 0
2.77957324205525 2.24059278258241 2.21117987282226 2.0192246817432 1.9928956346815 2.04521129760756 1.94915160338992 1.22178783068123 1.88498950440364 4.45698322247727 6.31951520296784 6.08875570955887 10.8981123811353 9.29945532537383 6.78061413004671 6.38567088176801 6.50663334555723 2.49638316040526 2.86436229832079 3.91121554654196 2.57296111025842 1.97330702267197 2.8043086380876 5.09222513820013 2.80126586687223 1.32098433940484 1.15821486044868 1.06811970403995 1.06130014897522 0.949344093185466 1.02351135293436 1.14308071989097 0.92491154373168 0.436358917947312 0.108943748018564 0.00284113275967292 0 0 0 0 0 0 0 0 0 0 0 0 0 0 0 0 0 0 0 0 0 0 0 0 0 0
2.91322732225546 2.54664075136401 2.48209942387556 2.25623374685022 2.22770421630284 2.1783399960141 2.04255598562102 1.55179968150465 1.25062645800226 2.36879525771336 4.8981920497046 6.17751807396345 7.88169793589321 7.35914429617718 9.50195412057499 4.43074278876208 5.3859992001496 2.28745396028077 2.9062771446941 5.57924406612282 5.07373958179502 3.26221341461207 3.35168241472988 3.55485566865325 2.27404936237647 1.40590339771709 1.05394575840786 1.0492507527191 1.21277671718202 1.16697957785004 1.22807219580414 1.27952796087169 1.26546931318528 1.21766642455059 0.719872501766174 0.121227159696018 0 0 0 0 0 0 0 0 0 0 0 0 0 0 0 0 0 0 0 0 0 0 0 0 0 0
2.21051702838377 2.19223712394729 2.41667942747911 2.19882817579699 2.35652888447406 2.17638318915933 1.7435029081555 1.51906649669178 1.13749975852202 1.22893949281188 4.21424711076441 4.8938062287193 5.73854738883359 6.8288256026798 7.72462016641337 8.09872605244606 5.99072749808081 2.02551869039176 2.73440275706487 7.30940588322123 9.39780120496543 5.06203635865642 3.59070990352075 2.25111583628582 1.64037630114941 1.22747221508036 1.08086462152167 1.16531140632776 1.19229071211824 1.22039841075618 1.33589833772234 1.32130481728921 1.22821541984799 1.39726177457367 1.35781700115178 0.59554470623326 0.0398273034421783 0 0 0 0 0 0 0 0 0 0 0 0 0 0 0 0 0 0 0 0 0 0 0 0 0
1.7731374424214 1.74018194855726 1.93296277763913 1.56888353883682 1.63885794892033 1.94352315991015 1.65173012662754 1.50121892200596 1.11161830234301 1.47698381620975 3.96172285516556 5.80298072912503 4.84923200369801 4.56874519470038 8.59188451872265 6.11194594525174 3.4559020529647 2.68394757961192 3.88074258088908 10.1553993971283 12.9100941651124 9.6974859059153 1.59323557466793 1.52839219098903 1.51637214690613 1.31665588655061 1.36709743497393 1.34068231964907 1.85235892275722 2.45970362518591 2.49606927229909 2.07819440772555 1.37304842332434 1.39969391405705 1.30837057163978 1.1189359236582 0.504466270325369 0.0915619858227368 0.00236554407793866 0 0 0 0 0 0 0 0 0 0 0 0 0 0 0 0 0 0 0 0 0 0 0
1.78793280821567 1.78985087799871 1.38747757501416 1.14315528233792 1.42168313019057 1.83219675939053 1.30144286470711 1.32991489706337 1.48251221195453 1.12364732240202 1.66996850953106 4.77972340395454 5.25060956553918 2.95421225920126 4.48710844759857 4.71930583370492 4.15317929602473 2.97880788646072 1.94555508993823 8.73380431996298 10.6462534664276 5.94711977253397 1.29614927065734 1.76664783155181 1.77097269319839 1.50735974721971 2.7797655680563 5.87473610952073 8.47779063767634 10.7983948040773 13.6276968288022 8.61590770847694 2.45604428614988 1.58144254190528 1.39410404802668 1.16666549507615 0.978376747546914 1.1101871884203 0.00572716346009376 0 0 0 0 0 0 0 0 0 0 0 0 0 0 0 0 0 0 0 0 0 0 0
1.52645521298252 2.00393376684872 2.07855866555011 1.19142538361997 1.62761067408107 1.51733600620078 1.27406144591208 1.37101492779827 1.52818158892406 1.41851111322875 1.42434132642727 3.94953633497647 4.96796397910088 2.53318897152068 2.3453441704732 5.99850525014851 3.23575543777054 5.21551403707834 2.09072145038688 2.87215030033758 3.9079186164711 1.74671018897899 1.62657338634467 2.56718101915651 3.36258693869358 1.86702277748751 2.85732561889286 8.34048421765126 13.1132942368921 14.4322813733165 15.2858569207266 8.96083379338485 3.13627572499914 1.90684942841686 1.59667881299193 1.2120081768171 1.18008016062089 1.40019301711295 1.05571348483403 0.362340494005298 0 0 0 0 0 0 0 0 0 0 0 0 0 0 0 0 0 0 0 0 0 0
1.46040196458343 1.8183494024729 2.24117615973438 1.77966813606757 1.50382009099079 1.91829400567738 1.99162868428449 1.44573552959929 1.37086559638466 1.3567470496614 1.48368101279883 3.83721691649262 6.04517897753088 3.24443456936664 2.255439032175 5.98501711217357 3.4169220823417 2.61375811354306 1.61397898035908 1.73344552961277 1.72631878301044 1.63779191125623 1.99846933678311 2.01833614681673 1.78119743741461 5.36456470418758 4.31465781361172 4.87754674754575 6.27315431050928 9.61927607036849 11.7807738144724 7.83300593363278 2.6143347234914 1.79236751687646 1.51237797729193 1.24817102333188 1.26927340516956 1.31195950948606 1.6352043125222 1.08494029142601 0.230520112545265 0 0 0 0 0 0 0 0 0 0 0 0 0 0 0 0 0 0 0 0 0
1.31037236476899 1.40997912789007 1.32336551903043 1.48938046013272 1.55108248401832 2.03339710292686 2.26642308644684 1.5687631077546 1.35673702912701 1.3149251080781 1.26076754901652 2.26197437926512 5.78112863823484 5.03790692981841 2.74089211248555 4.27264187600462 4.17906438365509 2.27826574651484 1.94175698381604 1.57223615885392 1.84045580317096 1.79014384950799 2.06218057982703 1.89776517551721 1.9173640445935 2.56687908010256 1.84069237447352 2.71972262918838 2.47147694160534 6.00016429670363 7.40246797087803 4.64332220705815 2.60908608567323 1.94918089003914 1.50718392542251 1.25233851884277 1.29004059996629 1.802235901308 4.55563275587365 3.42654907700572 1.19737555522328 0.609579799637984 0.34036218205025 0.0318490100766574 0 0 0 0 0 0 0 0 0 0 0 0 0 0 0 0 0 0
1.11650710810009 1.13515070670037 1.1825218023313 1.37253125261778 1.43167135986277 1.66025026317005 2.37806374418341 1.94990577298361 1.269135050861 1.157781140776 1.32096184358414 2.20124047234518 6.52472932275373 5.40714826378893 2.90450515892435 4.05971569796181 5.77904249865907 5.31659997512755 2.92685061621825 1.81236526194131 1.77602041383883 1.83737782397908 1.86909669031169 2.4440481153297 1.51647812292572 3.21838875916309 1.92425353623613 5.86430636213836 3.38526478377233 3.76880082861869 4.28530189967471 4.60657633158614 2.45520967755015 2.00527160140972 1.78830043824376 1.50233366962999 2.0960315777296 3.53235355010177 5.52609842810735 3.86510689531951 1.63210721758016 1.34398705166659 1.21171883336896 0.0695955102221254 0 0 0 0 0 0 0 0 0 0 0 0 0 0 0 0 0 0
0.995922070983007 0.972879864093149 1.13873479621177 1.37478609740751 1.32196621237614 2.74643547896482 4.51787742411501 5.70864076567227 4.26806603987121 1.56938318304572 2.31007706743162 2.96660423642381 5.90698354253922 4.22914432328851 3.58956657064949 2.98110570239948 6.13744558948653 6.01167567488695 2.38594368775655 1.88176844663287 1.91252361289651 1.72224366361404 1.73842326218896 3.03983469995555 2.33970902514123 5.50350890694467 4.97005366375501 8.8901423768354 7.81177951408813 4.87950109025149 3.46098578137095 3.27308772123275 2.23412357416571 2.10777956084154 1.72070333897588 1.51426835977255 2.78575640876915 3.49321526541215 2.89703408877699 9.23942234347738 1.76582807256973 1.6572229124577 1.53724625598233 0.742445428401437 0.00112014846458465 0 0 0 0 0 0 0 0 0 0 0 0 0 0 0 0 0
0.99975918313217 1.01168625139067 1.20058752301852 1.2791310450776 1.28284265142852 3.2783896936865 4.96938136607839 5.49539153096487 6.28226455731319 5.9056007120276 3.12058829384486 3.56169491167455 3.45443161837997 4.37996128674061 4.25408666357831 3.18026560336513 5.44674875028207 4.32504432559808 1.98100563830083 1.67866549538075 1.87907171678736 1.71090572107651 1.790100726716 1.96507155395789 3.62990672003736 7.01130399438509 4.75726753844656 6.80417898007356 7.45383683575968 4.36469271474937 3.21789771091032 2.98554446262599 2.15951673358477 1.83892970271512 1.64001395826718 1.62606266545581 5.03705288434611 5.0449234398128 3.96487496341836 6.90547289835034 7.43519241175825 2.01717003124903 1.46949276590037 1.29729828591955 0.478830327926648 0.0146587552855041 0 0 0 0 0 0 0 0 0 0 0 0 0 0 0 0
0.981259480083162 1.08412866216398 1.17392125307926 1.25092467321321 1.45128891978416 2.6099485900851 2.82755309809323 3.42496294653925 4.45129699995638 6.11392580250573 2.28792542505556 3.127361379514 3.22222751870027 4.41384152148731 5.70710019633207 5.52983993231792 4.67522912518869 2.59754015618309 1.79559684496018 1.62273122634276 1.95974588552019 1.97923473521692 1.94280662804253 1.69378521111346 2.81819595889809 3.12529014169866 3.56737139606573 8.59737223023656 7.57330024781406 4.41881312980742 3.33927275772955 2.42959920788291 2.17104071619437 1.88397862368239 1.94216621410429 2.63703000147353 9.85679020429585 10.3444802874119 6.56317960147112 6.28591361226189 4.25398774558844 2.29120873537439 1.43368431049792 1.3508262537376 1.02186838322257 0.20235306065292 8.99660350464794e-05 0 0 0 0 0 0 0 0 0 0 0 0 0 0 0
0.843260863970376 1.07338115226969 1.08913049327691 1.44526618506577 1.55785054726904 2.47599466181159 2.53448173128889 4.04489354226382 3.30379065628374 3.48867903850154 2.52994826408797 3.85627229231228 4.36192786446746 5.01965120418332 4.05725448425183 5.85815652764282 2.92249460776627 1.74849799153906 1.86121330738502 1.62342479709349 1.7541533952619 1.74288880184795 2.1437098805175 1.84395778949233 2.00085687107582 2.42632045312043 4.41411297509927 9.34795474917823 9.43779842434457 6.15215817318311 4.36907917030188 2.88607936319969 2.18828415532277 1.98337882116555 3.48200391580814 11.0589470018846 12.6968443743638 13.1245897850297 10.436107990948 4.44867109485655 2.29716148970266 1.72855442312399 1.45802783953312 1.5714512677274 1.35165362857195 0.621479289099026 0.0525785208258365 0 0 0 0 0 0 0 0 0 0 0 0 0 0 0
0.706068916523896 0.99680027712748 1.26781148630221 1.6645705255386 1.84722897054692 1.93608803783926 2.55201655769188 3.01487066801004 2.57926085198492 2.51868441070271 3.71494978845327 4.54542196755314 5.85497755218994 5.35148791463782 3.89880311290128 5.64865963382176 3.3120934892817 1.85247303963509 2.0892790657659 2.03882280161047 3.20562444851584 2.59791241620675 3.59151449143132 3.85858738366869 2.29714388744608 3.50761389347397 4.86778710450395 10.7305692823257 13.5557614550583 10.7367358665532 5.91238605916647 3.35699933162261 2.22593449186825 2.93858434419134 5.20665449757308 12.6379210806276 12.5301506601869 12.517444092604 9.48039401657591 5.21108703717326 2.41307777763866 1.67133666852784 1.45647286586038 1.46634375356246 1.24997856105585 1.11339731521856 0.370434191216832 0 0 0 0 0 0 0 0 0 0 0 0 0 0 0
0.616414403548846 0.971544301490736 1.55497662096116 1.83683137828721 1.64170947616071 1.25302648183049 1.91273256349081 2.89463794863414 2.21502348665501 2.03036224025432 4.82351355152441 4.25209470607715 4.65275372176455 3.09305496528581 4.09332620590193 6.3148363260173 3.63147162230268 3.54948070695296 1.66873568924679 2.75910665555167 5.83129953448432 5.31478289802648 3.41354692682829 2.55141754475893 2.62513587195776 4.98591746735409 5.93300313785097 9.681134471667 11.9686306560695 12.9362862804171 9.44465774369525 3.08512113592084 2.81957110738459 4.77514612099245 7.19767155285839 12.5993117047291 11.0232411778062 5.54758466413834 3.97990959417989 2.96510496043813 1.99848581430809 1.43338557714788 1.54315855633549 1.6815518041433 1.15416413347991 1.0429455089637 0.893031008823128 0.234194119083325 0.000476041164846594 0 0 0 0 0 0 0 0 0 0 0 0 0
0.952601432013469 1.05007445968537 1.06536158441473 1.81077810507143 1.43856950977697 1.46511792051448 2.0676374050458 3.06042562247287 3.82301740097902 5.52355713059421 4.87843889566788 3.52581703220143 4.17824828906831 3.06892145518128 5.23973145366675 3.10706998292562 2.62272128684939 3.01198581787545 1.65281760722258 2.36881903270859 4.74360542282078 5.66462889815648 6.57482507997203 8.08551418189548 8.205576956416 5.07172350200681 8.14416559976934 9.03124463635451 7.90232150136783 6.22026975708782 8.93544859921028 5.99743958263196 3.86511505288735 3.55928717139198 5.39552157857166 7.93225687854884 5.28540179865989 2.6702490198638 2.04670953418084 1.84438545764419 1.67125332210304 1.18464015447031 1.20461321750788 1.20643945998491 1.17179261271065 1.13827617496643 1.08584901291199 0.688183160755213 0.139758808364004 0.0141171663487828 0 0 0 0 0 0 0 0 0 0 0 0
1.89461967627191 1.26223462344313 1.65853785947959 1.7254193724332 1.34674788616218 1.47689878641458 2.06038551970747 2.71525005373048 4.6472333483421 5.54440686012126 2.85829397893325 4.28580763263269 4.04993648467249 4.41387167712845 5.48735143256813 1.65876619890834 2.4223794805608 3.31221061924226 1.99831637806355 2.028186326914 3.99151902364127 7.04628827630635 9.33658237833148 8.91442146139786 11.2260432688256 5.74460698598159 5.22677052944044 5.93509528092795 4.24221894830252 4.58498484026376 4.79447914838417 5.03501941609081 3.14102985634483 2.31312147304059 2.46370927056244 3.61410598172983 3.02581110328384 2.39874159136538 2.2667148206061 1.56647022941469 1.57480213202842 1.22333008001165 1.18635517491744 1.24577953364231 1.2152553604205 1.39967545295362 1.17939031748232 0.935905121433532 0.70048131552169 0.178784840015653 0.00089543800851412 0 0 0 0 0 0 0 0 0 0 0
