layers/sloAlbers.asc
NCOLS 638 
NROWS 825 
XLLCORNER -2985163.8955 
YLLCORNER -3022031.214 
CELLSIZE 10000 
NODATA_value -9999 
[rows 448 to 475 of 825, columns 372 to 433 of 638]
8.31887746361935 8.31336615134458 8.03792479513477 4.39311170757927 3.01486192678696 3.11958762715913 3.38653645580851 5.2104513592575 6.87686197763809 6.0968419156606 5.94495022894999 7.86610261118846 4.72507081132977 4.64574940480179 4.55279155083754 4.33585319401354 4.40218228495049 5.20461951253376 4.58969225791927 3.78334642934556 4.01234886523321 3.97748120430463 4.66786294511312 4.75974625860565 8.3600885854997 10.4445538101593 8.72292447916456 7.4014833912753 6.01585154940652 5.02718156775742 5.19215369022704 5.8380165319183 10.9721677668896 17.2167855363783 7.45408852129283 11.6274342831499 7.67559680239728 5.21556465970268 7.54861172299372 7.88480974906554 3.07670156543652 1.49744254260565 0.00512807627839724 0 0 0 0 0 0 0 0 0 0 0 0 0 0 0 0 0 0 0
10.1017758785045 7.49135859264135 5.48304093868844 3.65767635831776 3.35540558245444 2.67095644286664 2.79336192365305 4.170395387659 6.10363213981222 6.50792546824611 6.25632655802938 8.08855103491413 6.22323572956525 5.29471144378588 5.68398514410085 4.9831072439574 4.12114919215507 5.38369452622116 5.38688277542272 3.92421658078155 3.92754825121742 4.54835005723696 4.04552976406685 3.66998564669443 6.38887520146405 8.30969867616206 5.29852844676955 4.64972719798111 3.7769551406085 2.72415486171834 3.50157878884766 8.47132162606435 14.3043155242827 7.28568273357112 5.44719947625996 10.5237830638737 5.02876525166138 1.36157910364907 4.04001380260292 2.52221363622672 0.210410787673132 0.00504100691450424 0 0 0 0 0 0 0 0 0 0 0 0 0 0 0 0 0 0 0 0
8.58724180133875 6.36356857286679 4.08049582331908 4.68637303001293 4.96207745633662 5.19867588158644 5.88513774162831 6.04058550971061 5.2520346808986 5.19664483956373 6.16544443868689 6.80655146491285 7.38508477867326 5.79470177673538 4.30851655522438 4.36718837991625 3.91637676858277 4.57617373085876 6.26065027023485 4.96097027997847 4.79943146440061 5.07045102288343 4.68585821808871 4.42490124470806 5.09172627932654 4.87742871410694 3.85142910796458 3.71152323519495 2.44531085985254 1.62215185338493 3.03674898918353 10.3843451052897 10.390128697387 4.88881943248871 4.35812723950208 5.55949419420162 2.33267861279367 0.290012359107817 1.0421721162319 0.461466344698152 0.0111478435399388 0 0 0 0 0 0 0 0 0 0 0 0 0 0 0 0 0 0 0 0 0
7.55141256402767 5.78886403165715 5.79058662485301 3.53967855254621 2.49798955487383 2.90763428298049 5.25771081506514 5.94505601406018 5.57964159405292 6.62701387342853 5.9607855300773 6.5476542209901 8.13210284862636 5.4433295918877 3.9616211178074 3.80182474595511 3.88130765165607 4.62836631999099 6.2158557746816 5.78671688869863 5.03789711518411 4.60882550282625 4.85282981426905 3.83694058389816 4.37874535473747 3.47945382049616 3.49162847653486 2.9739223980461 2.21333182558943 2.06599237767127 3.16548566038841 9.20503667726565 11.6980279654049 7.93810219147344 5.19782589447532 2.08221072178061 1.03843837341611 0.469790749700786 0.419132066375015 0.0424582792402447 0 0 0 0 0 0 0 0 0 0 0 0 0 0 0 0 0 0 0 0 0 0
8.38514813870386 8.1635226823294 4.97449478696431 2.80772581670179 2.12788973846018 3.25790784822894 4.81875753432406 8.01600697466416 8.75318845751131 8.68567977821989 6.28147104424924 6.24627656211131 8.82106700276582 5.07268539994458 3.98853365626722 3.49301745130506 3.6605623438368 4.17011739003878 4.71593701497895 5.15393206519818 3.94039596209475 5.27039059917431 5.54619057477303 3.48204596200026 3.76325567845529 3.89954875158579 3.21922361532757 2.85308133030757 2.50306558352937 2.68245524974325 4.87560534965615 6.46601287934865 14.562542473784 16.5878593651548 11.4003810263016 1.94267916709395 0.729532292557581 0.247240907873216 0.0953442702383019 0 0 0 0 0 0 0 0 0 0 0 0 0 0 0 0 0 0 0 0 0 0 0
6.14338623808713 8.17624317350528 5.52856664897392 3.41720133383894 6.45786604751254 12.4931055425489 8.23821659952826 10.7535067934549 10.9498994954293 8.67275205304347 6.10691672761212 4.91393872689557 9.18777271743229 5.14348286439809 4.32037284030082 3.12078458706497 2.97743885744781 3.00647462248845 3.64324559322862 3.75016086622868 4.06277204587903 4.77386426119023 5.40238419842428 4.3828876948877 4.24422957949927 4.46077374160633 4.05967636942733 3.39922821479817 3.56964342660604 3.6947556435775 7.87421489746633 10.9095451350102 14.1194801332316 11.455675585923 12.4020069127449 1.60485683859389 0.363067316452029 0.031278461580129 0.00286158953837884 0 0 0 0 0 0 0 0 0 0 0 0 0 0 0 0 0 0 0 0 0 0 0
5.12845594053863 10.7955683076239 13.4872498333003 11.7209349630833 13.9779067306587 15.259129104617 12.5270608187952 11.7355818746375 9.96913610857696 7.89738903083445 6.27178520647578 5.99504318880635 8.2331858898174 4.84548772614151 4.37618703705623 3.18924410653623 2.53688224848704 2.74475069058805 2.57632730688927 4.56234967185907 5.63575118331915 4.88113311559115 4.93210261981478 4.12381160714137 4.16678925567138 4.33843684892614 4.41987848959271 4.05981455567295 5.07416433625738 3.86474514058215 6.07663456152453 13.3865987447573 14.0866794036934 7.10725924259312 8.74695235728159 3.03112458332788 0.0478016249272696 0.00144045373924219 0 0 0 0 0 0 0 0 0 0 0 0 0 0 0 0 0 0 0 0 0 0 0 0
4.34569518294792 7.64951773086731 12.6787473807301 14.6916989010154 15.0168438934931 13.506900916437 11.6317156532489 9.92447114509527 8.33116696381805 7.94047956326568 7.29482368739469 7.43658142220956 7.0508027236022 5.39012681558561 3.99565040805395 2.82220951934484 2.4443343274213 2.67840163455643 3.25021936401299 4.0942626854611 5.77071324036158 5.00927769482924 4.17822284689504 3.73673516295743 3.42875993106744 3.79857723668807 4.55360686941272 4.6023489646684 5.88239190267996 3.57449568262184 6.69894196446871 14.5434612434394 11.8387693447319 3.82922440170342 0.81630347525235 1.56261477248474 0.000136765074767337 0 0 0 0 0 0 0 0 0 0 0 0 0 0 0 0 0 0 0 0 0 0 0 0 0
3.14615583863035 4.47984109160666 7.83524745069984 13.0863577679375 11.5844975947696 10.7434384298063 10.977043601824 9.13886466695478 7.93424673546574 7.89661336409104 7.91040170350098 8.83378032519806 7.65519177520898 4.72375753103088 3.49946141510425 2.40806583609538 2.54319777905184 2.34604319926505 2.79058447819268 3.17157169150696 4.33718102971275 3.54054468089116 4.0542148381239 4.60279312651393 4.78563868061245 4.70553876646761 5.22695615866455 4.93192427643103 5.70130519138277 5.0280086484553 8.40412626495822 15.2144144317468 10.0714045776778 5.36192778439949 1.10123845764622 0.093489420055174 0 0 0 0 0 0 0 0 0 0 0 0 0 0 0 0 0 0 0 0 0 0 0 0 0 0
3.42411295227929 3.36413098321727 5.28256135755999 9.14795694710355 11.6336575653056 8.90328128040415 8.4391363202188 8.17298561480921 7.36195913664632 7.77708726493078 7.32989192355856 6.90184054552414 5.46340301363634 3.25669273541488 2.61356774764601 2.65045174416973 2.83389952414537 2.70210630935024 3.0326363432752 3.15445718670983 4.16250264496293 4.85682892950882 4.55060963934873 4.27677358538628 5.37028974096948 5.21510446967898 4.73615341063647 4.96975800585454 5.29314557960716 5.80848601604734 10.7131530084154 12.5980834466991 6.91319182921823 3.91779806208467 0.743326121369396 0.000495704042949977 0 0 0 0 0 0 0 0 0 0 0 0 0 0 0 0 0 0 0 0 0 0 0 0 0 0
4.462217858039 3.89912611451551 3.6256703693469 4.28865945247406 9.06850188056838 9.42732406508105 7.04848680271324 5.59761242833327 7.13958926839185 7.81479312369413 7.73958235819124 5.03125118571047 3.78196970074139 2.77691573547149 2.81520930042063 3.09937112017956 3.02093166621249 2.87662683340772 2.66755162128003 3.2001201930627 3.90911166651985 5.15252226352624 4.7160885273847 4.42423927619424 5.14287623895506 4.69735514124133 4.68718827313399 4.84675895795133 5.95316085988357 7.4143880981218 14.4402039405372 10.5522901674314 3.89205528281987 8.9341403569948 1.97625625279658 0.0290783921015339 0.00157713880630733 0 0 0 0 0 0 0 0 0 0 0 0 0 0 0 0 0 0 0 0 0 0 0 0 0
4.22653919296426 4.05285345335544 3.68713620248676 4.65603416679059 5.2788491951646 5.70642366810165 6.18710613497492 5.13134125647826 6.50301134111817 8.82913319542357 8.01699655815753 7.25122544303827 6.3377675361432 4.84256016760513 5.2539099715589 5.22212536611275 3.9207892540458 3.07993739095625 2.52100318466665 3.25909456871249 3.85088662178844 4.90456999605988 5.31280758302286 4.3968094845098 4.51532136619994 5.09977363789211 5.93827732143259 7.02745792605408 7.90399550076385 10.0918656901285 14.3268305024496 7.30455912963969 1.76471530475065 8.53661957377199 1.78981019851944 0.671093518347246 0.0365468067433514 0 0 0 0 0 0 0 0 0 0 0 0 0 0 0 0 0 0 0 0 0 0 0 0 0
4.10317223033426 4.30631046297054 4.1423514413789 4.51391715889477 4.3806737972201 5.08051737962895 5.934349330856 5.81835815440881 6.86602404688715 7.33918936168639 6.89050119338567 9.5630954141717 9.37178915150115 8.4060872901358 7.79114704028642 8.73677719771784 6.36435922996173 3.37534808421984 3.03505648229168 4.73052851522801 4.21455786797931 5.47869354388207 4.38220056610329 4.49739292736045 4.58388711371406 5.74953129536019 6.888592362535 10.8950315882787 12.7912016305924 12.3344740897364 12.4234481036455 4.86037450880479 2.66324384309135 1.60679785383132 2.21667499326657 0.232512036903825 0.000818209727076812 0 0 0 0 0 0 0 0 0 0 0 0 0 0 0 0 0 0 0 0 0 0 0 0 0
4.70655631487754 5.01966928243945 4.8718172000665 3.89953246058607 3.6247578632017 3.33214757035585 4.97412015606761 7.61828763511132 6.70744520056449 6.33258761734952 5.71330185432998 8.12447567606239 9.9007545767388 9.1307082630791 7.60678741909946 8.63206648626909 8.63203483215038 4.70767957835981 4.32210712116182 7.3622429314094 7.72707580840792 7.97199040092615 4.5622235310523 4.65735049277675 5.01870529273249 5.6069221171599 8.12501940933078 12.8923878860047 13.3692965707548 10.5957226122157 10.0907540853279 3.71834368498551 3.84138146242498 1.16033024894146 0.737926855885291 0.0480488212777604 0 0 0 0 0 0 0 0 0 0 0 0 0 0 0 0 0 0 0 0 0 0 0 0 0 0
6.25607961866884 6.45827884938733 5.95505259427711 4.8798550005667 4.13819388826799 3.50562627242897 4.22490571090872 7.36830461683737 8.32744098235042 8.59957592396595 6.27477575448239 4.86878845719908 6.63120591031526 9.28834007430546 7.39456790520411 6.49805849184617 7.95231960149577 7.81070271821241 5.49808898865102 7.59591203155105 9.3019120382702 12.5264120883218 7.82322927671719 4.96156496031021 4.73504166537138 5.30813149856107 7.93608774137302 11.9872258131717 12.7099625853294 10.3709823749006 8.80259970768333 3.30028439613283 2.67015257397361 1.1339925023643 0.348357933529199 0.0110504549676228 0 0 0 0 0 0 0 0 0 0 0 0 0 0 0 0 0 0 0 0 0 0 0 0 0 0
6.76856958194944 8.65213869557962 6.80372330901871 5.15332578872157 4.52540558974124 3.63582882974294 3.76535634812702 5.56210237163332 7.84546615829615 7.54932467739414 7.69004782384217 5.77671283702862 4.68518821112025 7.99658608098217 7.76931909649938 5.58231731828717 5.99626249752407 9.62577507030562 6.97168590094745 7.68664431941443 7.22680818399261 9.81871431485081 13.6862799788756 7.20386891314254 5.32295357650966 7.82205599600457 8.75982486399635 12.7696784031343 14.8066209815695 11.9187835249675 8.89874601054744 5.8835787789439 3.51951028319853 1.30667657803609 0.0612100353519433 0 0 0 0 0 0 0 0 0 0 0 0 0 0 0 0 0 0 0 0 0 0 0 0 0 0 0
7.67246007748043 8.77354813216098 7.01511165106918 5.76042105182863 5.52077307326002 5.07865116371571 5.4366462188965 10.4709641707887 9.55778651401404 7.07646285341295 7.18678516994097 6.4949586862503 5.59993318941294 5.34385436638978 8.00859009162357 7.20199496072736 5.53976341700151 8.03249355974509 10.580596727636 10.7633635053729 7.75489504358414 10.0089325213675 13.1320291846331 11.5529313931314 8.3555739807032 9.4846663365232 10.105541716783 12.9053179720196 13.2736164676609 10.8895051646756 10.0709393191957 10.3433612866708 5.93764119981887 1.5109360037726 0.00175571042713316 0 0 0 0 0 0 0 0 0 0 0 0 0 0 0 0 0 0 0 0 0 0 0 0 0 0 0
10.198254192684 9.40912662650592 6.16752398217618 5.66136360385033 6.23795189209305 6.95495135526028 10.2080626498282 13.6544312614223 13.0612133144132 9.30673580267842 8.64895936001297 6.63733715973923 5.23070253287993 5.38604569783579 7.7471014577496 8.87201236311573 6.21122441958287 6.41772500859343 11.6130608016304 12.1374139980971 7.85806671922792 9.0782187067171 11.9756232755812 13.4702197249604 11.1154726700409 9.77393651309144 12.3902832016314 9.36398432275056 11.8324643263892 10.9416176026734 12.0144650707793 11.0052693854642 5.97756542422262 2.0326952241459 0.125200346094834 0 0 0 0 0 0 0 0 0 0 0 0 0 0 0 0 0 0 0 0 0 0 0 0 0 0 0
12.1602466046936 12.839819747827 8.98626525048477 7.49780609862334 7.142601744919 8.52436042026861 9.95381071177389 10.2063738930344 12.8207154806049 9.41571394574098 8.10207121977882 7.06072009481366 5.38683108347455 5.3461030230018 6.07082610278513 8.1851554022995 6.27552605261796 6.93936127076502 11.3622620073666 9.53535427969957 7.76169513785648 8.14130860661416 10.0455052921952 11.9361237172299 12.2417216435591 9.9906882290719 12.4834058771145 8.68836553800098 8.36368422305351 8.73721331390797 11.5719066429282 8.869531047598 4.98014632410144 2.8554136450219 0.134240097319891 0 0 0 0 0 0 0 0 0 0 0 0 0 0 0 0 0 0 0 0 0 0 0 0 0 0 0
12.2890959676154 13.1065662835918 11.6467527927196 10.1431070348573 8.14939378518835 8.49945905113229 9.267371604724 9.61279038400266 12.6762170153299 9.05558430755771 8.06939153067152 7.25638186006898 4.54434556741009 5.48362008543579 5.29753584800041 5.98973190191959 5.06692094741133 8.25429872652821 11.5157084787067 9.18600657113196 9.63982010929069 7.72466674479426 8.75077970049284 9.12681987253536 11.5826794044432 12.8101208837686 10.3709837620954 10.1078884672221 10.6466068496505 10.1096693916656 8.80413285915647 6.07419502424416 4.58703799395519 2.5818817014798 0.00628910234088135 0 0 0 0 0 0 0 0 0 0 0 0 0 0 0 0 0 0 0 0 0 0 0 0 0 0 0
11.7145145307883 11.6241604987543 10.7478419667709 10.7089648950853 9.18294692415073 9.34741121570081 10.8938506029562 12.0331472349661 11.3057044243068 10.4275933990782 8.6340689045915 6.99053996385812 5.20585014181703 5.51341989798433 4.65452167248031 4.63953122182557 4.74103563075299 10.0053363253024 10.7310607080645 8.00053572938842 7.6670917239398 7.23392544766921 8.1868663939118 9.40168398182245 8.66908447358313 11.0154905681316 11.8553349948921 13.8489525870439 14.7609812391414 13.61942158891 9.88854770378167 7.70841362369478 7.9568431406284 6.55860075530292 0.10526689030514 0 0 0 0 0 0 0 0 0 0 0 0 0 0 0 0 0 0 0 0 0 0 0 0 0 0 0
10.7758822021221 10.1894402069714 9.80778043841109 11.1419409385135 10.2508010684535 10.5004279374087 10.9109160398682 11.7728578573704 10.2858761346614 9.25042384287803 8.46576995606541 5.92098124850387 5.93626767053527 5.42792501623929 5.11875497608396 5.17366357974076 5.37436738531103 9.13575528302183 10.9345368941762 7.80295489943475 6.41161617733615 6.50090156339684 7.04899662949868 9.25457898426466 9.92171811561085 10.6725177418525 12.6759796534062 13.7359471990069 14.1270173874679 14.2468947959116 10.1937980030082 11.5267356578499 11.5294763376191 8.25691686906389 0.869921186840108 0.0826598318304961 0 0 0 0 0 0 0 0 0 0 0 0 0 0 0 0 0 0 0 0 0 0 0 0 0 0
11.1099222727111 10.1229612639552 10.6123707451301 11.0269994479461 10.1520058594098 9.74645534470886 9.54036766358558 8.62824373096888 5.07469411743997 5.2366898036901 5.27481147839585 4.85415801228447 5.69498183780002 5.3638801817516 4.56414293537789 5.02916262687199 5.8826926000364 7.04311960750848 10.1807132282084 8.40184792307612 6.59993235374302 5.78032971006061 7.50416604481458 8.93488998621728 8.93295651024322 9.9559892590206 10.8728854093187 14.1198480916123 16.5897164434503 14.725513997848 12.2675009342 11.7841424180579 9.93009694782402 5.22671813566753 2.17661645519261 0.276781581370177 0.00188083107287129 0 0 0 0 0 0 0 0 0 0 0 0 0 0 0 0 0 0 0 0 0 0 0 0 0
11.9838742631032 10.7152035797091 11.1791623349872 11.3688622132877 9.22087296014019 7.01264529745599 6.79462493003081 5.35486366297934 3.65702007123432 3.73116233903645 3.76918711100238 4.38998862894628 5.51895685330966 5.18626730018523 5.06155537472218 5.07562751934043 6.28262574399341 7.52155023987763 7.67762887872145 6.85169729749044 7.27242592919081 6.15279884626928 6.62290734027486 8.3724653524936 9.38686023478192 9.51872180635744 12.9637020045287 14.3914302365252 15.6767541679331 15.5571968062043 12.1191279939024 9.79720475868733 6.73146992425938 3.55770970295747 1.91416671223536 0.37005466013254 0.0085018596867153 0 0 0 0 0 0 0 0 0 0 0 0 0 0 0 0 0 0 0 0 0 0 0 0 0
9.64761273629927 9.50789861689448 11.2711303277226 11.2477865501544 8.6737895061517 7.46144042054965 5.59922852822473 3.7509894425271 3.95753663247293 4.65137553027714 4.86951563181285 7.17893075020562 7.36599443161637 6.0057509293942 5.49596630351674 5.31103061471495 5.5083228420877 6.22768114077305 4.62616297975713 3.81125387521592 5.94923395319367 7.36969356051919 6.59146827600061 6.91427588077557 8.30901350191442 7.6199293374882 12.2232416664031 12.4450153671629 14.7092441331706 15.1385846437892 13.6349706558353 12.2848541324474 9.18859659609308 5.0309268753183 1.74452882149976 0.640970138868297 0.0101755833819776 0 0 0 0 0 0 0 0 0 0 0 0 0 0 0 0 0 0 0 0 0 0 0 0 0
8.77263709915701 10.2547237290349 11.6277991516079 9.2114309492119 7.16052874936745 8.77052130958119 9.13703711547027 6.94734140874969 6.407699030778 8.07208758485989 7.30443772074802 8.881279413699 7.85052176784745 7.42762082377273 5.83253964317472 5.6719354130112 4.73499150925705 4.62589783606005 3.55053295608215 3.0729367521166 3.62666346088154 7.61311653562167 8.77646821051311 7.07720062929993 7.48192096989542 6.83405622708168 9.29632148049284 11.2477177932623 10.8253867532225 15.0244009714659 13.9617233319766 12.9498181591637 8.59027076506196 5.28985982671411 3.07148174603732 1.1809658866721 0 0 0 0 0 0 0 0 0 0 0 0 0 0 0 0 0 0 0 0 0 0 0 0 0 0
6.90208960734615 9.58630334458594 12.2686273266161 8.92678847377633 5.91014328242197 5.093586534968 8.36616172591691 10.6126881754323 9.84458814137183 9.34488636806199 8.35443643052522 8.3841723210432 7.65847160995071 7.35475929999916 5.97599015528785 6.03736941041502 4.2797048137953 4.44804192557738 4.56028443794311 3.40610320537473 3.41218088103021 5.44709754148329 8.24958969013663 9.57444818195185 8.69518858129695 9.01497567961687 9.84604461509903 10.7599126378954 12.6436753304348 14.2542840587095 13.4199605741849 11.4110473956849 8.7505357507521 3.03158322685183 5.48227386419642 1.23022061977808 0 0 0 0 0 0 0 0 0 0 0 0 0 0 0 0 0 0 0 0 0 0 0 0 0 0
6.70839892011949 9.79831750631456 12.8129748307081 9.08067199761887 7.01325697839031 4.68666837921487 3.96787631583878 8.03368917530791 9.45331071516583 8.63890382489167 8.6507061840577 7.12302582967829 6.25677264263889 6.01875895628332 5.67753591522845 5.75084843830892 4.96349945239302 4.299918778351 4.97711400258412 3.80514502743743 3.88845706336934 4.5628802904865 5.22244738571524 10.3960392329927 10.6479474486011 10.2586896333299 10.3785470653444 11.1119170712317 9.94102230130242 11.7312286952981 12.1034861953268 11.4290188545185 7.34640454245414 2.70455787156361 6.11567260219386 0.0908453983396044 0 0 0 0 0 0 0 0 0 0 0 0 0 0 0 0 0 0 0 0 0 0 0 0 0 0
