layers/sloNorm.asc
NCOLS 638 
NROWS 825 
XLLCORNER -2985163.8955 
YLLCORNER -3022031.214 
CELLSIZE 10000 
NODATA_value -9999 
[rows 459 to 485 of 825, columns 180 to 239 of 638]
0 0 0 0 0 0 0 0 0 0 0 0 0 0 0 0 0.00102737250415553 0.1210045580984 0.230867765952388 0.184204322404428 0.215630303729289 0.236567028752806 0.159536627947336 0.110241011024378 0.0456222728070267 0.0972196023374808 0.175614569844837 0.22241426713769 0.365917514762303 0.434236626471516 0.393258343440881 0.0626592792749459 0.0798596166911999 0.136408364402995 0.386868724688998 0.244067885548494 0.312600143974472 0.242325488346212 0.310773406373685 0.24244379994217 0.281420132703577 0.268887985784024 0.21988181412207 0.250148620572607 0.357037667854064 0.272620308052896 0.258072600521129 0.0547862561226046 0.0472367075049836 0.271854931234972 0.263999576931507 0.341200066029294 0.377778491394601 0.314093810792182 0.281710896637371 0.154653780751039 0.244505712244553 0.287537954545827 0.389558899169222 0.418431192063804
0 0 0 0 0 0 0 0 0 0 0 0 0 0 0 0 0.00307617537131913 0.145409761512902 0.29147866811042 0.320773482897702 0.321419263609386 0.313946884679947 0.155291321465916 0.135713703975587 0.0926582516667204 0.186216357445869 0.2312151303286 0.353284602110642 0.435395309405731 0.472051625288127 0.420280613569567 0.21923545948026 0.174922095817908 0.14862506839334 0.313383421946323 0.313787960695079 0.401410091659374 0.364922511233999 0.268242177742334 0.247181647791654 0.17492310702813 0.230371699013551 0.253906769697145 0.291839533509594 0.33070938856764 0.22622803282443 0.273505936897203 0.0512756724411325 0.0718106702902611 0.178516893496606 0.168190127745914 0.397829341603758 0.335675879247288 0.0976494418392875 0.123387734621269 0.156241011844278 0.249604234183169 0.379250676827598 0.335413019249616 0.367407492029204
0 0 0 0 0 0 0 0 0 0 0 0 0 0 0 0 0.00521217803886436 0.183318611570103 0.367639305140064 0.377069687689089 0.301963114330707 0.230183203962195 0.183057992632924 0.21179936113378 0.0832994737334045 0.149811327303605 0.161165701279755 0.351264340737396 0.489650837309394 0.488905001445757 0.40096485853169 0.319847678944581 0.240353300453514 0.132642357901733 0.248555745833131 0.362434250838075 0.348784853273397 0.356143211417821 0.285531194195544 0.208252609605623 0.194918518320123 0.269996436167218 0.286976213602581 0.297164730517942 0.260694149356296 0.204367088988139 0.173165664657547 0.0726536438277095 0.149144147197226 0.14428883498197 0.235146633681171 0.429456690412798 0.293630113512447 0.034560961901425 0.0956623180983126 0.305234871338531 0.320655772561876 0.451316076438747 0.232292807125042 0.318910942989061
0 0 0 0 0 0 0 0 0 0 0 0 0 0 0 0 0 0.143697618627258 0.344629052561614 0.408625103922348 0.21226854901172 0.223159351426162 0.205330977304616 0.178813396731659 0.0970070842108543 0.148982449216749 0.253419721660287 0.445452314332238 0.525825926446208 0.495532035959729 0.414692283263487 0.380446883860046 0.211028422659636 0.115889487841154 0.296226491412092 0.32339503173287 0.359993735962626 0.316819131660117 0.330961261902901 0.411190790225259 0.272843402891843 0.335109437543011 0.340483063321984 0.373062890169998 0.203755730419007 0.179535715125136 0.0917056028152093 0.112827140171775 0.219640845459201 0.187124752185171 0.19746358413351 0.255951682735799 0.201606211782403 0.0790065310515329 0.152216518146304 0.371340498532105 0.399471055063949 0.278965214914968 0.145729508918054 0.332165667937148
0 0 0 0 0 0 0 0 0 0 0 0 0 0 0 0 0 0.173067467946002 0.361345997329312 0.406482513442263 0.309701906158598 0.233391145406017 0.259261537771981 0.206119994577727 0.0690318236055821 0.221433680187549 0.280437482337984 0.400256082156184 0.450855155887621 0.453750906672949 0.440983721701829 0.391378093688354 0.243913498344622 0.105140289020279 0.240024711791422 0.250349359466649 0.226470641287659 0.255252198562332 0.239906618835512 0.28442588676304 0.246470275065578 0.290591864075855 0.341895368711844 0.364270663260984 0.232443778078165 0.199942333687348 0.103253712371364 0.141348577281878 0.217076621311611 0.188179430781567 0.123542012505118 0.185103998871817 0.276786248196903 0.238123691234338 0.307504682996527 0.386015044621701 0.471151429550624 0.1645118505639 0.107136657135783 0.335054531560964
0 0 0 0 0 0 0 0 0 0 0 0 0 0 0 0 0.000661760224565193 0.275061205548429 0.438082286275254 0.306784428018504 0.293620356700306 0.334120911226128 0.248630411409512 0.269703622482975 0.0947204167716594 0.177978055098385 0.319373120720463 0.389004072717494 0.406193963238956 0.378078602190445 0.406333810879638 0.365158259865722 0.272291172790683 0.210744422902326 0.265895596097494 0.228787774851038 0.440757948522294 0.423661307981291 0.276570723769617 0.298329754013548 0.298744322874504 0.298752330566261 0.307748384659996 0.429532285209383 0.405243015680318 0.305799345282376 0.217164268640841 0.221386084982107 0.205014208870117 0.177156282813088 0.219172996751555 0.208985614031444 0.339334492489988 0.377216969091403 0.471531152653935 0.454787561130391 0.390766858104249 0.105279323593284 0.0694627289776227 0.276941837921039
0 0 0 0 0 0 0 0 0 0 0 0 0 0 0 0 0.0416926962198775 0.286825051339416 0.415048311251599 0.331810295869179 0.32044516753567 0.159548489169939 0.205186401572896 0.202624883095899 0.193502058769352 0.143559438116941 0.268365135439311 0.361771416202649 0.407178909325053 0.353661373573305 0.413786703514803 0.41174539803694 0.194385309903137 0.134962374780745 0.294639219323845 0.198439538647635 0.161454183158048 0.173004007672079 0.146002030072845 0.202065574523187 0.280763064699416 0.237752331112861 0.217465390646907 0.467817496779159 0.517831189112163 0.408932156539715 0.390475383590299 0.34438341046772 0.280057130644534 0.197831514339234 0.306218669564376 0.188231617428017 0.408800371250801 0.471873488309043 0.452595940619549 0.257953660335033 0.27937128414406 0.0815824934366991 0.0216890585960795 0.140977326480425
0 0 0 0 0 0 0 0 0 0 0 0 0 0 0 0 0.0675702627124156 0.280298891877577 0.297631854980429 0.339517330230102 0.23674147618108 0.374351855242797 0.181993693874416 0.161459826804286 0.181272796641252 0.130729845077128 0.217085667543595 0.378814626581929 0.397061341105258 0.382502537591057 0.416487208737294 0.377864061643375 0.138534611539494 0.0949406214624724 0.25033386335325 0.124443834377977 0.305087371296169 0.325791763938713 0.293104393517104 0.228438360724376 0.369061503992094 0.242031007531603 0.24585578721076 0.531547517861525 0.554065912322061 0.500781528851467 0.555946107414576 0.428137689663409 0.363187028523234 0.295161386418408 0.26248199635855 0.194452391402855 0.422090051276557 0.416553620651864 0.31429894981719 0.337401769125948 0.2333149493493 0.0491807830702638 0.02345929824197 0.0471596403043251
0 0 0 0 0 0 0 0 0 0 0 0 0 0 0 0 0.0443782143503302 0.268009080121192 0.216989438592483 0.219434216948867 0.218279975140627 0.287572417683388 0.20689421265259 0.132623923812689 0.151046301949559 0.100261664309909 0.274829064477497 0.400837582693766 0.368270573618564 0.395430095037363 0.471813143655804 0.422789125499934 0.144784860925798 0.0555757414220677 0.21261421892756 0.408752270440248 0.265047600671444 0.334970163832454 0.345456769123215 0.309724316763515 0.422066984751496 0.273406319025346 0.317162505855454 0.518320997479627 0.506633375075363 0.441196977738617 0.51332091822261 0.500350862616979 0.502735952240268 0.400064225514091 0.162048474138435 0.314198894665237 0.428988937360173 0.24244161354169 0.443761297541229 0.269695970081296 0.105274615999751 0.0963972082945475 0.0445062178496642 0.0668893151155157
0 0 0 0 0 0 0 0 0 0 0 0 0 0 0 0.000903122183301257 0.0286121710218853 0.117672688742388 0.16162843927628 0.292994800193059 0.258239996807855 0.264567931736204 0.22639776582667 0.207647905892951 0.245400660620905 0.208758624666642 0.427701694077752 0.443253533359825 0.442015866708281 0.451934800444495 0.477366218254148 0.395418288474773 0.230112173276611 0.224220438908964 0.269859813467243 0.387259188484666 0.375643908606274 0.422180759566459 0.39756413122557 0.27172402050625 0.27660510491716 0.224675182878735 0.330380608595505 0.461174446881674 0.450509704611829 0.247330295694267 0.258836064238632 0.512502821823119 0.520801195523782 0.496916464743472 0.321485812173987 0.437479987603109 0.382279743382176 0.214706057586509 0.244869802584435 0.156702315015488 0.25262283334545 0.24616786854923 0.109639634739936 0.188271163946693
0 0 0 0 0 0 0 0 0 0 0 0 0 0 0 0.0498290029849833 0.0425396496894491 0.114561953297393 0.188980186292253 0.310068237558971 0.251239279121898 0.25660697428957 0.235392877035197 0.170758178094344 0.28168728351219 0.396407962651907 0.465566433505275 0.462726791222258 0.443590785633818 0.475718929472733 0.454555939329573 0.372038807515314 0.337670751044963 0.288258592143935 0.193614959024122 0.259613930869296 0.245707193968158 0.360898823771202 0.382068427775813 0.259992670092392 0.32224525838061 0.325084873333621 0.303003676979007 0.487972228341107 0.406203228110988 0.124828845837449 0.0931961745097407 0.443410653564297 0.521167144304071 0.433864774409931 0.463709851537941 0.527471903387336 0.435103069651613 0.132222008744509 0.203254429784022 0.319921387970753 0.323717553133631 0.369077246075548 0.296738983684533 0.510571956899487
0 0 0 0 0 0 0 0 0 0 0 0 0 0 0 0.0559862141983754 0.0372048700977485 0.0982492398158832 0.201851648901252 0.253572031783704 0.265660120765831 0.291615509450443 0.266892239426157 0.149893522296639 0.265056318943356 0.398632433829956 0.425918219876457 0.453476650062777 0.463817258461507 0.439521402400996 0.388838452881157 0.393718963361941 0.416651598723361 0.338615931972335 0.327615823198912 0.38515879553384 0.331946754589118 0.283663270275722 0.348696686674053 0.286129994626921 0.347749537986249 0.384455840449611 0.252552458580009 0.514344536267191 0.334730507009873 0.103446388913638 0.0471441305259222 0.188745079915671 0.500609841753799 0.472234463028241 0.441203536940056 0.576430165548778 0.130354248804722 0.124555791747541 0.348520134835318 0.409119640380849 0.4723263465084 0.572384559421172 0.594107432067171 0.726428279778365
0 0 0 0 0 0 0 0 0 0 0 0 0 0 0 0.0212591951805174 0.0426786261861906 0.101328948871571 0.226564779493313 0.253839127932305 0.22404845118123 0.24519379980552 0.221482614563286 0.183889043455256 0.306242009389497 0.388379254120408 0.402793673212932 0.438710056512986 0.486653446231766 0.411726321692755 0.419891297634151 0.344033859691029 0.355695518589597 0.298702726605378 0.248485562377732 0.363705478736982 0.279262620040219 0.253816280047292 0.234002626960176 0.31919320729099 0.319578915665614 0.32345073028509 0.225955716644684 0.45623126869714 0.338537276215078 0.117186733905769 0.044642748310869 0.0759836957383229 0.425069267900197 0.543398191081563 0.51208226769085 0.524538519183751 0.115832518443655 0.227006459720217 0.425802122010986 0.382700242854433 0.459843038309563 0.538927876660776 0.544668708400315 0.570125242485478
0 0 0 0 0 0 0 0 0 0 0 0 0 0 0 0.0282038368185468 0.0618385523623784 0.0699632848699447 0.0828869136278888 0.245966528395056 0.333192401602413 0.270333688441211 0.254367744908283 0.204229960683053 0.333969940273005 0.428655210656953 0.412373742204799 0.433180540379811 0.503702942512426 0.453683018938054 0.424844150640807 0.297081100699593 0.147100095053761 0.293014915077472 0.274753852300995 0.230844180157213 0.288314919286293 0.207411392021059 0.207112060130386 0.309771843643943 0.269160465943806 0.398029205937608 0.230363336031716 0.405688795408122 0.322527030742431 0.104350151216923 0.0525032235742073 0.117409377799617 0.499069686595889 0.577648154596005 0.616741487113082 0.350564200643786 0.210006936355522 0.440659314530654 0.386016219811959 0.46913545898832 0.548098788132874 0.357298286791244 0.18547634287351 0.253423001261006
0 0 0 0 0 0 0 0 0 0 0 0 0 0 0 0.00821918244610113 0.094960743179387 0.053519776812239 0.129776670123001 0.299359384659449 0.207659261510442 0.318021296633872 0.311997817972321 0.276666734080681 0.307023756881012 0.345409105592758 0.392101792247133 0.492446970222865 0.468560381002148 0.530773696071749 0.4706586148825 0.310165915000402 0.233779286151175 0.294909567743159 0.31078586885642 0.194400122766387 0.262831027865128 0.181177155285268 0.218726397123572 0.260788246566941 0.305493959795375 0.38275104933558 0.239976993600952 0.427404452932537 0.342510047876705 0.1621918883449 0.0889365949326889 0.181472988935174 0.599891445216183 0.586235679760108 0.610587808302965 0.414301245537693 0.412653410156158 0.424191838057689 0.257515751648956 0.363137615872393 0.333361383029487 0.0462699256241217 0.0223917540452508 0.0495065157467296
0 0 0 0 0 0 0 0 0 0 0 0 0 0 0 0.000501159874778695 0.0564744237604886 0.0572151899080127 0.0825521757144474 0.1474589790275 0.181822416726838 0.363743795405389 0.325582853372878 0.381617537336888 0.328142609064488 0.364472167395194 0.406585574894875 0.476349651351114 0.468029413645653 0.557635484405225 0.497639234082048 0.342883594398661 0.330181236201763 0.315420299963214 0.241115097040652 0.235175220867443 0.265389908996546 0.195053719859786 0.301763523296917 0.232490075108322 0.326809150741928 0.362683828452832 0.281630464429724 0.455958815867364 0.37288778682158 0.303466100680462 0.164293470150987 0.210924049366736 0.592855444492485 0.461664747189246 0.496295909627323 0.26760560724267 0.0532810628748652 0.0457676581901742 0.115604572528643 0.2274175030104 0.0413721186657928 0.0144194153592447 0.0155807868827996 0.0182328325884085
0 0 0 0 0 0 0 0 0 0 0 0 0 0 0.00029186564797087 0.00337069504578049 0.0473018929855353 0.121890993177884 0.137196684760953 0.112673887163151 0.160936375199441 0.377731784414354 0.336096023429468 0.412592026962691 0.326941100010877 0.376812867622743 0.4549238832003 0.47931408244151 0.535140648409858 0.543063726468182 0.501409900349332 0.43744626237571 0.435864565608686 0.272381990400609 0.222458541747404 0.332929705584777 0.356844554031695 0.291415289826515 0.364038932140142 0.27913851448299 0.397171890979513 0.404352549424949 0.176515025217397 0.411481198868975 0.411338317597627 0.298894911207544 0.250706917935098 0.303115648013573 0.569707967953928 0.386806822225417 0.453477524622969 0.134829728596642 0.021957844080676 0.0274977268267513 0.0634024572954991 0.0550736345519054 0.0145127968653576 0.0138669444124076 0.0140048541848525 0.0146996094132193
0 0 0 0 0 0 0 0 0 0 0 0 0 0 0.00625255151227855 0.0487088280292169 0.0478443765233062 0.0963662707277598 0.0918002739559801 0.111016424787004 0.189585832890132 0.389005931157901 0.293682122513858 0.443974252947951 0.341931389659747 0.394077560370617 0.489486857273417 0.527876934076199 0.471891854073073 0.51063842347407 0.573392326062276 0.497646941143739 0.453795345262699 0.285657240183198 0.26747652762435 0.249393793136998 0.40164261535039 0.403329040700392 0.32575396654042 0.357810560423637 0.415695786423656 0.398216881088784 0.148962498312372 0.324595939526349 0.397503595262289 0.23236176073017 0.400643730961235 0.328955184802768 0.467088277559168 0.33397802995478 0.51452365712649 0.154504900543375 0.0247818877627712 0.031672538973955 0.0389072322574968 0.0379608146473527 0.0163640802277792 0.0153839937583732 0.0155171472557121 0.0147528345998969
0 0 0 0 0 0 0 0 0 0 0 0 0 0 0.00640893935799629 0.0942256821706147 0.151395210471109 0.184609681053364 0.0878116303933717 0.0698307480058661 0.153195656606127 0.323883746900094 0.25884051902961 0.36485820372989 0.431912510091605 0.503406903887475 0.529653329805941 0.568980716494369 0.479171474470222 0.50750460100651 0.550400357257838 0.327831456946222 0.41970720271376 0.260631017042445 0.268417882350883 0.27848970014064 0.330376591084624 0.375296243599996 0.340218809494007 0.365105348974114 0.376963346635758 0.403598104609424 0.253129722966661 0.280765469739944 0.395000685983151 0.2446043735662 0.535846637124752 0.281412644281934 0.233354003927868 0.392216195652233 0.555904948425546 0.179425315565914 0.0396803639646219 0.03335519619938 0.0382238625388154 0.0395718399270617 0.0188201561253923 0.0163496738983685 0.0152849515247684 0.0156991685118976
0 0 0 0 0 0 0 0 0 0 0 0 0 0 0.0355746694025825 0.200119937731314 0.184252614525024 0.114957807936743 0.0321438825061178 0.068672557011759 0.0861929902907421 0.230099738123883 0.269724857897634 0.29300291720484 0.423068738791281 0.549742961293606 0.569802857734747 0.620270228167288 0.546976126146562 0.495430532317459 0.407864892475557 0.320198158941476 0.411113364318272 0.264520623495825 0.280772056271389 0.285536058936611 0.35701189565841 0.40634785850272 0.335774075958832 0.330884245946004 0.36628040258192 0.369041881047789 0.301040863278365 0.288375837869659 0.451282733831432 0.478310633941353 0.627738097645739 0.0547696223977052 0.0289936073749475 0.4813409303462 0.592866649794943 0.217552286400972 0.0456111221645802 0.0371687944898335 0.0250107594817356 0.0204121358071726 0.016580802050953 0.0151513112116977 0.0144303900647776 0.0164344310794642
0 0 0 0 0 0 0 0 0 0 0 0 0 0 0.0973140548382036 0.334368575740466 0.211419474050433 0.145311551136354 0.0562708083833154 0.0739244822740314 0.100368661283384 0.216995314543772 0.329632285701323 0.369020891603184 0.436498020487666 0.520977911342554 0.602569348523715 0.600873849611723 0.490954915875509 0.470739183740177 0.442716580732018 0.430277000542774 0.321338394121644 0.243976466678437 0.305867533647337 0.29587005347389 0.295278468164096 0.354119424473802 0.333084885358824 0.385674540076994 0.401672295736902 0.40414817564011 0.369560194611507 0.406517905800029 0.434226924319387 0.572575049562966 0.453453255577644 0.0532883770677199 0.116678177154192 0.314504498792287 0.641482412321241 0.169638754713743 0.0378766348126337 0.0261260953183153 0.0229001485249176 0.0189705907271476 0.0158990857976344 0.0130811392690645 0.0149007411760976 0.0185824004463537
0 0 0 0 0 0 0 0 0 0 0 0 0 0 0.147920118218674 0.342923277567367 0.236976486902641 0.190158314525734 0.072433432304395 0.0911012543926152 0.178792461947066 0.333403580558746 0.429204953727567 0.418656172673164 0.473884976750364 0.565150908094109 0.638764825845003 0.629367403283208 0.515366405191389 0.558368912446139 0.517026812375683 0.438423638050146 0.26311367478714 0.271297781732733 0.257411979616188 0.176556826461568 0.203900538455778 0.279369617013694 0.345818700392623 0.432799368786182 0.431978922006175 0.420342051423046 0.426298489579889 0.494307269071015 0.461539083821675 0.596352592059759 0.398366184911541 0.0654303984004294 0.252746255652529 0.192516716398168 0.548727706230859 0.0993145019571017 0.0493963484925589 0.0354041677439244 0.0230047797447487 0.0241356612303641 0.0184793970700047 0.0138864281444948 0.017334321062525 0.0203810018059668
0 0 0 0 0 0 0 0 0 0 0 0 0 0.00221625530851204 0.185856831216989 0.296499709482036 0.242923496207415 0.115105690599189 0.0297005526400512 0.0922253033767316 0.234428483113609 0.431391299547251 0.468806023096041 0.433744331073506 0.465772337770451 0.555833890409956 0.62866540474919 0.571311200765677 0.507607580469103 0.682228007680825 0.497918765383377 0.411420908875747 0.273660433421099 0.237477309262522 0.229422418585279 0.156752738876551 0.227276152219388 0.258817151874483 0.378678468492056 0.485582547276811 0.489302379732942 0.316833069963176 0.478693090045264 0.389594264196982 0.461088302702774 0.574561558378806 0.412458191923327 0.199636811550316 0.167737132896527 0.142572100655319 0.136498758397828 0.0501484190138131 0.0781363573256168 0.0791771659439702 0.0285026443147302 0.0259673216484804 0.0216159747437949 0.0164491756176991 0.0201120369682059 0.0236965893109067
0 0 0 0 0 0 0 0 0 0 0 0 0 0.000244411683145408 0.116664867441272 0.130199219345709 0.280955631921666 0.149724814169624 0.0523632666135007 0.145542517017028 0.230901436519775 0.429121433229242 0.522391200612629 0.421296251252398 0.466220877828861 0.514118681097639 0.523107465409778 0.614595644362284 0.596137723552617 0.632327953512753 0.385653222672317 0.331523576776273 0.213479705557447 0.196307729854916 0.32648824181152 0.16479161417028 0.22590847672932 0.393034647341802 0.480165193488243 0.494992213681292 0.429895255019019 0.195724808157023 0.484674097877497 0.262697712095878 0.367948407507881 0.608719037152957 0.421609316471084 0.2751207849615 0.0472264348389798 0.0348425668669592 0.0326812211702599 0.0379444644712655 0.170355784751059 0.22753992777226 0.0420054437272444 0.0243558129692904 0.0223665728609761 0.0193142860500544 0.0244533674256938 0.0432143728774834
0 0 0 0 0 0 0 0 0 0 0 0 0 0.00295457328534275 0.140911748131038 0.281707753686681 0.350044547909774 0.26099658320265 0.0940838599369989 0.144659416198276 0.307127692893816 0.37977183271194 0.483069662545484 0.46236581650306 0.466991857298014 0.505534818154339 0.516089994430145 0.658110315929403 0.642637159734593 0.526398872691913 0.28911891340269 0.258848171431289 0.229107508591187 0.21861991942021 0.267322550370568 0.224154901554585 0.409441451201454 0.491218103833252 0.55040423811869 0.409664792010455 0.190425219364293 0.132964933962506 0.34187703027782 0.151899476411745 0.297905756300523 0.65894038287152 0.418591837839049 0.0783288357253466 0.0275062059611116 0.0215375974109739 0.0694239681966186 0.0600028915146344 0.239011096529035 0.380064236446093 0.0774738438177613 0.0276095048431504 0.0230108760442112 0.0257191908159155 0.0371531583101529 0.0734187131830657
0 0 0 0 0 0 0 0 0 0 0 0 0 0.0019128010707623 0.116432808360358 0.357026927161708 0.301691973341219 0.267660677204753 0.0984315104583734 0.191683711480406 0.405364142266893 0.379593313112773 0.436932102972903 0.529490880250299 0.43942921829077 0.533533480077246 0.568270628278576 0.578895605389696 0.558013841008237 0.438423528730122 0.220115144048263 0.19433750972265 0.277912490414 0.161272616263212 0.189586215510216 0.274809140903126 0.479178689591804 0.476568674019167 0.466005517381611 0.296205447307475 0.063028924438546 0.100917632281329 0.188589093906447 0.106229731384303 0.34584070104745 0.657684623756006 0.488378133590163 0.161945890960928 0.0942686449400407 0.0273581849405108 0.142030160301417 0.243343913689655 0.340686125266536 0.467774424689709 0.109136086211957 0.0371046577982619 0.0272919711684835 0.0710808976376489 0.102305531975834 0.163068061007133
0 0 0 0 0 0 0 0 0 0 0 0 0 0.00692732252782331 0.192070964000369 0.290326134427554 0.307418620807645 0.261781910924951 0.144439710280072 0.231666512707633 0.430451666611096 0.408022122000054 0.388615576682258 0.507000253075856 0.513870415323169 0.500863245569396 0.537292941042071 0.539304320163368 0.540719139913779 0.460318416433861 0.218049924815154 0.234446602907585 0.298195071743999 0.143433323804271 0.242096517555976 0.276737081516116 0.449620741506791 0.344237386245683 0.236005096499518 0.185944205246159 0.0393825488892812 0.10522593442657 0.192996385333407 0.11498076514178 0.590540538324594 0.621268757266365 0.448643475152378 0.30672506724548 0.397387032786715 0.0802641486074542 0.175922688332438 0.49126412756335 0.431405975760471 0.51701577105326 0.119406818617856 0.0403442166427711 0.0451068938027025 0.0819141635569675 0.0871496293231287 0.27925155138779
