layers/sloNorm.asc
NCOLS 638 
NROWS 825 
XLLCORNER -2985163.8955 
YLLCORNER -3022031.214 
CELLSIZE 10000 
NODATA_value -9999 
[rows 432 to 458 of 825, columns 180 to 239 of 638]
0 0 0 0 0 0 0 0 0 0 0 0 0 0 0 0 0.0423920608245681 0.259981765419999 0.226295947889331 0.208862629004461 0.183832046727751 0.148627241128817 0.136136198538282 0.148036352734176 0.0446197501108232 0.091167434002135 0.118180302608758 0.100854827927549 0.117143265531232 0.105176883898308 0.0785163605614895 0.11212279125724 0.209920956156658 0.209996714933279 0.116710973161388 0.1198714697148 0.152827179800283 0.0995438075399114 0.135637275613818 0.164569339231513 0.184344784970246 0.295285655955673 0.365182282940993 0.32221098655309 0.236539862726846 0.265448914479492 0.299225467630068 0.177351514710922 0.310115573129357 0.119674229061526 0.0279588591854237 0.144583343126585 0.142031827431783 0.176987369711029 0.260113222748841 0.262939090708836 0.247273503941807 0.219792581652492 0.083645505771824 0.222165482093107
0 0 0 0 0 0 0 0 0 0 0 0 0 0 0 0 0.0376647691899004 0.319397717725859 0.249250119295476 0.21184649172912 0.225481199415575 0.175957342780041 0.133216643317732 0.146602224334528 0.0485304211663244 0.129929294541487 0.115393352577302 0.0831380968804985 0.0933640217415664 0.146829978939497 0.155509742873838 0.151081830957354 0.259925547597665 0.172093918472406 0.075259361756904 0.126418167676146 0.185028581720271 0.111770657794982 0.134291559783568 0.201480302444778 0.360532301060787 0.394514594496502 0.336209497614364 0.328402298781464 0.183631458148742 0.0984729632449681 0.308407912364696 0.272379339390027 0.297381922075594 0.283836405863707 0.337091163607801 0.179324713813842 0.238389748842711 0.322477836731637 0.226571885294872 0.282256649527109 0.293296878749335 0.188523105606969 0.108120188894069 0.263857214930273
0 0 0 0 0 0 0 0 0 0 0 0 0 0 0 0 0.0236090393448232 0.313879160925088 0.281821200541571 0.207096509356974 0.253850989154907 0.214160810301882 0.155312884840647 0.0592722306368274 0.0445383101092052 0.11354225027617 0.181659680206134 0.121809180804934 0.11123742204799 0.182362594295353 0.165989611318121 0.152932577968408 0.138357253465581 0.13450264308488 0.0747596599272694 0.18447534040889 0.249763458798103 0.113588069031222 0.140470819479298 0.227132642357902 0.451823977270181 0.355591063306679 0.269693319070714 0.426478922279476 0.247802120917785 0.125332565177965 0.352761997735982 0.243799860179689 0.239717331213982 0.246265300020607 0.197985696568062 0.213810767585082 0.26646777710303 0.411902900861496 0.367298090015201 0.432787261593525 0.281867415581711 0.209361948214011 0.177412802249369 0.339150889509705
0 0 0 0 0 0 0 0 0 0 0 0 0 0 0 0 0.0430106720940415 0.338547497637321 0.290828924547866 0.191302799521834 0.272833946709768 0.263449560560834 0.116956164310182 0.0604865779607552 0.0606673386204141 0.0886345847014279 0.182524852540953 0.156110825360715 0.137667526104255 0.142722798308382 0.153963315479551 0.134906293608441 0.202010381576078 0.136847789904405 0.0789207148327048 0.269478505223584 0.283075456506755 0.140976274275195 0.25635072815335 0.340185822176769 0.355053017478632 0.32895482951269 0.278612329877545 0.301754340414902 0.202841473393419 0.149822764911115 0.191499274934941 0.177353865091438 0.190066704345635 0.240762403313271 0.0623968770548748 0.106477669198701 0.406024735841827 0.425733742335983 0.337367442638417 0.322029050703174 0.310544134953383 0.306409187036176 0.360499723693639 0.497740027144162
0 0 0 0 0 0 0 0 0 0 0 0 0 0 0 0 0.0526946600174584 0.320277470618877 0.294608172437033 0.210579827941214 0.290490961693717 0.160238735801379 0.0952085511762561 0.0688220863070657 0.063914758257898 0.095386093727709 0.124279635701952 0.12829936031388 0.167671827847199 0.128117123833897 0.135696554396824 0.254613578312219 0.130911247991928 0.0468217696889463 0.0796572858243085 0.219170796686073 0.299592290970549 0.239270868236028 0.364955361901206 0.38972069280472 0.33098126746729 0.362095686723794 0.275735354806337 0.150311384423318 0.121351895144606 0.160622872700658 0.0453216871523282 0.0773592286051148 0.358435242370692 0.248440522527851 0.0600947408322861 0.173176460009915 0.28472206203802 0.249543233609785 0.217024052045077 0.222554593053478 0.269095693829595 0.32395920504665 0.48702830459401 0.628112792027947
0 0 0 0 0 0 0 0 0 0 0 0 0 0 0 0 0.0558372246706871 0.41332050827252 0.358416821946651 0.197968956939389 0.249210190156716 0.223868223456688 0.198859136229694 0.0744867561523943 0.0482222548512127 0.0734770080858556 0.0963711218038241 0.0948044565400978 0.132491414278616 0.156647286048415 0.15197821415902 0.15092967114897 0.0616524145240397 0.0466749119017257 0.128094931869028 0.280241334884949 0.288111092101574 0.320888268922886 0.382500679150649 0.287599337739295 0.301331490562129 0.288620004143229 0.1878801262209 0.208706315035166 0.10599949658129 0.0636934671993467 0.0167724707992551 0.0940224767435314 0.442961785545816 0.160139541544615 0.064612616296008 0.180055846134253 0.364119036387717 0.17939206861362 0.122799196607144 0.161148292065935 0.217679070298788 0.394700165237216 0.522665703192855 0.643911995194292
0 0 0 0 0 0 0 0 0 0 0 0 0 0 0 0 0.0433043705872289 0.376224862543735 0.292553666566274 0.177449028172317 0.131403502394928 0.287594227028173 0.253649512350703 0.0910295814518902 0.0449177462474535 0.0616136264130296 0.0632750994675568 0.0876395128481091 0.0997222861440696 0.212045536162791 0.161575924669758 0.0740685455681389 0.0152685757268005 0.0540123010990489 0.129373689184587 0.258160384500388 0.293007754615901 0.329674674540624 0.356373603368369 0.299687126091355 0.217108064483509 0.31091426522459 0.173921680948417 0.176086121768295 0.0421713163661368 0.0182732417103992 0.0432660402538192 0.140388720141285 0.308629230753253 0.140941237207507 0.0970182895133127 0.0930789492815215 0.369353989716265 0.154669850794565 0.0934704994449276 0.137667430449234 0.272189286528329 0.545404213521684 0.523822746326711 0.572053975668642
0 0 0 0 0 0 0 0 0 0 0 0 0 0 0 0 0.0107533452952215 0.428113748578156 0.315002970771652 0.172707326791987 0.149018866449739 0.242248226419261 0.169346118674538 0.122622166493303 0.0769875473560679 0.0559119859020897 0.0471395698311716 0.0841757147206518 0.107946759508519 0.304552468418812 0.202423351631683 0.0629204584772486 0.0173797930681266 0.093644161135529 0.147917344223065 0.206797847051448 0.408994769583452 0.356963521547797 0.32460228008774 0.343991416191717 0.16875729369535 0.32326321911395 0.131253392336994 0.0583867521075534 0.0154346140538543 0.0167265820110621 0.0552349328310443 0.176680549398713 0.239157312061114 0.161493798001739 0.116795887490018 0.0872533945233948 0.20305761274584 0.160676904122513 0.137310172610852 0.211429654477666 0.357106539469175 0.62669042919588 0.555835256910255 0.560290047887636
0 0 0 0 0 0 0 0 0 0 0 0 0 0 0 0 1.8526394121301e-07 0.437024779023236 0.294007103615159 0.161446694736405 0.146373827474418 0.150112121349599 0.101448606470324 0.109386770691957 0.0849863910235142 0.0855729954397152 0.0633260767612412 0.0809323262590524 0.223399377203823 0.226370340165653 0.220260580675171 0.131568725946178 0.0420380928356576 0.177117583524598 0.136847065659246 0.213799029347507 0.4251517771883 0.240700664829726 0.251973909683076 0.222547760551979 0.213542127291143 0.277390377979449 0.0415738106937941 0.013820617490056 0.0107288439448459 0.015814038235225 0.0740793477530089 0.208010506747505 0.210694572971389 0.174225330980038 0.144599645475162 0.177293452113183 0.266756217986314 0.255557010119208 0.171881564325815 0.316224485389652 0.376483623040507 0.625936558310481 0.564285694764281 0.466713255216888
0 0 0 0 0 0 0 0 0 0 0 0 0 0 0 0 2.4889528122353e-06 0.479481888678326 0.256770161755373 0.172284080654127 0.13810524348029 0.0828361618067539 0.0850900742337623 0.0630998116415987 0.062122073844583 0.0781568753276184 0.119588781797779 0.0934262999927302 0.284477649794396 0.0834421295322032 0.204122868054557 0.169198864602231 0.0504837103598761 0.176093159244839 0.127026533609621 0.247672276059297 0.336371810519975 0.213261926404667 0.234028289835807 0.11671631617756 0.2500323587271 0.183915826861132 0.0464380393235058 0.0411492356343923 0.0104512470955036 0.0137733801368796 0.0718894148700376 0.140800036731528 0.34903322836789 0.288860125575912 0.195646780989904 0.189277331782447 0.336664241584135 0.180655767095875 0.21186431089303 0.404787670450415 0.417369038710767 0.636979247233247 0.544017325037401 0.324819225675338
0 0 0 0 0 0 0 0 0 0 0 0 0 0 0 0 0 0.325400753542925 0.289655756710473 0.188926496495473 0.16846312717581 0.0976118904110488 0.0819960579199351 0.0514066002511081 0.0629460325303595 0.0773893599367256 0.121033869529831 0.0862390891783562 0.117350700276744 0.0763117378002953 0.18240309736424 0.174281945087459 0.0830125701629579 0.11106080188424 0.105112467074175 0.276658589738895 0.324964921937304 0.261355508171398 0.232451020529754 0.16341996216434 0.25834672048127 0.161245354582231 0.172617438402266 0.165141998512154 0.0321359363068744 0.011391467626788 0.0917009157191809 0.182807813758034 0.212449678626459 0.242567058269213 0.192250740779813 0.237421802020343 0.352195938651789 0.117518793478623 0.279281067794266 0.477121232080398 0.4586490450076 0.618344446624772 0.569866809948778 0.31493090154584
0 0 0 0 0 0 0 0 0 0 0 0 0 0 0 0 0 0.142426281408326 0.37470679003067 0.258201352179377 0.200467452422559 0.0974794628669942 0.0995224149777178 0.0738730813652541 0.101480076972229 0.0735493779417335 0.116656613779461 0.0989746669975419 0.0620047802913488 0.103938609154131 0.345700962726791 0.160149926946894 0.116395010962065 0.0504903515513331 0.108784219217258 0.23780278230393 0.251968935621984 0.224126341698319 0.253881981381707 0.176465831206603 0.184184726790129 0.146577012403997 0.158653527128584 0.19108381784879 0.0755567737146561 0.0249205499644437 0.112379966613665 0.222636542076457 0.194743715601771 0.234737667471444 0.184039522468271 0.269175196817038 0.275856372072888 0.110028246927697 0.356199456570161 0.487781410239241 0.475579218482081 0.57347032589939 0.57002789300412 0.281093101851827
0 0 0 0 0 0 0 0 0 0 0 0 0 0 0 0 0 0.0155553665609724 0.354813196676015 0.326859957223075 0.223569561151162 0.10552059971872 0.0886307175055794 0.0761279298449678 0.126547930544616 0.0847666099477942 0.11542183044355 0.106471082667256 0.0837898901935019 0.150024310040334 0.320236830899961 0.13164147842214 0.066552807584186 0.0414405393358043 0.165690935347591 0.287865067387596 0.235367432799615 0.250020251534443 0.269568284293282 0.219787211306314 0.103565691222313 0.136519474542373 0.164117533237387 0.187147039805061 0.174877219948062 0.098823012794269 0.23570678948407 0.255429597631254 0.2678345507029 0.225735532451376 0.136711358514472 0.222713476043337 0.214254401907416 0.160774731878976 0.405219101925071 0.4778008200095 0.511489862480876 0.589794538480922 0.547686651642451 0.251594514539837
0 0 0 0 0 0 0 0 0 0 0 0 0 0 0 0 0 0.000286767934616104 0.323112357480851 0.325873180026576 0.205576264108432 0.135791006897547 0.0990665231476952 0.079596134935892 0.130394751873609 0.125045436134969 0.103537090371038 0.0978086049617079 0.0841464032892209 0.273065759820628 0.309147790287025 0.0778245561197076 0.0551471659330382 0.0364216365371571 0.161487402780336 0.282688982891963 0.277147687526203 0.281298760146948 0.307652265028907 0.329725563011789 0.187612565462197 0.146206021237601 0.25366878000493 0.300963601351414 0.171094555808146 0.186362231352874 0.257493423034057 0.23997707559097 0.271874417529247 0.177571234294129 0.217285313237398 0.133056188852528 0.170299416613692 0.224467529493176 0.318380084952591 0.431989772018556 0.488713090143652 0.563509249293929 0.477190376995569 0.177069154753973
0 0 0 0 0 0 0 0 0 0 0 0 0 0 0 0 0 0.000699730730688891 0.232584691589081 0.333180130429721 0.214462629223101 0.171557936059811 0.110795605171056 0.0952098835140484 0.106909353475912 0.100686017313012 0.0903783757340156 0.108185767243457 0.0885385675578617 0.262014407285961 0.227219647431991 0.0704243830661096 0.0607826780782196 0.0594663898319259 0.193909644813776 0.27919708268584 0.281290615805161 0.280517723235588 0.301054473621352 0.282672475568341 0.197482291522615 0.153096243709316 0.135406077428093 0.203127577561191 0.205410084006972 0.427065970808274 0.393016800847886 0.17219361833428 0.189700851220367 0.166569103100261 0.0936054686795398 0.0846976631751673 0.122422315824456 0.251182924649534 0.335596704219917 0.360219044532058 0.444164661099727 0.462855679530536 0.344346596949643 0.140233991312338
0 0 0 0 0 0 0 0 0 0 0 0 0 0 0 0 0 0 0.135003902724856 0.400730476400267 0.268449885787905 0.198013477519157 0.115955845095712 0.188364564242185 0.0788470058065331 0.0937494021561188 0.0712328388059848 0.0687886617097324 0.0947658392416251 0.19542219666563 0.239663463772164 0.116279022416618 0.0943180985858908 0.165486739207791 0.243617323069641 0.291908815074794 0.272196255679859 0.277075727620415 0.273665161512136 0.274910945175461 0.232570698626011 0.217215744707134 0.217561072997899 0.190302425647352 0.216007321162006 0.351973909683076 0.460990898561403 0.202031384685686 0.227981922294234 0.180558663584571 0.0372044908939153 0.0925310099913036 0.116606422223449 0.246857705230581 0.369510016720498 0.371210872313665 0.491425155958679 0.402555382890651 0.30037447574216 0.134076923581477
0 0 0 0 0 0 0 0 0 0 0 0 0 0 0 0 0 0.00257235375679629 0.169811535011651 0.442283837417074 0.274475277549876 0.209479043624702 0.182310680948963 0.171223184481367 0.0660812010007155 0.0579261048564874 0.0442264781570393 0.0616192085667544 0.0949725429094759 0.108072163241033 0.143328335586237 0.135901939391885 0.210775237484087 0.266951818839229 0.22997429339636 0.302168444665757 0.290202110860343 0.251028018175547 0.273846906052011 0.33115300922497 0.243122103360989 0.350594181660363 0.268880278722333 0.176665217265349 0.191610918009435 0.248121663347893 0.134632255638317 0.283920500292158 0.22567461386801 0.230782824293752 0.131307478418861 0.148683076331067 0.196002399027926 0.231944158238548 0.396595747123107 0.38616276330411 0.555295817251902 0.343344815579853 0.460292452928164 0.152155039297816
0 0 0 0 0 0 0 0 0 0 0 0 0 0 0 0 0 0.023627128392542 0.219532031040328 0.395754064928442 0.26225359949844 0.206982324591922 0.203545303037839 0.208215878077564 0.0757173511648868 0.047577420440986 0.0919818818458249 0.186566359167659 0.141808199657719 0.146936388317844 0.168616831129533 0.153479615368428 0.259206249169851 0.21691426741099 0.216019578669696 0.28135410340909 0.256788910139487 0.266863570249867 0.265482366406831 0.22524539612384 0.233965786112093 0.298728362151003 0.374629008833605 0.410128992162301 0.316663787906035 0.242802150980792 0.18995455566603 0.309181269544371 0.233210521396388 0.20942083071193 0.197033122874067 0.246177980651449 0.216281960392262 0.208825596846336 0.375185393095675 0.389069664731884 0.536872004289718 0.375842078479752 0.419572657094241 0.160718514056642
0 0 0 0 0 0 0 0 0 0 0 0 0 0 0 0 0.00261050516407296 0.0985076040275683 0.232147138193082 0.239222138835337 0.213566232356431 0.15811604156566 0.190738653538061 0.171594913557924 0.0863223295441191 0.0849012785523405 0.0901695471581987 0.123721037709396 0.125835491948307 0.137771544107077 0.168267485327886 0.190211826677475 0.163182204777176 0.187453040217197 0.252590829908428 0.268420506031459 0.2420852302635 0.324219660003793 0.215745376719536 0.290364943036069 0.307950818014409 0.31015255062747 0.312743544515934 0.452747075552708 0.352860085127503 0.146139527333012 0.265215762198338 0.327942334780548 0.374320972336021 0.244145393445499 0.166674569593401 0.192429847974109 0.229117962318481 0.185214617071087 0.222572193577339 0.427122407270656 0.448410705491309 0.356083440694707 0.42983368051551 0.356368383337223
0 0 0 0 0 0 0 0 0 0 0 0 0 0 0 0 0.000781304446496321 0.193392014500208 0.209256276745827 0.153923331680779 0.232821369441008 0.18021941622014 0.169324350324762 0.131186242512262 0.0692215621722107 0.0826539458242757 0.104359135956394 0.111855005025988 0.168772147553609 0.123628020033988 0.164056614654021 0.229456635752786 0.148176159379849 0.200103075117615 0.295731189713423 0.287770423576831 0.131257669482933 0.339426075340081 0.207580879053245 0.209236257516435 0.27499020219285 0.23046235264344 0.173055128448295 0.333791830623928 0.188637140056989 0.137424576015952 0.320933609402834 0.302050515689883 0.346263714880259 0.22477552499575 0.128544865757744 0.231828661633208 0.250105767123205 0.209547286649675 0.141854291712832 0.405160533722221 0.446210995298692 0.399855670238334 0.334690413891077 0.509181624834449
0 0 0 0 0 0 0 0 0 0 0 0 0 0 0 0 0.0376802106432882 0.231955472861031 0.19095947998651 0.146336986626335 0.202710357689652 0.170184097653391 0.143193653316688 0.19595957290853 0.0902475196653058 0.0620639155918231 0.132040865464766 0.127680089708012 0.183966674337288 0.163567598856731 0.194475444262912 0.234781012860954 0.138250106177073 0.243588763213375 0.242509091326495 0.290979567540917 0.161219787361621 0.241010395787681 0.146984325148361 0.158392279601266 0.199355312488556 0.191735447181757 0.138275372767617 0.209308928002379 0.0961563352867 0.221386590587218 0.336843553753476 0.250118557566012 0.19346558687635 0.183031619177137 0.213291497471155 0.31174580798703 0.237873840319521 0.213664046447892 0.125950824573611 0.325306301042202 0.493649490486698 0.422628452394682 0.345878252475689 0.559765803712617
0 0 0 0 0 0 0 0 0 0 0 0 0 0 0 0 0.126330875636994 0.291428271579363 0.163538738370399 0.127945136106163 0.137983788933643 0.145918714549566 0.155310739435176 0.148614915296112 0.116569841010423 0.139643157577709 0.13514640137612 0.163578448869112 0.147340421461488 0.133486540791947 0.226420203761593 0.22378131403762 0.207590362565326 0.299148560993194 0.227094913284624 0.289130938605328 0.260947717151929 0.199910808525431 0.212783063704604 0.251261717056821 0.162132568566886 0.200258131906634 0.213904044895547 0.104105144545669 0.159902686047649 0.227321574689353 0.308950932253835 0.150765882423035 0.193881590562621 0.274232614426636 0.31580592634782 0.288136481677144 0.328982214178698 0.261799894068897 0.130932565396605 0.28482575208077 0.453089957807937 0.42473313615645 0.347877387754299 0.529042777471985
0 0 0 0 0 0 0 0 0 0 0 0 0 0 0 0 0.122785736579191 0.32195364721663 0.191269894194615 0.127460903059922 0.118901254501935 0.157058684628675 0.21528185981784 0.117797545874782 0.113004956023287 0.127742579766722 0.104648061947285 0.127380170222209 0.185064302038108 0.178171729185877 0.287221117786313 0.209781422811044 0.264709610487289 0.325688647826089 0.255500218366748 0.227534598421091 0.217707589160045 0.205681757931578 0.266316614839865 0.260115409149321 0.0882686974136522 0.144573900609514 0.258841284269778 0.167437937655884 0.255416834518453 0.245426241506517 0.272399262964398 0.135078595631244 0.137890115338091 0.307647154317786 0.36099753975286 0.223044196445897 0.335550243209723 0.261935396238626 0.189222808420484 0.286196133241432 0.362157780497417 0.327093902074402 0.302179786618245 0.494285678366278
0 0 0 0 0 0 0 0 0 0 0 0 0 0 0 0 0.0325326005976526 0.221604574715044 0.192926857798153 0.136964612015036 0.119055313745736 0.194041498427705 0.174914894361328 0.083803582526506 0.123462687162714 0.0905153468915671 0.123920820053228 0.175576444486472 0.222789945400114 0.278265594091471 0.300317383359634 0.278822497623656 0.277080920321554 0.296047589192841 0.238106309350524 0.205155709976163 0.261099644655262 0.261462696454916 0.294838892347653 0.177840421188188 0.0774068033130526 0.146212785414085 0.224305585542645 0.24159402806573 0.244888414318518 0.315794283765266 0.221487124014275 0.147405863160846 0.110264323519493 0.26324261775543 0.340130533574639 0.247687690182679 0.210486577960755 0.259108626388433 0.177827015820247 0.269282248450525 0.364476786166207 0.306240178279095 0.346575222288604 0.51505533506314
0 0 0 0 0 0 0 0 0 0 0 0 0 0 0 0 0.000296975665166227 0.151109611908449 0.17158746613129 0.155552077053126 0.14736208049124 0.115563481864628 0.0814435066912054 0.0587914275063392 0.0623298775451751 0.0562397068364917 0.104191835324689 0.108836002746119 0.141432630715319 0.333329844202568 0.283613475004796 0.277435773119409 0.304228225227673 0.32126545033564 0.29549188818092 0.240566064550195 0.240416022817275 0.313073089728236 0.212396303124749 0.188049995873169 0.137924674130673 0.142053213161475 0.18173308860224 0.219202841118103 0.258456040505255 0.305668352563637 0.193651553902151 0.151824783505357 0.10107456800826 0.247295313286592 0.352709715434512 0.214974943850503 0.160935145349171 0.212212003229313 0.204467636080199 0.237652111980873 0.368416242550524 0.322986038193137 0.354599530689137 0.38190674346034
0 0 0 0 0 0 0 0 0 0 0 0 0 0 0 0 0.000200117456679208 0.178612767157641 0.19238915359518 0.153734768304408 0.177229691209194 0.123020132375617 0.0922020933691393 0.0545427970129397 0.0513249723556989 0.0686480829913894 0.0946998509421473 0.183734177976279 0.20723650731269 0.346865603602313 0.319240269561315 0.143719974572162 0.184672799702212 0.225859788323638 0.288936676922707 0.270261919845465 0.300207079455433 0.212856800060782 0.235858498347355 0.323862812115501 0.287866242577854 0.231495809490181 0.152264331991794 0.189262272949143 0.278393908469624 0.369210971794887 0.182623076582503 0.148773320010866 0.0720895320064433 0.227275291324199 0.448006549362637 0.287604475780422 0.197329270819042 0.207303288182341 0.260768241002552 0.314842625626472 0.362558848335411 0.263234309433607 0.363422558514909 0.42901216786527
0 0 0 0 0 0 0 0 0 0 0 0 0 0 0 0 0.00145983323110772 0.17206508531608 0.1990752072571 0.12848888024046 0.162119163198944 0.173087309530356 0.0807994955974093 0.062262324602854 0.0665545772020742 0.0662287625355905 0.139176210760261 0.180796270656702 0.271648480369677 0.378609350906892 0.354207809713193 0.0339841382111199 0.0677615727543891 0.141251965710681 0.291857161363461 0.271960616368159 0.25322679914796 0.283055396282354 0.178411153703407 0.195851537394827 0.258315864904501 0.280138382752361 0.136189574039993 0.216000953270609 0.359595428455237 0.344307187080997 0.207252085416108 0.105260582041672 0.0632695719738441 0.251389320854817 0.425846615260747 0.36881627184829 0.318609848313001 0.257177296854699 0.237111278492215 0.275272548484797 0.343650938977016 0.243597809445359 0.337980345352888 0.468661611344358
