layers/sloNorm.asc
NCOLS 638 
NROWS 825 
XLLCORNER -2985163.8955 
YLLCORNER -3022031.214 
CELLSIZE 10000 
NODATA_value -9999 
[rows 486 to 512 of 825, columns 360 to 419 of 638]
0.0943320368889489 0.100369289873522 0.0867559679167594 0.0892483483110876 0.0843858619692581 0.0874914320431202 0.112001657838164 0.143314930218296 0.138346458113213 0.110340437586192 0.19432379005964 0.33242155878329 0.32084762920397 0.255059276050005 0.223234030667546 0.217572961550508 0.160379731302313 0.243365094444302 0.285699519702475 0.13462342804638 0.110525003949186 0.170448228496341 0.217423903697804 0.193928242882856 0.171467186774901 0.130218527994945 0.108379933271057 0.112036968205911 0.13055405847856 0.109185560355312 0.129138227517927 0.16868992523057 0.168237517976311 0.378208447048933 0.492543335824008 0.348913167651549 0.143101756171525 0.17090319110616 0.167119078475926 0.200652175933087 0.0802858622972182 0.0360467747586624 0.0238731121115108 0.00115439255030498 0 0 0 0 0 0 0 0 0 0 0 0 0 0 0 0
0.0856143935662979 0.0826713413730923 0.0769480964924124 0.114162976204857 0.0956696493724211 0.107303424832371 0.113161652612667 0.109168362949039 0.118856255647062 0.135979337968867 0.188354957745078 0.367263708867658 0.330650191774652 0.301152533682866 0.247073120337843 0.208276455035854 0.200988608306901 0.337677638206474 0.277741377246458 0.156868208151885 0.174425837569029 0.240030997692801 0.377476385508319 0.335868036519447 0.34534635589899 0.284768605038232 0.292495672293551 0.259335192138141 0.174783669337537 0.126232637930441 0.094478969833686 0.125882403903599 0.370693870590235 0.495360130222013 0.343450391393016 0.131058351749202 0.0922060220575012 0.104627776250334 0.078743090291234 0.121430988181959 0.0576288910412787 0.0108033566440064 0.00542898356018149 0 0 0 0 0 0 0 0 0 0 0 0 0 0 0 0 0
0.081637078291175 0.065800801971696 0.0719818586153198 0.132041699029949 0.105671673159365 0.10724812939774 0.107658031660172 0.132686933141513 0.173106823154637 0.22411408419063 0.294062802167379 0.313051034413397 0.383566412734471 0.308164975941396 0.33544658049698 0.18322839522031 0.167268068003614 0.349527546186344 0.250087292039152 0.288931074271478 0.34109019940519 0.36534735617721 0.354793136451614 0.374498836015045 0.358529667541409 0.334775027589641 0.379122991039584 0.344273188553538 0.329095879673636 0.274765822843622 0.191045965790485 0.355118336192963 0.388946242424806 0.251049171600188 0.160487534510965 0.0405961924655546 0.0422819311491557 0.0633200641599221 0.0395378653133577 0.0336423764861374 0.0138703956797273 0.000519372067661169 0 0 0 0 0 0 0 0 0 0 0 0 0 0 0 0 0 0
0.0837251659068014 0.0856617223041819 0.0786655482317213 0.142284507002221 0.162402466041101 0.110630292797286 0.11051408561179 0.248363588560971 0.29324940652892 0.259324506105797 0.384164803215758 0.292484466991092 0.350115031995238 0.355996695255675 0.36608190474837 0.319198318002111 0.290947072163788 0.406509324178146 0.328837665776984 0.398769138519949 0.422550725857629 0.316666766876689 0.186375664050821 0.281778456412193 0.21993277091825 0.219373148050469 0.27791699986499 0.255095952918052 0.296867298062685 0.229460215983571 0.200163050815773 0.400262149417516 0.286541174567134 0.130377465644816 0.0839134286531062 0.0206583808693238 0.0398138402976566 0.0454735394981446 0.0201249264822839 0.00219407935731851 0 0 0 0 0 0 0 0 0 0 0 0 0 0 0 0 0 0 0 0
0.125343579170381 0.128543622242471 0.0938931033276469 0.130626879279537 0.213739723234495 0.127619895369805 0.145231856838869 0.301768251387954 0.40576102861397 0.359852767791697 0.424248001220011 0.358946313482821 0.345264775831092 0.301159885454479 0.222084844910415 0.448127238669116 0.476812403012641 0.472120387583213 0.404542629616653 0.319767711347036 0.328642365554135 0.236502803238715 0.12938322735668 0.18008965335167 0.151450266768189 0.120480382248396 0.142741915647576 0.20570232376109 0.199950177399069 0.257592357655763 0.241119907121708 0.368778720420051 0.277680376673075 0.0874464605182534 0.0367376978077509 0.0228232692180503 0.0305666849413307 0.0173470038934327 0.000520294722258131 0 0 0 0 0 0 0 0 0 0 0 0 0 0 0 0 0 0 0 0 0
0.144351379700693 0.148819398400976 0.172253648692451 0.189885465410871 0.195758000449305 0.154766790325834 0.195229137503273 0.237546864127782 0.416625881187718 0.444653895537065 0.445328728045123 0.363457732232626 0.371063727561382 0.363710015517977 0.376298735549943 0.421718991785147 0.390913046306322 0.359041831853778 0.32659179520424 0.257773582925524 0.222353211904295 0.221293586576813 0.14399685486291 0.130230197907505 0.115388556161249 0.0992029203751207 0.0956991862764015 0.154341016162419 0.136659786793157 0.145694034570271 0.156549581276978 0.462323946933874 0.265003654021802 0.152885242398022 0.0405687702207882 0.0193149129320669 0.00952282629430809 0.00151863630119662 0 0 0 0 0 0 0 0 0 0 0 0 0 0 0 0 0 0 0 0 0 0
0.176717376581792 0.288830499849412 0.223820163641144 0.20380834068055 0.185578447775911 0.246733872973412 0.244638044133587 0.212562360241182 0.303843282093216 0.401516733342771 0.410185373964671 0.346363770032211 0.353401109926203 0.326624263251363 0.39690501347096 0.377818994463487 0.244992241011298 0.229892849978491 0.204335194871142 0.218435086589658 0.316777590051003 0.280952652951012 0.184111769339122 0.169476387148119 0.110625202583669 0.0973622581362794 0.0874515370668672 0.112108805126672 0.106464707943357 0.132043366160315 0.206578783388385 0.394867889484015 0.0652261680981213 0.0955666904073319 0.0303852615290264 0.00879725221386714 0.000861716743806747 0 0 0 0 0 0 0 0 0 0 0 0 0 0 0 0 0 0 0 0 0 0 0
0.313247318516462 0.388314208706137 0.247025812097463 0.196170820189878 0.218258548415926 0.343942030870882 0.289497898595839 0.332963758772249 0.294491582631453 0.383566822684561 0.42054202507692 0.341308730133135 0.333508773751825 0.278660075398021 0.40381841178776 0.320440220804584 0.2367534193937 0.264313106760296 0.379794052006815 0.390589295055291 0.468554805680924 0.436618108534013 0.354237544759717 0.247886816606368 0.159547518954726 0.110368901787437 0.0852852788015902 0.0948534524083475 0.0929325082768923 0.257888204970672 0.474223814164705 0.18283436485886 0.0281562364887283 0.0227377006774015 0.0147425721826453 0.0012188452450709 0 0 0 0 0 0 0 0 0 0 0 0 0 0 0 0 0 0 0 0 0 0 0 0
0.383880981103487 0.352824938739792 0.245995416211394 0.178044835968037 0.359905132083186 0.385250132413879 0.361388386168612 0.447981460417132 0.396762788119756 0.420919807749806 0.398717894758706 0.286113159343227 0.18640952592825 0.193309259242051 0.364590916271247 0.360871985705314 0.299240991073473 0.38265214204388 0.392773782434568 0.403582389855976 0.437299554903522 0.377087588843017 0.339773876996389 0.297414171482669 0.269262160896118 0.12714899936649 0.09082210571137 0.0872317559911473 0.127550190189512 0.359261373791945 0.521066460561981 0.275835737918361 0.0512174663608621 0.0244468936305235 0.00152550083004644 5.29111977033823e-06 0 0 0 0 0 0 0 0 0 0 0 0 0 0 0 0 0 0 0 0 0 0 0 0
0.308848007451253 0.374663062021076 0.26816814075609 0.321503986627975 0.437106304431123 0.426552358005587 0.431839894265673 0.420895210744409 0.419540708317231 0.375399332382614 0.28999421150473 0.178944006830315 0.0954359641561505 0.106840925973399 0.183009495537283 0.293720821802348 0.248556155783221 0.327557254996062 0.293565887998356 0.355726866106474 0.402794356463082 0.380734614163174 0.334846550215333 0.360742714776952 0.364960472612328 0.221970332185291 0.136495601782135 0.150586488263676 0.301341001404216 0.508828521156978 0.420377061160727 0.238945039904542 0.0698660925361207 0.00628444392115075 1.96330462654982e-05 0 0 0 0 0 0 0 0 0 0 0 0 0 0 0 0 0 0 0 0 0 0 0 0 0
0.201143747085938 0.35818992823687 0.365970370993899 0.364070252327013 0.331977500845864 0.312735318184129 0.228744197156477 0.338172885245131 0.27876280889056 0.185324237725138 0.120307738600518 0.0801826641945765 0.0808141581456263 0.0968958784164557 0.154632968951473 0.217258967111617 0.200681719669569 0.167738185101758 0.156019748115733 0.177993059271677 0.325524230510016 0.364504061512191 0.336419091430349 0.323551578007216 0.362590742452409 0.36062839336187 0.328988363430047 0.355167202243684 0.438957912337366 0.432250554935772 0.44607319740846 0.139356547804827 0.0110280596829938 0 0 0 0 0 0 0 0 0 0 0 0 0 0 0 0 0 0 0 0 0 0 0 0 0 0 0
0.0628808299685541 0.177049203849595 0.263220152490501 0.161017804952306 0.151609669028161 0.111712895827309 0.0606382253315266 0.168634991918517 0.152476057548247 0.0924651378443512 0.0471457771587835 0.0544743934241819 0.0635457963444477 0.113812475710457 0.142285121927356 0.170508108539479 0.171242534125612 0.125780244341186 0.152078979891128 0.165763441853499 0.200767057613292 0.209651236327481 0.180854155609402 0.200824218320833 0.263956122221973 0.342942189931516 0.449451842069734 0.474136358145517 0.498998792560335 0.369165139374832 0.100969654947742 0.0139049297044916 0.0011563986367998 0 0 0 0 0 0 0 0 0 0 0 0 0 0 0 0 0 0 0 0 0 0 0 0 0 0 0
0.0451208218570083 0.0501870841397963 0.0684703422973931 0.0580669637073918 0.0539332183104481 0.0493710989832691 0.0364890186669407 0.0601620341395503 0.101494138260314 0.0785430961398553 0.0728529410639353 0.0494096752867328 0.0521009839622059 0.0911518832287232 0.108095646548685 0.116269210944465 0.113983759690537 0.0953567344687675 0.11268382162033 0.08506299019782 0.0863358237345797 0.121903933935723 0.161275936858941 0.140951335644723 0.156887175176046 0.28026371815986 0.425543662144279 0.455134050946411 0.399858211928892 0.233654360693767 0.0154865957252591 0.00451362820997753 1.89855516501712e-05 0 0 0 0 0 0 0 0 0 0 0 0 0 0 0 0 0 0 0 0 0 0 0 0 0 0 0
0.0569931028630368 0.0422563331822895 0.0704883079501348 0.0631233086142539 0.0629657033021753 0.05378778509979 0.0553487725547707 0.0589811797379708 0.0820612468167376 0.0812885865522159 0.0950752832345171 0.0634799583600029 0.0615461554607265 0.0610254778514898 0.074524785855738 0.0909496343518498 0.0982166009562223 0.0616577507077105 0.0593135604383952 0.0517663929475466 0.125968821382559 0.196810970920327 0.19722921566709 0.154674865850666 0.166114044835421 0.202698674112089 0.302594984069339 0.369829313180551 0.270889526103162 0.0527817778278221 0.00582613295856607 0.000793521012555541 0 0 0 0 0 0 0 0 0 0 0 0 0 0 0 0 0 0 0 0 0 0 0 0 0 0 0 0
0.032533372670322 0.0340342580258662 0.040822420006439 0.087651162263165 0.0695972540996375 0.0721086835081452 0.0880160930007308 0.0883534955897569 0.0751719945602356 0.0746273280382358 0.0709216525252106 0.0614039096120178 0.0645036583946026 0.0740751389320855 0.060300556274942 0.0606290356170104 0.0609904339513012 0.0439487267223506 0.0405453210756434 0.0283444684887764 0.069334845047065 0.119058402036413 0.117002925950442 0.0654053777799399 0.0638609796385989 0.076723614655661 0.17265993656159 0.231735001702659 0.111042962222826 0.0131912270954052 0.00392580846257238 0 0 0 0 0 0 0 0 0 0 0 0 0 0 0 0 0 0 0 0 0 0 0 0 0 0 0 0 0
0.0563597982990897 0.0424319728820748 0.0357252748168753 0.0499663875088754 0.0506923988694123 0.0454033047989851 0.0562439088249136 0.0698520107505312 0.0648045207656119 0.0689564952765551 0.0639870051287489 0.049616426782094 0.0627664060659495 0.0704994244300737 0.0527285628898967 0.0410717209048856 0.0308368283856001 0.019250296257265 0.017401563126028 0.0247339458078777 0.0349657227064796 0.0593011389506699 0.0504556868549777 0.0262688518965111 0.0275551198393433 0.0513674602662708 0.0663453865036778 0.0807331725053581 0.0273333744194423 0.00876580989603119 0.000760220254311855 0 0 0 0 0 0 0 0 0 0 0 0 0 0 0 0 0 0 0 0 0 0 0 0 0 0 0 0 0
0.0363670175201736 0.0556292228275515 0.0390890895336462 0.0471025820843065 0.0500078402954702 0.0448477882646047 0.0490458104194008 0.0374382341864486 0.0638037164435354 0.0616979804765369 0.0606491436689221 0.0636797748663426 0.081378099154355 0.0926369820895539 0.0737013396075739 0.0759008584901484 0.0683576880126767 0.0293898412181312 0.0151046503508353 0.0969705303278344 0.104142122043782 0.0604862226706773 0.0191152040376258 0.0542963418513674 0.0647022382181711 0.0239070713520865 0.0192423432255201 0.0174230188888603 0.0240060947963122 0.00399080903855225 0 0 0 0 0 0 0 0 0 0 0 0 0 0 0 0 0 0 0 0 0 0 0 0 0 0 0 0 0 0
0.0472501811979398 0.0479352453769928 0.035165733939112 0.039796595063873 0.0385352845408914 0.0457382442712208 0.0512922959172797 0.0467111104946676 0.0603629233486254 0.0639493922079967 0.0821677860126123 0.0982788382123771 0.103228937720929 0.120792682226914 0.11642812126433 0.124154354954465 0.119249780403402 0.0684994419212776 0.0291483840314055 0.120127387890949 0.110780327697704 0.0767008692581707 0.0405674105529899 0.0323191498345715 0.0239550713832427 0.0133777458457024 0.0181351995582378 0.0231590559204719 0.0164454638612598 0.00127866817276636 0 0 0 0 0 0 0 0 0 0 0 0 0 0 0 0 0 0 0 0 0 0 0 0 0 0 0 0 0 0
0.072383172423368 0.0721443969934807 0.0893125669926772 0.08525783947557 0.0629461281853805 0.0683025223955734 0.0790874756967922 0.0798249212485877 0.0870804844079583 0.106123670463533 0.127653962222279 0.123391519827099 0.126483841680555 0.163465370969302 0.170255387974032 0.151863209493788 0.142041980529011 0.0683429298094388 0.0102218023004759 0.0424534713480416 0.109587987861105 0.09858213295392 0.0372233417655512 0.0131769317941438 0.00572351177526973 0.0129647886010371 0.0252592029012441 0.0270483002512721 0.00774967429465354 1.00431766907777e-05 0 0 0 0 0 0 0 0 0 0 0 0 0 0 0 0 0 0 0 0 0 0 0 0 0 0 0 0 0 0
0.0832072281306658 0.0860052331495482 0.121480865442902 0.113892450140504 0.128892640084045 0.165486629887767 0.148693926343447 0.115845800826569 0.109994412380274 0.158552720401467 0.160388066954142 0.176949845612796 0.20368929117443 0.221216447634889 0.205873887873731 0.176593284689567 0.152350790465763 0.0430415413358142 0.0162081932898276 0.0116955284625614 0.0458441924557158 0.084084425668123 0.014496950586256 0.00648390727256926 0.00187372236492281 0.0114887906322032 0.0235219351994626 0.0224819721031697 0.0027959832389856 0 0 0 0 0 0 0 0 0 0 0 0 0 0 0 0 0 0 0 0 0 0 0 0 0 0 0 0 0 0 0
0.0673475299960481 0.0801305800356493 0.128987570859873 0.129873595989267 0.160926727707324 0.149788383763571 0.137811090625753 0.127276767144523 0.141933945015308 0.197205165261813 0.179160296497769 0.165246563115096 0.205593413687195 0.194261286335926 0.209238853867005 0.168211117190519 0.115685838301473 0.0471188571028772 0.0327799918119302 0.0262321664878373 0.0645205961658188 0.00752951401510038 0.000159657864921514 0.00567456843187531 0.00700284430204904 0.0131042279997551 0.0294785475850933 0.012663311304893 0.00034170549029245 0 0 0 0 0 0 0 0 0 0 0 0 0 0 0 0 0 0 0 0 0 0 0 0 0 0 0 0 0 0 0
0.0917989006231788 0.115891551256606 0.152258702010559 0.12201043896909 0.141467449142958 0.130730118377188 0.123526243091658 0.104216282015052 0.142706304649763 0.17170268943657 0.17685309739157 0.196914852273119 0.200513366832633 0.179704395922144 0.170541082191713 0.139778933047498 0.0933948431558286 0.051922091991707 0.0251962721461871 0.00711159338512734 1.72336755797745e-05 0.000478069222446981 6.84384718806351e-05 0.00377472135692387 0.00732769302363335 0.0149757500856796 0.0225239168298724 0.00539405325033028 0 0 0 0 0 0 0 0 0 0 0 0 0 0 0 0 0 0 0 0 0 0 0 0 0 0 0 0 0 0 0 0
0.101440776423606 0.143800324789791 0.166058455603225 0.156105427684531 0.124500284505362 0.0971835882220793 0.10828605470046 0.123409448311033 0.192698050987952 0.169612230942923 0.195531052079513 0.205234803013516 0.207180193835335 0.230865442901878 0.155724447400944 0.117695809927461 0.0701067264064158 0.0350718485360136 0.00550482219166424 2.16396615452271e-05 0 0 0 0.00309155234297408 0.0125149905082889 0.0171435473719193 0.0127996248341752 0.000845931903839647 0 0 0 0 0 0 0 0 0 0 0 0 0 0 0 0 0 0 0 0 0 0 0 0 0 0 0 0 0 0 0 0
0.127174798892151 0.152971003956838 0.17226048119395 0.170589989237444 0.136375185775716 0.0908968396127666 0.133370155961412 0.135611366768134 0.180974284650758 0.188788356980166 0.170096409329152 0.181168355023337 0.192323274615726 0.17716709183046 0.111726280697746 0.0751206619764732 0.0449210497619283 0.0148692177223064 0.00246498419847378 0 0 0 0 0.00450236355016231 0.0160965109284495 0.0167299555586772 0.0027324275235571 4.06729970227538e-07 0 0 0 0 0 0 0 0 0 0 0 0 0 0 0 0 0 0 0 0 0 0 0 0 0 0 0 0 0 0 0 0
0.158623915067087 0.169725486487772 0.183249166024867 0.160043230603485 0.144680241662845 0.159126445552342 0.187013423405745 0.128076374794957 0.101631717510499 0.168492998872364 0.169112816078352 0.162882640581451 0.133215673102519 0.116418979377324 0.0590892152516738 0.0284093687123905 0.0161005779749668 0.00434798147066588 0.00136863470922377 0 0 0 0.000154493241093083 0.00715358679340319 0.0188812967650565 0.00817740938599862 0.00014485734554635 0 0 0 0 0 0 0 0 0 0 0 0 0 0 0 0 0 0 0 0 0 0 0 0 0 0 0 0 0 0 0 0 0
0.186632730087221 0.154260829924826 0.160118579430016 0.180191621604042 0.200281253091707 0.199999344079856 0.0741228502900534 0.065228204183568 0.109006405333505 0.14223751305691 0.143146003451233 0.131343075751671 0.0823091573011291 0.0494454502645818 0.0255104442301165 0.0167565579032638 0.0111905852502144 0.0031751986020292 0.000399173126611787 0 0.000368788965756049 0.00142257047605727 0.00331916047619256 0.016348732721287 0.014790606376309 0.00127967436536993 0 0 0 0 0 0 0 0 0 0 0 0 0 0 0 0 0 0 0 0 0 0 0 0 0 0 0 0 0 0 0 0 0 0
0.186466563650764 0.105203578481665 0.155254521612842 0.189275732977096 0.165208929696839 0.0909168520096573 0.0687064735492003 0.104173852180743 0.110330448469 0.0969485501705119 0.0672226796961559 0.0461241883671469 0.0275086195422661 0.0158712877652855 0.0137248480246692 0.0148111790383227 0.0041410882008985 0.0008659539089356 0 0 0.00221600698978568 0.008345148151863 0.0169296729937453 0.0215828832309096 0.00589961651218836 7.47104680516329e-06 0 0 0 0 0 0 0 0 0 0 0 0 0 0 0 0 0 0 0 0 0 0 0 0 0 0 0 0 0 0 0 0 0 0
