layers/sqAlbers.asc
NCOLS 638 
NROWS 825 
XLLCORNER -2985163.8955 
YLLCORNER -3022031.214 
CELLSIZE 10000 
NODATA_value -9999 
[rows 276 to 321 of 825, columns 96 to 191 of 638]
0 0 0 0 0 0.0742362182505154 2.22875137646507 4.24651991329479 5 5 5 5 5 5 5.00862920600464 5.73653002997168 5.85837128582682 5.64123965688787 5.51058031952585 6 6 6 6 5.99624958311677 5.58550289636508 4 4 4 4 4 4.79704533881871 5 5 5 5 5 5 5 4.29731554900681 4 4 4 4 4 4 4.5024152378588 5 5 5 5 5 5 5 5 5 5.65612497131034 6 6 5.38843406542737 5.30271405040913 4 4 4 4 4 4 4 4 4 4 4 4 4 4 4 5 5 5 5 5 5 5 5 5 5.57397390234724 5 5 5 5 5.66372258597964 5.19842125609123 5 5.76505155717567 5 5 5
0 0 0 0 0 0 0.0112511569423084 4.11247994260152 5 5 5 5 5 5 5.59144872936872 5.99909089020814 6 6 6 6 6 6 6 6 5.99859042517482 4.86901729706788 4.0959126371756 4.21063497784931 4.32470695159578 4.19049777310982 4.30468547897805 4.33697985344621 4.22550987108487 5 5 5 5 5 4.41052506784917 4 4 4 4 4 4.01709754113185 4.49356461697646 5 5 5 5 5 5 5 5 5 5.46649655360774 5.91633082389187 6 6 5.42947715667912 4 4 4 4 4 4 4 4 4 4 4 4 4 4 4 4.04418953460117 4.03121872829462 5 5 5 5 5 5 5 5.32274284074367 5 5 5 5 5 5 5 5 5 5 5
0 0 0 0 0 0 0 3.91310450408445 5 5 5 5 5 5 5.20944614935487 5.88741959555967 6 6 6 6 6 6 6 6 6 6 5 5 5 4.77386546027692 4.26661946191965 4 4.65332421440664 4.99413765449104 5 5 5 5 4.52387355599916 4 4.49304641233745 4.14290816167856 4 4 4.16933183728311 5 5 5 5 5 5 5 5 5 5 5 5.57007292551683 6 6 4.52902268493606 4 4 4 4 4 4 4 4 4 4 4 4 4 4 4 4 4.08510566683931 5 5 5 5 5 5 5 5 5 5 5 5 5 5 5 5 5 5 5
0 0 0 0 0 0 0 3.37563265767036 3.99510807331196 5 5 5 5 5 5 5.73779593382282 5.99686791063609 6 6 5.92781477124619 5.64930942166469 6 6 6 6 5.92255212670682 5.01326440154497 5 5 5 4.55922202031803 4 4.67038349822392 5 5 5 5 5 4.83281186545914 4.33685273279442 4.59451500462209 4.89903640886342 4.1666451918667 4 4.2206974554654 5 5 5 5 5 5 5 5 5 5 5 5.29780835004935 5.81004199269518 5.60876484504007 4.23797297240212 4 4 4 4 4 4 4 4 4 4 4 4 4 4 4 4 4.85620273295304 5 5 5 5 5 5 5 5 5 5 4.99740376694778 4.93870701590053 5 5 5 5 5 5 5
0 0 0 0 0 0 0 0.132734472050194 3.28485843543531 4.93321740882238 5 5 5 5 5 5.02898550001624 5.66810099290343 5.9677243910696 6 5.93791309913355 5.17584037799748 6 6 6 6 5.25309329374173 5 5 5 5 4.67826941891517 4 4.55268957198874 4.98398306359596 5 5 5 5 5 4.8903602014853 4.89977620213071 5 4.29626313223695 4.02028570943811 4.95036395507038 5 5 5 5 5 5 5 5 5 5 5.08043098879345 5.26528113169678 5.48637428517071 5.39457920207618 4.27540941326073 4 4 4 4 4 4 4 4 4 4 4 4 4 4 4 4 4.61425395082621 4.96881223092778 5 4.94093982051861 4.47432448848631 4.62220607185651 5 5 5 5 5 4.83030548668769 4.23039592625811 5 5 5 5 5 5 5
0 0 0 0 0 0 0 0 2.382669585495 4.38417982384173 4.96633375761128 5 5 5 5 5 5 5.7070711009292 6 5.54208618980409 5.0498875892996 6 6 6 5.9592676544337 5.3019823796093 5 5 5 5 4.79746306973643 4 4.00393410295222 4.55122580911654 5 5 5 5 5 5 5 5 5 4.27723678296094 4.84067790243588 5 5 5 5 5 5 5 5 5 5 5.09115242591704 5.38637915533906 5.1662054236865 5.16643655860806 4.37485487482913 4 4 4 4 4 4 4 4 4 4 4 4 4 4 4 4 4 4.5315998635176 4.58069122012358 4.47633311531369 4.09818538533209 4.75920447024325 5 5 5 5 4.09054716915628 4 4.15088859886152 5 5 5 5 5 5 5
0 0 0 0 0 0 0 0 0 2.66537501174654 4.77985345035715 5 5 5 5 5 5 5.57893898682726 6 5.19132286525884 5 6 6 6 5.61426668417844 5 5 5 5 5 4.91680324143074 4 4 4.36661209220521 4.88085076875064 5 5 5 5 5 5 5 5 4.52793215676795 4.8204212872156 5 5 5 5 5 5 5 5 5 5 5 5 5 5 4.9009401229875 4.90488456845683 4.23241614887523 4.010047387909 4 4 4 4 4 4 4 4 4 4 4 4 4 4 4 4 4.53309851939317 4.66565871203797 5 5 4.60458948894977 4.05034691671864 4 4 4 4.07128291260046 5 5 5 5 5 5 5
0 0 0 0 0 0 0 0 0 1.35451479718575 3.95431823229952 5 5 5 5 5 5 5.45064954750695 6 5.31826117373079 5 5.15255534181415 6 6 5.73782218911303 5 5 5 5 5 5 4 4 4 4.29608346347158 4.80840306610859 5 5 5 5 5 5 5 5 5 5 5 5 5 5 5 5 5 5 5 5 4.9636366389363 4.32360737006592 4.22891219447571 4.5033166463267 5 5 4.20970268309993 4 4 4 4 4 4 4 4 4 4 4 4 4 4 4 4 4.87513610291445 5 5 4.79113663067346 4.04649173735298 4 4 4 4 4 4.61740741881207 4.54362613538044 4.66404955302045 5 5 4.44846851066072 4.18453432291275
0 0 0 0 0 0 0 0 0 0 1.17633304794679 3.76104662783508 5 5 5 5 5 5.19144859082112 5.47338676419694 5.15731613410244 5 5 5.90447766165829 6 5.86152963944379 5 5 4.71323472499551 4.72625942119681 5 5 4.03637516153181 4 4 4 4.43613932902619 5 5 5 5 5 5 5 5 5 5 5 5 5 5 5 5 5 5 5 5 5 4 4 4.02661285796175 4.44281982343879 4.95506582358985 4.30745496445094 4 4 4 4 4 4 4 4 4 4 4 4 4 4 4 4 4.26627529566543 4.25709487677443 5 4.8376000965091 4 4 4 4 4 4 4 4 4.11986588788757 4.34398131505124 4.27214190212549 4.0673784492364 4
0 0 0 0 0 0 0 0 0 0 0 2.48015443581536 5 5 5 5 5 5 5 5 5 5 5.77926077035339 6 5.70002058017699 5 4.86932747587766 4.22946681858475 4.12139690183835 4.65909031395002 4.2920158983864 4 4 4 4.08476768437066 4.68218951982735 5 5 5 5 5 5 5 5 5 5 5 5 5 5 5 5 5 5 5 5 5 4.01894095571288 4 4 4 4.47170384587517 4.55378976681512 4.09628191606568 4 4 4 4 4 4 4 4 4 4 4 4 4 4 4 4 4 4.11813819964635 4.04137364729091 4 4 4 4 4 4 4 4 4 4 4 4 4
0 0 0 0 0 0 0 0 0 0 0 0.418017872836449 2.24373052028872 4.5964379220105 5 5 5 5 5 5 5 5 5.69075869201477 5.82693018277624 5.07208518357413 5 4.87208159364086 4 4 4.0406839084576 4 4 4 4 4.04368108161576 4.53418427574478 5 5 5 5 5 5 5 5 5 5 5 5 5 5.00537867846519 5 5 5 5 5 5 5 4.12037884621203 4 4 4 4.29464134411323 4.84785400753695 4.37954373814883 4 4 4 4 4 4 4 4 4 4 4 4 4 4 4 4 4 4 4 4 4 4 4 4 4 4 4 4 4 4 4 4
0 0 0 0 0 0 0 0 0 0 0 0 1.38972221926026 4.2837727824627 4.91939799056356 5 5 5 5 5.13806770521878 5.92035042065696 6 5.91673260639889 5.25560710797976 5 5 4.99488495658585 4 4 4 4 4 4 4 4.50832997296292 4.66763877593194 5 5 5 5 5 5 5 5 5 5 5.33979630953967 5.90309707220019 5.99556567455347 5.18628607253305 5 5 5 5 5 5 5 4.22194222367928 4 4 4 4 4.39856222271052 4.7102942886638 4.18922252947044 4 4 4 4 4 4 4 4 4 4 4 4 4 4 4 4 4 4 4 4 4 4 4 4 4 4 4 4 4 4 4
0 0 0 0 0 0 0 0 0 0 0 0 0.00370538762047641 1.1723476341553 3.80704031812695 4.8423375017022 5 5 5 5.00664425524032 5.18812242936828 5.91002052402501 5.47288917424761 5 5 5 5 4.00190481303787 4.79350684844812 4.01389920842814 4 4.11829307432804 4.14020080494941 4 4.35849103468692 4.97922792437299 5 5 5 5 5 5 5 5 5 5 5.04641995506037 5.04539375831751 5.03141505639811 5.04941413051039 5 5 5 5 5 5 5 4.32363132047933 4 4 4 4 4.30032521479338 5 4.44923407069811 4 4 4 4 4 4 4 4 4 4 4 4 4 4 4 4 4 4 4 4 4 4 4 4 4 4 4 4 4 4 4
0 0 0 0 0 0 0 0 0 0 0 0 0 0 1.27977982364253 4.25618520139426 4.76200716707157 5 5 5 5 5 5 5 5 5 5 4.12001304550706 4.99995196742637 4.88612882334028 4.18211287059558 4.444635897272 4.30454756243679 4.31510490856517 4.1691650624453 4.22338486880112 4.15270234034221 4.13731753627359 4.95023512467169 5 5 5 5.34799283262914 5.59364841450591 5.69765807325046 5 5 5 5.40466037246723 5.45484354503989 5.09193780865638 5 5 5 5 5 5 4.42544636954934 4 4 4 4 4.2019664633208 5 4.54620871130581 4 4 4 4 4 4 4 4 4 4 4 4 4 4 4 4 4 4 4 4 4 4 4 4 4 4 4 4 4 4 4
0 0 0 0 0 0 0 0 0 0 0 0 0 0 0.754018273471999 4 4.42813679991113 5 5 5 5 5 5 5 5 5 5 4.91736025760447 4.12554739125651 4.99986893581093 4.79623165400473 4.83925257750163 4.28880820844893 4.49026491977943 4.80299935051898 4.20837876750874 4 4 4.09300417230174 4.82897372922457 5 4.79345719219449 5.0597267482634 5.82172093376207 6 5.85597835159122 5 5 5 5.34824705886354 5.25982128361592 5 5 5 5 5 5 4.52738760440067 4 4 4 4 4.56012012207534 4.86176030094027 4.19818446342615 4 4 4 4 4 4 4 4 4.24154433052574 4.2093499430365 4 4 4 4 4 4 4 4 4 4 4 4 4 4 4 4 4 4 4 4 4
0 0 0 0 0 0 0 0 0 0 0 0 0 0 0.138245356334569 2.39468321614441 4.55576406765406 4.55836495538149 5 5 5 5 5 5 5 5 5 5 5 5 4.28411493978926 5 4.8774616514955 4.76000169900218 5 4.38151035932921 4 4 4 4.35480702468269 5 4.63754037971737 4.19966507805742 4.49202677724915 5.57880705467728 6 6 5 4.95062650927129 4.80272696935379 5 5 5 5 5 5 5 4.5714144938191 4 4 4 4 5 4.86787890091973 4 4 4 4 4 4 4 4 4.12641109260106 4.72458308611618 4.7932351928745 4.70059277424845 4.78372697240012 4.86620606090248 4.89607039818532 4 4 4 4 4 4 4 4 4 4 4 4 4 4 4 4 4
0 0 0 0 0 0 0 0 0 0 0 0 0 0 0 0.205069518341382 4.26052435309047 4.28891709832478 5 5 5 5 5 5 5 5 5 5 5 5 5 5 5 5 5 4.94405367460169 4.3737032247956 4 4 4.67774915167927 4.57152893583027 4.34946916181882 4 4 4.1890443427554 5.52531563039028 5.99320098142903 5.15681919124344 4.90484188515757 4.52251692286806 5 5 5 5 5 4.98658455849133 4 4 4 4 4 4 4.90615748602971 4.28735632869186 4 4 4 4 4 4 4 4 4.09579379838051 4.41677033043868 4.33230009830524 4.24848506731354 4.16532528464236 4.85100455714692 5 4.15266268057987 4.16076043042981 4.15476204851484 4 4 4 4 4 4 4 4 4 4 4 4 4 4
0 0 0 0 0 0 0 0 0 0 0 0 0 0 0 2.24500313730338 4 4.15903841426496 5 5 5 5 5 5 5 5 5 5 5 5 4.71005571644913 4.94320745035296 5 5 5 5 4.53853911848067 4.05707553709275 4 4 4 4 4 4 4 4.63885487495768 5.58139600076914 5.77089227462394 5.30239201865004 5 5 5 4.62620873034396 4.72206444851487 5 4.09034248800803 4 4 4 4 4 4 4.2736255089294 4.01583832153594 4 4 4 4 4 4 4 4 4 4 4 4 4 4.02410792877772 4.885511219138 5.8603937769357 5 4.80776503330272 4.22160984693124 4 4 4 4 4 4 4 4 4 4 4 4 4
0 0 0 0 0 0 0 0 0 0 0 0 0 0 0 1.06013700697018 0.863119655920943 0.483735034746075 4.05978086414754 5 5 5 5 5 5 5 5 5 5 5 4.63546862082325 4.8923334038105 5 5 5.12304791263389 5.98683299380665 5.64608302762749 4.68752308667381 4.11162457607468 4 4 4 4 4 4 4.02719675350234 4.05298429963983 4.78372352859178 5.91111198691557 5.44115548184819 5 5 4.8977247179483 4.93517467559588 5 5 4.06499195115617 4 4 4 4 4 4 4 4 4 4 4 4 4 4 4 4 4 4 4 4 4.6606504478144 5 4.83270228004186 4.73813676277836 4.72163330348259 4.81643545185452 4.27548925087585 4 4 4 4 4 4 4 4 4 4 4 4
0 0 0 0 0 0 0 0 0 0 0 0 0 0 0 0 0 0 0.103721943733143 4.13534514476793 4.76958134923341 5 5 5 5 5 5 5 5 5 5 5 5 5 5.02182784441464 6 6 5.70075647515914 5.02516833184009 4.93871980938067 4.25180353132825 4 4 4 4 4.46047459812861 4.65706849728572 4.56774362672533 5.39514255660351 5.96468995579503 5.57253815771507 5 5 5 4.99711562179278 4.90011641350864 4.13524530758043 4 4 4 4 4 4 4 4 4 4 4 4 4 4 4 4 4 4 4 4 4.53307271632132 4.84996199051032 4.12631001746585 4 4.06066820025603 4.6381160321619 4.83601421514636 4.31598883025123 4 4 4 4 4 4 4 4 4 4 4
0 0 0 0 0 0 0 0 0 0 0 0 0 0 0 0 0 0 0 0.0689601228150462 4.09029437022882 4.6459131730986 5 5 5 5 5 5 5 5 5 5 5 5 5 6 6 6 6 6 5.0827315829242 4.15000091760918 4 4 4.03742276441527 4.56895309605686 5.53178046633567 4.78980393268008 4.83315510098042 5.82223299936662 6 5.69597483754804 5 4.67631669922192 4 4.08912848944675 4.24529416290941 4.04832097902134 4 4.53048744309044 4.4688300803002 4 4 4 4 4 4 4 4 4 4 4 4 4 4 4 4 4 4 4 4 4 4.07029704772045 4.56811644075975 5.14669429143407 5.09771207120324 4.26663200591326 4 4 4 4 4 4 4 4 4
0 0 0 0 0 0 0 0 0 0 0 0 0 0 0 0 0 0 0 0 2.37757321376877 4.13890782761187 5 5 5 5 5 5 5 5 5 5 5 5 5.01715537255345 5.92361081344957 6 6 6 6 5.81937164304359 5.62886291235521 5.05334728964784 4.06112204898009 5.02678473922657 4.35500949368018 5.32541689654581 5.72842548414646 5.50445145445306 5.88708909874392 6 6 5 4.76640150343459 4.03659338279553 4.59421989984001 5 4.53899766209389 4.48487583021821 5 4.85177718169836 4 4 4 4 4 4.20806760835957 4 4 4 4 4 4 4 4 4 4 4 4 4 4 4 4 4.0684689895073 4.60179355895368 5.10498352036483 4.92912947873353 4.95733958917375 4.16748269168645 4.10750797361643 4 4 4 4 4 4
0 0 0 0 0 0 0 0 0 0 0 0 0 0 0 0 0 0 0 0 0 4.01097601106016 5 5 5 5 5 5 5 5 5 5 5 5 5.61911680559988 5.82024669002747 5.97749349341879 6 6 6 6 6 5.30394533217659 4.18104507015347 5.63907060579265 5.24561835031574 5.48851852233081 6 6 6 6 6 5.95291032150457 4.87215202966014 4.25881841940044 5.09592309686698 5.34244275371744 5.15227734378693 5 5 4.98681650713901 4.66875505404258 4 4 4.09032776472888 4.30890324891071 5.15437230241695 4.38693235484459 4 4 4 4 4 4 4 4 4 4 4 4 4 4 4 4 4.05477870890129 4.14624076255116 4.54804381300841 5.64681010195242 5.28026058392994 5.15682108889549 4.44936075654806 4.24672921824555 4 4 4 4
0 0 0 0 0 0 0 0 0 0 0 0 0 0 0 0 0 0 0 0 0 4.08295506509127 5 4.88191529634744 4.28005757368341 5 5 5 5 5 5 5 5 5 5 5 5.53359851682297 5.97049648210449 6 6 6 6 5.98856512446901 4.63547421029823 4.02978231187323 5.66131300063973 6 6 6 6 6 6 5.9993488284695 4.98021249506734 4.32031877230606 5.28543437723632 6 5.71778283557941 5.18514093009004 5 5 4.92106066830463 4 4.39188502650392 5.13865402055033 5.55981921667501 5.44355832968431 4.66442201692083 4 4 4 4 4 4 4 4 4 4 4 4 4 4 4 4 4 4 4.00887674897891 5.10272747066997 5.86898792684352 5.79418353627062 5.99281892307564 5.24315757505603 4.42628595083292 4.49846107019316 4.27431674464097 4
0 0 0 0 0 0 0 0 0 0 0 0 0 0 0 0 0 0 0 0 0 3.77317981423509 5 4.10035475000381 4.97807801203985 5 5 5 5 5 5 5 5 5 5 5 5 5.41421464867153 5.96800970679558 6 6 6 6 5.40031467679263 4.26930741142196 4.56815205465353 5.54930579642581 6 6 6 6 6 5.21628424817864 5.13449329375121 4.98817898069217 4.8390225076732 5.6990889342929 6 5.78534105352921 5.72385065740111 4.43535172425634 4.08905753423248 4.11853656692428 5.31743213768583 6 5.62934057577974 4.48297937856171 4 4 4 4 4 4 4 4 4 4 4 4 4 4 4 4 4 4 4 4 4.43447329921817 4.82033278335329 4.74550382395667 5.27174239622991 5.59175180109415 5.4750381517078 5.54723702675876 5.1772178093106 4.68966183660165
0 0 0 0 0 0 0 0 0 0 0 0 0 0 0 0 0 0 0 0 0 3.58037001641783 5.20516575440355 4.9596405052522 4.01192273839746 5 5 5 5 5 5 5 5 5 5 5 5 5 5.83016084104732 6 6 6 6 5.6008918343977 4.84151824068598 4.77571585563035 5.43091811256434 6 6 6 6 6 5.25836225248577 5.61562096861171 5.04044452143203 4.07607259725609 5.20940294509072 6 6 6 5.7995499741598 5.91707966598141 6 6 6 5.86509923248771 4.71374084350755 4 4 4 4 4 4 4 4 4 4 4 4 4 4 4 4 4 4 4 4 4 4 4 4 4.52282482041515 4.99967865435643 5.40429990258671 5.21151971258742 5
0 0 0 0 0 0 0 0 0 0 0 0 0 0 0 0 0 0 0 0 0 0.70683813280959 3.95066379576144 5.24355864088328 4.21888592267049 5 5 5 5 5 5 5 5 5 5 5 5 5 5.71339908492226 6 6 6 6 6 6 6 6 6 5.97277572692407 5.29999158451102 6 6 4.94153571048917 4.60533914203486 4.66091313984078 4.01623689668068 5.10522743015047 6 6 6 6 6 6 6 5.94870101469813 5.31036423322627 4.29432234022941 4 4 4 4 4 4 4 4 4 4 4 4 4 4 4 4 4 4 4 4 4 4 4 4 4 4.00441554296934 4.35614764335222 4.28455878327495 4.21362801278292
0 0 0 0 0 0 0 0 0 0 0 0 0 0 0 0 0 0 0 0 0 0 0.216234590230631 2.99891841002673 4.80278564710476 5 5 5 5 5 5 5 5 5 5 5 5 5 5.15469623095883 5.76998073850457 6 5.99963372474365 6 6 6 6 6 6 6 5.84253549423497 5.20233434011294 5.93946999885202 5.6248582752466 4.51888773848666 4 4 5.00092177903582 6 6 6 6 6 6 6 5.58781157766229 4.45323565388374 4 4 4 4 4 4 4 4 4 4 4 4 4 4 4 4 4 4 4 4 4 4 4 4 4 4 4 4 4 4
0 0 0 0 0 0 0 0 0 0 0 0 0 0 0 0 0 0 0 0 0 0 0 0 2.49980298673883 4.61378041059933 5 5 5 5 5 5 5 5 5 5 5 5 5 5.06472960250411 5 5.78426289480553 5.9972973947126 5.72778232230792 6 6 6 6 6 6 5.91728759852513 5.29688511151004 5.76426574552264 5.01255481004951 4.16177778119023 4 4.89648574843403 6 6 6 6 6 6 6 4.64564857265482 4 4 4 4 4 4 4 4 4 4 4 4 4 4 4 4 4 4 4 4 4 4 4 4 4 4 4 4 4 4 4
0 0 0 0 0 0 0 0 0 0 0 0 0 0 0 0 0 0 0 0 0 0 0 0 0 2.00253113127979 4.43595684089073 5 5 5 5 5 5 5 5 5 5 5 5 5 5 5 5.89824644155595 5.02071824435797 5.60924822277508 6 6 6 6 6 6 5.90799929487632 5.21186239369835 5 4.72887964492497 4.19816697602514 4.25947126966492 5.15984051036718 6 6 6 6 6 5.75257522832112 4.18039321356082 4 4 4 4 4 4 4 4 4 4 4.15453724724063 4.4674793001833 4.17623110563785 4 4 4 4 4 4 4 4 4 4 4 4 4 4 4 4 4 4
0 0 0 0 0 0 0 0 0 0 0 0 0 0 0 0 0 0 0 0 0 0 0 0 0 0 3.21378998730911 5 5 5 5 5 5 5 5 5 5 5 5 5 5 5 5.78370423480622 5.08123305062367 5.02619673698089 5.49856572946778 6 6 6 6 6 6 5.90542829298629 5.30810019690759 5 4.44962431519641 4 4.15308990176142 5.05167533499243 5.99608058244398 6 6 6 5.35123470086571 4.21336424711917 4 4 4 4 4 4 4 4.15721426617524 4.26136841415631 4.34622316038054 4.60768038921844 5 4.76216302031332 4.679062137598 4.76062661836533 4 4 4 4 4 4 4 4 4 4 4 4 4 4 4 4
0 0 0 0 0 0 0 0 0 0 0 0 0 0 0 0 0 0 0 0 0 0 0 0 0 0 1.09425799622451 3.78924060260704 5 5 5 5 5 5 5 5 5 5 5 5 5 5 5.43491306155425 5.10635719099994 5 5.07674102595877 6 6 6 6 6 6 6 5.82986428559092 5 4.85189851578483 4.76378999678382 4.24069383403603 4.03838148205611 4.94603080862022 6 6 5.728857932989 4.83811561598565 4.15192614541024 4 4 4 4 4 4 4.08970050082366 4.84476481849174 5 5 5 5 5 5 5 4.89667954152209 4 4 4 4 4 4 4 4 4 4 4 4 4 4 4
0 0 0 0 0 0 0 0 0 0 0 0 0 0 0 0 0 0 0 0 0 0 0 0 0 0 0 2.62447418134557 4.43863327356035 4.0338267229167 4.92802755822492 5 5 5 5 5 5 5 5 5 5 5 5 5 5 5 5.18805962531741 5.30302476111273 6 6 6 6 6 5.93694325231462 5 5 5 4.94158678872493 4.24565678376167 4 5.81652956691069 5.95170465781088 5.12118367087872 4 4 4 4 4 4 4.00500269138418 4 4.56660906034441 5 5 5 5 5 5 5 5 5 5 4 4 4 4 4 4 4 4 4 4 4 4 4 4
0 0 0 0 0 0 0 0 0 0 0 0 0 0 0 0 0 0 0 0 0 0 0 0 0 0 0 0.438381764520892 2.8587972602099 4.31380230363845 4.80462732912382 5 5 5 5 5 5 5 5 5 5 5 5 5 5 5 5 5.12650207737727 5.98379259739924 5.83730884352254 5.87897228211411 6 6 6 5 5 5 5 4.3790074174188 4.02948472960433 4.71147086858919 5.29739825836733 4.45812818415451 4 4.29550400131375 4.69549176951432 4.78570069615246 4.87525149283779 4.96414410256103 4.81940751660676 4.13995453487866 4.5919105840959 5 5 5 5 5 5 5 5 5 5 4.13949994342805 4.18106405469794 4 4 4 4 4 4 4 4 4 4 4 4
0 0 0 0 0 0 0 0 0 0 0 0 0 0 0 0 0 0 0 0 0 0 0 0 0 0 0 0 0.124253605162488 2.18055300857476 4.68107278325634 5 5 5 5 5 5 5 5 5 5 5 5 5 5 5 5 5.01485913851997 5.75703928187416 5 5.43108640887933 6 6 6 5.70793699558567 5 5 5 5 4.44027217855193 4.2793624230531 4.37289344979297 4.05025848001769 4.55798130523918 4.78593478524346 5 5 5 5 5 5 5 5 5 5 5 5 5 5 5 5 5 5 4.9371661066264 4.34237022686426 4.42009252604943 4.24121340800998 4 4 4 4 4 4 4 4 4
0 0 0 0 0 0 0 0 0 0 0 0 0 0 0 0 0 0 0 0 0 0 0 0 0 0 0 0 0 1.72381316799048 4.76852732835626 4.87401444100888 4.92617911495257 5 5 5 5 5 5 5 5 5 5 5 5 5 5 5 5 5 5.32147950156112 6 6 6 6 5.8280690367216 5 5 5 5 5 5 4.51365226407971 5 5 5 5 5 5 5 5 5 5 5 5 5 5 5 5 5 5 5 5 5 5 5 4.80285532157831 4.26306240138685 4 4 4 4 4 4 4 4
0 0 0 0 0 0 0 0 0 0 0 0 0 0 0 0 0 0 0 0 0 0 0 0 0 0 0 0 0 1.27304578342998 4.71326466240773 5.06790611030692 4.50823734085234 4.90905527978581 5 5 5 5 5 5 5 5 5 5 5 5 5 5 5 5 5.12791482485304 5.6786346199269 6 6 6 6 5 5 5 5 5 5 5 5 5 5 5 5 5 5 5 5 5 5 5 5 5 5 5 5 5 5 5 5 5 5 5 4.50844342064877 4.47075166538225 4.17806554364876 4 4 4 4 4 4
0 0 0 0 0 0 0 0 0 0 0 0 0 0 0 0 0 0 0 0 0 0 0 0 0 0 0 0 0 0 1.30523134174796 4.19214027649165 4.72054835822479 4.89951059676761 5 5 5 5 5 5 5 5 5 5 5 5 5 5 5 5 5 5.24297937848725 6 6 6 6 5.96916949850112 5 5 5 5 5 5 5 5 5 5 5 5 5 5 5 5 5 5 5 5 5 5 5 5 5 5 5 5 5 5 4.88106569859727 4.90377220985109 4.90176463790741 4.93405343319254 4.00882141329703 4 4 4 4
0 0 0 0 0 0 0 0 0 0 0 0 0 0 0 0 0 0 0 0 0 0 0 0 0 0 0 0 0 0 0 0.886725821471272 3.48176274873031 5 5 5 5 5 5 5 5 5 5 5 5 5 5 5 5 5 5 5.13366946882844 5.81186656744233 5.21854592393039 5.12027289953188 5.02265832588846 5 5 5 5 5 5 5 5 5 5 5.0021142762471 5.09733461049841 5.18638366847913 5.07984961410824 5 5 5 5 5 5 5 5 5 5 5 5 5 5 5 5 5 5 5 5 5 4.08951515314243 4.11844826224531 4 4 4
0 0 0 0 0 0 0 0 0 0 0 0 0 0 0 0 0 0 0 0 0 0 0 0 0 0 0 0 0 0 0 0 0.667044715126702 3.12858449052896 5 5 5 5 5 5 5 5 5 5 5 5 5 5 5 5 5 5.00906065320805 5.2286344265894 5 5 5 5 5 5 5 5 5 5 5 5 5 5.17848883226396 6 6 5.58230271485348 5.406140116241 5.49324235389823 5 5 5 5 5 5 5 5 5 5 5 5 5 5 5 5 5 5 5 4.25052129668309 4.98103926071268 4 4 4
0 0 0 0 0 0 0 0 0 0 0 0 0 0 0 0 0 0 0 0 0 0 0 0 0 0 0 0 0 0 0 0 0 1.78952403689219 5 5 5 5 5 5 5 5 5 5 5 5 5 5 5 5 5 5 5 5 5 5 5 5 5 5 5 5 5 5 5 5 5.07210586174874 5.85729591987108 6 6 6 6 5.04636334716884 5 5 5 5 5 5 5 5 5 5 5 5 5 5 5 5 5 5 5 5 4.27353471742619 4 4
0 0 0 0 0 0 0 0 0 0 0 0 0 0 0 0 0 0 0 0 0 0 0 0 0 0 0 0 0 0 0 0 0 0.987696362126088 3.73951185821124 4.04972594424055 5 5 5 5 5 5 5 5 5 5 5 5 5 5 5 5 5 5 5 5 5 5 5 5 5 5 5 5 5 5 5 5.09792926578436 5.6837554783748 5.76494706232388 6 6 5.14105212600425 5.75207136294885 5.70941627336349 5 5 5 5 5 5 5 5 5 5 5 5 5 5 5 5 5 5 5 4 4
0 0 0 0 0 0 0 0 0 0 0 0 0 0 0 0 0 0 0 0 0 0 0 0 0 0 0 0 0 0 0 0 0 0.45085045841486 3.98902856563493 4.37029395730417 4.91800605457249 5 5 5 5 5 5 5 5 5 5 5 5 5 5 5 5 5 5 5 5 5 5 5 5 5 5 5 5 5 5 5 5 5.32226999867119 6 5.61606414262231 5.61044892576321 5.98188793913207 5.99289145345145 5.76493955255558 5.03135876033163 5 5 5 5 5 5 5 5 5 5 5 5 5 5 5 5 5 4 4
0 0 0 0 0 0 0 0 0 0 0 0 0 0 0 0 0 0 0 0 0 0 0 0 0 0 0 0 0 0 0 0 0 3.51026856965279 4 4.10912826862403 4.54654977797893 5 5 5 5 5 5 5 5 5 5 5 5 5 5 5 5 5 5 5 5 5 5 5 5 5 5 5 5 5 5 5.29026685215033 5.40140127779433 5.60480552847499 5.78442439209014 5.1604039941706 5.66921127196529 6 6 6 5.73707333139314 5 5 5 5 5 5 5 5 5 5 5 5 5 5 5 5 5 4.51095213960155 4.50002045139154
0 0 0 0 0 0 0 0 0 0 0 0 0 0 0 0 0 0 0 0 0 0 0 0 0 0 0 0 0 0 0 0 0 4.27158493322751 5 5 5 5 5 5 5 5 5 5 5 5 5 5 5 5 5 5 5 5 5 5 5 5 5 5 5 5 5 5 5 5.09296932796892 5.26441227963769 5.89095969277903 6 6 5.72341969502092 5.30083451698289 5.91224743002871 6 6 6 5.82923539221897 5 5 5 5 5 5 5 5 5 5 5 5 5 5 5 5 5 5 4.98844272266998
0 0 0 0 0 0 0 0 0 0 0 0 0 0 0 0 0 0 0 0 0 0 0 0 0 0 0 0 0 0 0 1.6915403893021 4.2781507871996 4.95899709754675 5 5 5 5 5 5 5 5 5 5 5 5 5 5 5 5 5 5 5 5 5 5 5 5 5 5 5 5 5 5 5 5.34085509383142 5.87242243888394 6 6 6 5.82003180664809 5.32942060530117 6 6 6 6 5.75945291469731 5 5 5 5 5 5 5 5 5 5 5 5 5 5 5 5 5 5 5
