layers/sqNorm.asc
NCOLS 638 
NROWS 825 
XLLCORNER -2985163.8955 
YLLCORNER -3022031.214 
CELLSIZE 10000 
NODATA_value -9999 
[rows 60 to 89 of 825, columns 204 to 271 of 638]
0.745354572931925 0.755528767903646 0.727530002593994 0.666666666666667 0.666666666666667 0.666666666666667 0.666666666666667 0.716172854105631 0.823697964350382 0.833000739415487 0.833333333333333 0.833333333333333 0.833333333333333 0.833333333333333 0.833333333333333 0.833333333333333 0.833333333333333 0.833333333333333 0.833333333333333 0.870314757029215 1 1 1 1 1 1 1 1 1 1 1 1 1 1 1 1 1 1 1 1 1 1 0.996441046396891 0.828981399536133 0.5 0.5 0.664723436037699 0.666666666666667 0.666666666666667 0.666666666666667 0.666666666666667 0.547801494598389 0.658819754918416 0.666666666666667 0.666666666666667 0.666666666666667 0.666666666666667 0.666666666666667 0.666666666666667 0.666666666666667 0.666666666666667 0.955929835637411 0.998986959457397 1 1 1 0.958488941192627 0.715602874755859
0.833333333333333 0.833333333333333 0.821498235066732 0.807955741882324 0.817800283432007 0.827536026636759 0.833333333333333 0.833333333333333 0.833333333333333 0.833333333333333 0.833333333333333 0.833333333333333 0.833333333333333 0.833333333333333 0.833333333333333 0.833333333333333 0.833333333333333 0.833333333333333 0.833333333333333 0.86354390780131 1 1 1 1 1 1 1 1 1 1 1 1 1 1 1 1 1 1 1 1 1 1 1 0.835766156514486 0.507441242535909 0.5 0.532406687736511 0.660404324531555 0.666666666666667 0.666666666666667 0.666666666666667 0.658406813939412 0.666308124860128 0.515281438827515 0.650775233904521 0.658705989519755 0.65358026822408 0.517983277638753 0.5 0.622546513875326 0.637919823328654 0.634276549021403 0.881484826405843 0.987079461415609 1 1 0.632802605628967 0.602589011192322
0.833333333333333 0.833333333333333 0.833333333333333 0.833333333333333 0.833333333333333 0.833333333333333 0.833333333333333 0.833333333333333 0.833333333333333 0.833333333333333 0.833333333333333 0.833333333333333 0.833333333333333 0.833333333333333 0.833333333333333 0.833333333333333 0.833333333333333 0.833333333333333 0.833333333333333 0.835497776667277 0.861747980117798 1 1 1 1 1 1 1 1 1 1 1 1 1 1 1 1 1 1 1 1 1 1 0.840380032857259 0.516488353411357 0.5 0.5 0.651478290557861 0.665989279747009 0.666666666666667 0.666666666666667 0.666666666666667 0.666666666666667 0.666666666666667 0.666666666666667 0.556951642036438 0.506039063135783 0.5 0.5 0.5 0.5 0.5 0.581423679987589 0.868181705474854 0.925202528635661 0.921995004018148 0.717382351557414 0.601246158281962
0.833333333333333 0.833333333333333 0.833333333333333 0.833333333333333 0.812012116114298 0.740922451019287 0.833333333333333 0.833333333333333 0.833333333333333 0.833333333333333 0.833333333333333 0.833333333333333 0.833333333333333 0.833333333333333 0.833333333333333 0.833333333333333 0.833333333333333 0.833333333333333 0.832426945368449 0.833338260650635 0.977544625600179 1 1 1 1 1 1 1 1 1 1 1 1 1 1 1 1 1 1 1 1 0.996981620788574 0.999447584152222 1 0.864398717880249 0.552940607070923 0.502736528714498 0.5 0.649514317512512 0.626033981641134 0.660818854967753 0.666666666666667 0.666666666666667 0.611040115356445 0.656941056251526 0.666666666666667 0.525699178377787 0.568230827649434 0.585242589314779 0.515417734781901 0.5 0.5 0.5 0.601417501767476 0.619804342587789 0.613390962282817 0.565190434455872 0.640854557355245
0.833333333333333 0.833333333333333 0.833333333333333 0.820760250091553 0.737158219019572 0.69088888168335 0.748731374740601 0.833333333333333 0.833333333333333 0.833333333333333 0.833333333333333 0.833333333333333 0.833333333333333 0.833333333333333 0.833333333333333 0.833333333333333 0.833333333333333 0.833333333333333 0.822307030359904 0.670783599217733 0.728797594706217 0.876638650894165 1 1 1 1 1 1 1 1 1 1 1 1 1 1 1 1 1 0.957144657770793 0.788466691970825 0.763630867004395 0.940460920333862 0.995489199956258 1 0.804804801940918 0.588834524154663 0.508226037025452 0.582116961479187 0.579022685686747 0.584090987841288 0.579658389091492 0.575040300687154 0.592103997866313 0.571748336156209 0.561837871869405 0.600031018257141 0.564328630765279 0.549613237380981 0.50878902276357 0.5 0.5 0.5 0.5 0.5 0.5 0.5 0.514346559842428
0.833333333333333 0.833333333333333 0.833333333333333 0.812002182006836 0.686791976292928 0.8282790184021 0.802159229914347 0.833333333333333 0.833333333333333 0.833333333333333 0.833333333333333 0.833333333333333 0.833333333333333 0.833333333333333 0.833333333333333 0.833333333333333 0.833333333333333 0.833333333333333 0.829197883605957 0.663613597551982 0.500929872194926 0.57218058904012 0.895516633987427 0.999191919962565 1 1 1 1 1 1 1 1 1 1 1 1 1 1 1 0.700992743174235 0.518109877904256 0.5 0.729794184366862 0.90126117070516 0.916693846384684 0.987886428833008 0.714029947916667 0.524592995643616 0.5 0.548442324002584 0.508636395136515 0.5 0.601771076520284 0.55486257870992 0.506380915641785 0.5 0.520917097727458 0.504403193791707 0.5 0.5 0.5 0.5 0.5 0.5 0.5 0.5 0.5 0.624696254730225
0.833333333333333 0.833333333333333 0.833333333333333 0.820255597432454 0.67862876256307 0.833333333333333 0.833333333333333 0.833333333333333 0.832623322804769 0.809423844019572 0.833333333333333 0.833333333333333 0.833333333333333 0.833333333333333 0.833333333333333 0.833333333333333 0.833333333333333 0.833333333333333 0.833333333333333 0.670421520868937 0.504739363988241 0.5 0.689677635828654 0.985765298207601 1 0.850397268931071 0.989537874857585 0.98685892422994 0.676317771275838 0.664982120196025 0.97160800298055 1 1 1 1 1 1 1 1 0.785815238952637 0.535751581192017 0.5 0.553600867589315 0.605886936187744 0.700343211491903 0.752033551534017 0.576189319292704 0.506243824958801 0.5 0.5 0.5 0.5 0.509541749954224 0.501492222150167 0.5 0.630643765131632 0.534863948822021 0.5 0.5 0.5 0.5 0.5 0.5 0.5 0.5 0.5 0.530498147010803 0.634053746859233
0.833333333333333 0.833333333333333 0.838797410329183 0.998924016952515 0.996210018793742 0.833333333333333 0.833333333333333 0.833333333333333 0.833333333333333 0.723759094874064 0.832011540730794 0.833333333333333 0.833333333333333 0.833333333333333 0.833333333333333 0.833333333333333 0.833333333333333 0.833333333333333 0.833333333333333 0.677236954371134 0.511464238166809 0.5 0.5 0.5 0.5 0.5 0.74445652961731 0.641996463139852 0.513358036677043 0.601012309392293 0.795722961425781 0.858881870905558 0.980988264083862 1 1 1 1 1 1 0.958977619806925 0.679429451624552 0.522270123163859 0.5 0.5 0.516701817512512 0.51513413588206 0.501918991406759 0.5 0.500068624814351 0.5 0.5 0.5 0.5 0.518574515978495 0.613162835439046 0.531216184298197 0.5 0.5 0.5 0.5 0.5 0.5 0.5 0.546305338541667 0.566353638966878 0.569556991259257 0.640589396158854 0.666666666666667
1 1 1 1 1 0.838650226593018 0.833333333333333 0.833333333333333 0.833333333333333 0.833333333333333 0.833333333333333 0.833333333333333 0.833333333333333 0.833333333333333 0.833333333333333 0.833333333333333 0.833333333333333 0.833333333333333 0.833333333333333 0.684059858322144 0.51819642384847 0.5 0.5 0.5 0.5 0.5 0.5 0.5 0.5 0.5 0.5 0.640099287033081 0.945422728856405 1 1 1 1 1 1 0.87988018989563 0.577588756879171 0.501225113868713 0.5 0.5 0.5 0.5 0.516611377398173 0.635189414024353 0.538054982821147 0.5 0.5 0.5 0.5 0.583993633588155 0.52685006459554 0.5 0.5 0.5 0.5 0.5 0.5 0.5 0.565459807713827 0.578601797421773 0.569148659706116 0.637529730796814 0.666666666666667 0.666666666666667
1 1 1 1 1 0.921107610066732 0.923807144165039 0.933304707209269 0.843746264775594 0.940107663472494 0.846724271774292 0.955224672953288 0.849975824356079 0.833333333333333 0.833333333333333 0.83870792388916 0.835170825322469 0.833333333333333 0.833333333333333 0.690890153249105 0.524936040242513 0.5 0.5 0.5 0.5 0.5 0.5 0.5 0.5 0.5 0.5 0.530636390050252 0.907355070114136 1 1 1 1 1 1 0.741032838821411 0.537766695022583 0.5 0.5 0.5 0.5 0.5 0.586093306541443 0.652279218037923 0.542249242464701 0.5 0.5 0.5 0.5 0.5 0.5 0.5 0.5 0.5 0.5 0.5 0.581317901611328 0.618267893791199 0.567678848902384 0.600135763486226 0.538851340611776 0.615806738535563 0.666666666666667 0.666666666666667
1 1 1 1 1 1 1 1 0.977380832036336 0.997496128082275 0.993271350860596 1 1 1 1 1 0.89945920308431 0.842847983042399 0.833333333333333 0.697727998097738 0.531683047612508 0.5 0.5 0.5 0.5 0.5 0.5 0.5 0.5 0.5 0.5 0.623122493426005 0.922734498977661 1 1 1 1 1 0.942905108133952 0.69580872853597 0.529883782068888 0.5 0.5 0.5 0.5 0.5 0.5 0.620670557022095 0.613822976748149 0.527670979499817 0.573866883913676 0.607889970143636 0.532542785008748 0.5 0.5 0.5 0.5 0.5 0.5 0.59825058778127 0.660115917523702 0.56402047475179 0.609113534291585 0.556625207265218 0.610900680224101 0.665352384249369 0.666666666666667 0.666666666666667
1 1 1 1 1 1 1 1 1 1 1 1 1 1 1 1 1 0.935582240422567 0.854023297627767 0.782191912333171 0.563471913337708 0.5 0.5 0.5 0.5 0.5 0.5 0.5 0.5 0.5 0.524757345517476 0.88099201520284 1 1 1 1 1 0.909563859303792 0.672183911005656 0.526026646296183 0.557657957077026 0.524932742118835 0.565434614817301 0.528638521830241 0.5 0.5 0.5 0.533234834671021 0.542553305625916 0.511512875556946 0.52268640200297 0.528072953224182 0.507327477137248 0.5 0.5 0.5 0.5 0.5 0.5 0.608440597852071 0.66354779402415 0.55495814482371 0.511143247286479 0.617798447608948 0.666666666666667 0.666666666666667 0.666666666666667 0.666666666666667
1 1 1 1 1 1 1 1 1 1 1 1 1 1 1 1 1 1 0.87764565149943 0.833333333333333 0.691808700561523 0.540279030799866 0.5 0.5 0.5 0.5 0.5 0.5 0.5 0.5 0.768266280492147 0.966549952824911 1 1 1 1 1 0.769904613494873 0.551940242449443 0.5 0.614100694656372 0.632816672325134 0.569054206212362 0.599474946657817 0.633843620618184 0.639211416244507 0.547082503636678 0.5 0.5 0.5 0.5 0.5 0.5 0.5 0.5 0.5 0.5 0.5 0.521296143531799 0.512535293896993 0.608905434608459 0.586465279261271 0.624957084655762 0.666666666666667 0.666666666666667 0.666666666666667 0.666666666666667 0.666666666666667
0.845915794372559 0.956684271494547 0.997975905736287 1 1 1 1 1 1 1 1 1 1 1 1 1 1 1 0.990759293238322 0.883355220158895 0.723561366399129 0.574083884557088 0.537495533625285 0.534922122955322 0.510916948318481 0.5 0.5 0.5 0.5 0.5 0.730717817942301 0.943817138671875 1 1 1 0.926491816838582 0.805055936177572 0.777488708496094 0.601499557495117 0.589109142621358 0.658049384752909 0.570255994796753 0.504685997962952 0.505143245061239 0.502423246701558 0.5 0.5 0.5 0.5 0.5 0.5 0.5 0.5 0.5 0.5 0.5 0.5 0.537517706553141 0.628907203674316 0.60313093662262 0.631516297658285 0.666666666666667 0.666666666666667 0.666666666666667 0.666666666666667 0.666666666666667 0.666666666666667 0.607723315556844
0.838874896367391 0.833333333333333 0.947123209635417 1 1 1 1 1 1 1 1 1 1 1 1 1 1 1 1 1 1 0.91892417271932 0.882360219955444 0.819433609644572 0.647195100784302 0.525869170824687 0.5 0.5 0.5 0.5 0.537225484848022 0.690154155095418 0.910543044408162 1 1 0.717201550801595 0.52606205145518 0.617376168568929 0.564679543177287 0.500394781430562 0.5 0.5 0.5 0.5 0.5 0.5 0.5 0.5 0.5 0.5 0.5 0.5 0.5 0.5 0.5 0.5 0.5 0.602794925371806 0.666666666666667 0.666666666666667 0.666666666666667 0.666666666666667 0.666666666666667 0.666666666666667 0.666666666666667 0.666666666666667 0.592349847157796 0.592641433080037
0.876553376515706 0.833333333333333 0.895660797754923 0.922006924947103 0.967384894688924 1 1 1 1 1 1 1 1 1 1 1 1 1 1 1 1 1 1 1 0.912973721822103 0.64739449818929 0.5 0.5 0.5 0.5 0.5 0.512980977694193 0.623527447382609 0.777850866317749 0.83502205212911 0.630521496136983 0.5 0.5 0.5 0.5 0.5 0.5 0.5 0.5 0.5 0.5 0.5 0.5 0.5 0.5 0.5 0.5 0.5 0.5 0.5 0.5 0.568630615870158 0.647504965464274 0.666666666666667 0.666666666666667 0.666666666666667 0.666666666666667 0.666666666666667 0.666666666666667 0.666666666666667 0.666666666666667 0.657206018765767 0.661549806594849
0.878871520360311 0.870062271753947 0.833333333333333 0.833333333333333 0.861623048782349 0.872493108113607 0.941965500513713 1 1 1 1 1 1 1 1 1 1 1 1 1 1 1 1 1 1 0.792283852895101 0.560759504636129 0.5 0.5 0.5 0.5 0.5 0.5 0.5 0.5 0.5 0.5 0.5 0.5 0.5 0.5 0.5 0.5 0.5 0.5 0.5 0.5 0.5 0.5 0.5 0.5 0.5 0.5 0.5 0.5 0.580918749173482 0.657483418782552 0.666666666666667 0.666666666666667 0.666666666666667 0.666666666666667 0.666666666666667 0.666666666666667 0.666666666666667 0.666666666666667 0.666666666666667 0.666666666666667 0.666666666666667
0.972480773925781 0.911381959915161 0.833333333333333 0.833333333333333 0.833333333333333 0.916544040044149 0.999853213628133 0.990242878595988 0.99095622698466 1 1 1 1 1 1 1 1 1 1 1 1 1 1 1 0.837616682052612 0.58602778116862 0.5 0.5 0.5 0.5 0.5 0.5 0.5 0.5 0.5 0.5 0.5 0.5 0.5 0.5 0.5 0.5 0.5 0.5 0.5 0.5 0.5 0.572436968485514 0.638426144917806 0.56517748037974 0.5 0.5 0.586458921432495 0.66198456287384 0.66637134552002 0.666666666666667 0.666666666666667 0.659880399703979 0.56667951742808 0.488825082778931 0.489544034004211 0.593537171681722 0.666666666666667 0.666666666666667 0.666666666666667 0.666666666666667 0.666666666666667 0.666666666666667
0.862499396006266 0.843225161234538 0.833333333333333 0.833333333333333 0.833333333333333 0.913287083307902 0.920053084691366 0.833333333333333 0.889872233072917 0.941921869913737 0.932770013809204 0.923726558685303 0.914791504542033 0.951182047526042 1 0.946362654368083 0.937922875086466 1 1 1 0.851966540018717 0.678504308064779 0.66473400592804 0.656990845998128 0.57654595375061 0.5 0.5 0.5 0.5 0.5 0.5 0.5 0.5 0.5 0.5 0.5 0.5 0.5 0.5 0.5 0.5 0.566256960233053 0.63621457417806 0.641791462898254 0.647260069847107 0.652620355288188 0.657872398694356 0.66490375995636 0.666666666666667 0.666666666666667 0.666666666666667 0.658365925153097 0.656971573829651 0.666666666666667 0.666666666666667 0.666666666666667 0.666666666666667 0.59986678759257 0.521196285883586 0.436916589736938 0.447992444038391 0.590496937433879 0.666666666666667 0.666666666666667 0.666666666666667 0.666666666666667 0.666666666666667 0.666666666666667
0.999611139297485 0.92248018582662 0.833333333333333 0.833333333333333 0.85064156850179 0.933529297510783 0.928150415420532 0.833333333333333 0.833333333333333 0.833333333333333 0.833333333333333 0.833333333333333 0.833333333333333 0.852131923039754 0.867721239725749 0.847821474075317 0.840919733047485 0.842222134272257 0.907204627990723 0.770381530125936 0.5 0.5 0.5 0.5 0.5 0.5 0.5 0.5 0.5 0.5 0.5 0.5 0.5 0.5 0.5 0.5 0.5 0.5 0.5 0.5 0.573450128237406 0.663194497426351 0.666666666666667 0.666666666666667 0.666666666666667 0.666666666666667 0.666666666666667 0.666666666666667 0.666666666666667 0.666666666666667 0.666666666666667 0.605965852737427 0.608586390813192 0.666666666666667 0.636841615041097 0.635745922724406 0.666666666666667 0.666666666666667 0.580479542414347 0.5 0.456750313440959 0.546363234519958 0.666666666666667 0.666666666666667 0.666666666666667 0.666666666666667 0.666666666666667 0.666666666666667
0.833333333333333 0.833333333333333 0.833333333333333 0.856037696202596 0.939877589543661 0.969746351242065 0.881355365117391 0.833333333333333 0.833333333333333 0.833333333333333 0.833333333333333 0.833333333333333 0.833333333333333 0.833333333333333 0.833333333333333 0.834749539693197 0.906618118286133 0.925608952840169 0.738045771916707 0.57772696018219 0.5 0.5 0.5 0.5 0.5 0.5 0.5 0.5 0.5 0.5 0.5 0.5 0.5 0.5 0.5 0.5 0.5 0.5 0.504977663358053 0.510985096295675 0.516884287198385 0.587320566177368 0.666666666666667 0.666666666666667 0.666666666666667 0.666666666666667 0.666666666666667 0.666666666666667 0.666666666666667 0.666666666666667 0.666666666666667 0.666666666666667 0.628692666689555 0.582942883173625 0.540446162223816 0.536259333292643 0.617533763249715 0.666666666666667 0.583803176879883 0.5 0.416111429532369 0.443518320719401 0.608166138331095 0.666666666666667 0.666666666666667 0.666666666666667 0.666666666666667 0.666666666666667
0.81414786974589 0.741604169209798 0.700925588607788 0.76978858311971 0.834938844045003 0.872137784957886 0.833333333333333 0.833333333333333 0.833333333333333 0.833333333333333 0.833333333333333 0.833333333333333 0.833333333333333 0.833333333333333 0.841770092646281 0.901569763819377 0.95869239171346 0.849648952484131 0.607152144114176 0.5 0.5 0.5 0.5 0.5 0.5 0.5 0.5 0.548369844754537 0.583359082539876 0.5 0.5 0.5 0.5 0.5 0.5 0.5 0.508823156356812 0.584502617518107 0.666666666666667 0.666666666666667 0.666666666666667 0.666666666666667 0.666666666666667 0.666666666666667 0.666666666666667 0.666666666666667 0.666666666666667 0.666666666666667 0.666666666666667 0.666666666666667 0.622162659962972 0.562866568565369 0.531697869300842 0.5 0.5 0.5 0.519249280293783 0.536893447240194 0.517222166061401 0.433853665987651 0.483322898546855 0.563052892684937 0.581969539324443 0.666666666666667 0.666666666666667 0.666666666666667 0.666666666666667 0.666666666666667
0.63562007745107 0.549609740575155 0.546118974685669 0.666666666666667 0.677532196044922 0.734618584314982 0.791369835535685 0.721645593643188 0.833333333333333 0.833333333333333 0.833333333333333 0.833333333333333 0.833333333333333 0.846775690714518 0.90489649772644 0.905969699223836 0.833333333333333 0.756711403528849 0.554548025131226 0.5 0.5 0.5 0.5 0.5 0.5 0.5 0.5 0.556978543599447 0.609154264132182 0.560843507448832 0.608066399892171 0.5 0.5 0.5 0.5 0.5 0.562017440795898 0.666666666666667 0.666666666666667 0.666666666666667 0.666666666666667 0.666666666666667 0.666666666666667 0.666666666666667 0.666666666666667 0.666666666666667 0.666666666666667 0.666666666666667 0.666666666666667 0.614789962768555 0.522180438041687 0.5 0.5 0.5 0.5 0.5 0.5 0.5 0.5 0.423099279403687 0.412880222002665 0.5 0.5 0.579717437426249 0.666666666666667 0.666666666666667 0.666666666666667 0.666666666666667
0.5 0.528395215670268 0.643863240877787 0.666666666666667 0.666666666666667 0.627783457438151 0.5 0.579663356145223 0.833333333333333 0.833333333333333 0.833333333333333 0.833333333333333 0.833333333333333 0.85724949836731 0.895854949951172 0.785575787226359 0.63474702835083 0.586186607678731 0.5 0.5 0.5 0.5 0.5 0.5 0.5 0.502942482630412 0.5 0.545021533966064 0.648621598879496 0.656307260195414 0.586524605751038 0.5 0.5 0.5 0.5 0.5 0.556649247805277 0.666666666666667 0.634611169497172 0.568583766619364 0.599756638209025 0.666666666666667 0.666666666666667 0.666666666666667 0.666666666666667 0.666666666666667 0.666666666666667 0.611655275026957 0.519419193267822 0.508760094642639 0.5 0.5 0.5 0.5 0.5 0.5 0.5 0.5 0.5 0.5 0.5 0.5 0.5 0.556994756062826 0.620313723882039 0.617122213045756 0.614038825035095 0.611063559850057
0.524600267410278 0.657835125923157 0.666666666666667 0.63704248269399 0.5 0.5 0.507173697153727 0.602208216985067 0.833333333333333 0.846437454223633 0.893656730651855 0.850618044535319 0.907339493433634 0.811684131622314 0.698460340499878 0.573553562164307 0.5 0.530932267506917 0.611349940299988 0.5 0.5 0.5 0.5 0.5 0.535983165105184 0.599097768465678 0.5 0.5 0.545292576154073 0.620648860931396 0.5 0.5 0.5 0.5 0.5 0.5 0.517899473508199 0.587785124778748 0.652131915092468 0.626817146937052 0.643796881039937 0.666666666666667 0.666666666666667 0.666666666666667 0.666666666666667 0.610350648562113 0.500861287117004 0.5 0.5 0.5 0.5 0.5 0.5 0.5 0.5 0.5 0.5 0.5 0.5 0.475712855656942 0.464969476064046 0.5 0.5 0.531850655873617 0.575063586235046 0.578254421552022 0.543919444084167 0.539244771003723
0.526358405749003 0.666666666666667 0.666666666666667 0.650288502375285 0.547674338022868 0.549630880355835 0.523077567418416 0.690389394760132 0.833333333333333 0.858372926712036 0.990351994832357 0.919126351674398 0.728765646616618 0.565589626630147 0.522444605827332 0.5 0.5 0.500295003255208 0.531385024388631 0.634536306063334 0.5 0.5 0.5 0.5 0.5 0.5 0.5 0.5 0.51956049601237 0.557871699333191 0.5 0.5 0.5 0.5 0.5 0.5 0.5 0.506558219591776 0.559967279434204 0.666666666666667 0.666666666666667 0.616373022397359 0.5 0.5 0.5 0.5 0.5 0.5 0.5 0.5 0.5 0.5 0.5 0.5 0.5 0.5 0.5 0.5 0.5 0.467514554659526 0.454550623893738 0.538738369941711 0.596921722094218 0.62862491607666 0.666666666666667 0.666666666666667 0.592594703038534 0.575071255366007
0.666666666666667 0.663495898246765 0.614264329274495 0.666666666666667 0.660510818163554 0.581248799959818 0.601791977882385 0.682321548461914 0.833333333333333 0.850489695866903 0.98574169476827 0.820978085199992 0.514228105545044 0.5 0.5 0.5 0.50251583258311 0.526865919431051 0.55433996518453 0.648035009702047 0.54333750406901 0.5 0.5 0.5 0.514587640762329 0.573610862096151 0.5 0.5 0.522186120351156 0.594737370808919 0.5 0.5 0.5 0.5 0.5 0.5 0.5 0.5 0.5 0.54340914885203 0.660523335138957 0.600298802057902 0.5 0.5 0.5 0.5 0.5 0.5 0.5 0.5 0.5 0.5 0.5 0.5 0.5 0.5 0.5 0.5 0.5 0.5 0.5 0.566053708394369 0.666666666666667 0.666666666666667 0.61176864306132 0.531434814135234 0.516195019086202 0.572561105092367
0.666666666666667 0.665158708890279 0.586568514506022 0.666666666666667 0.664758880933126 0.616056521733602 0.666666666666667 0.668187618255615 0.697966416676839 0.834159215291341 0.838708877563477 0.811361948649089 0.5 0.5 0.5 0.503341237703959 0.557912429173787 0.666666666666667 0.666666666666667 0.666666666666667 0.64752471446991 0.5 0.5 0.5 0.522969365119934 0.642722169558207 0.5 0.520683169364929 0.64447549978892 0.663419922192891 0.627483248710632 0.5 0.5009818871816 0.501507480939229 0.514392455418905 0.516566912333171 0.5 0.5 0.5 0.5382954676946 0.627300262451172 0.5 0.5 0.5 0.5 0.5 0.5 0.5 0.5 0.5 0.5 0.5 0.5 0.5 0.5 0.5 0.5 0.5 0.5 0.5 0.5 0.56298303604126 0.666666666666667 0.605124274889628 0.503819346427917 0.5 0.5 0.570048213005066
0.666666666666667 0.666666666666667 0.666666666666667 0.666666666666667 0.666666666666667 0.666666666666667 0.666666666666667 0.666666666666667 0.66709033648173 0.833224217096964 0.810556411743164 0.765049695968628 0.5 0.5 0.5 0.507184465726217 0.666666666666667 0.666666666666667 0.666666666666667 0.666666666666667 0.654406865437826 0.5 0.5 0.5 0.516457994778951 0.64914079507192 0.517173846562703 0.661823908487956 0.666666666666667 0.666666666666667 0.666666666666667 0.663400689760844 0.616550445556641 0.520630876223246 0.624122500419617 0.597511569658915 0.5 0.5 0.512989441553752 0.592135826746623 0.648707389831543 0.567113598187765 0.5 0.5 0.5 0.5 0.5 0.5 0.5 0.5 0.5 0.5 0.5 0.5 0.5 0.5 0.5 0.5 0.500124494234721 0.558703263600667 0.602874477704366 0.5 0.5 0.5 0.5 0.5 0.5 0.567532539367676
0.666666666666667 0.666666666666667 0.537067214647929 0.655245741208394 0.666666666666667 0.666666666666667 0.666666666666667 0.666666666666667 0.697343031565348 0.828412612279256 0.672170956929525 0.504454135894775 0.5 0.5 0.5 0.5 0.666666666666667 0.666666666666667 0.666666666666667 0.666666666666667 0.665674368540446 0.638200998306274 0.5 0.5 0.5 0.5 0.5 0.513442715009054 0.666666666666667 0.666666666666667 0.666666666666667 0.653986811637878 0.557368795077006 0.55608864625295 0.5 0.5 0.5 0.5 0.526799996693929 0.666666666666667 0.647762854894002 0.543593009312948 0.5 0.5 0.5 0.5 0.5 0.5 0.5 0.5 0.5 0.5 0.500824729601542 0.50755242506663 0.51192835966746 0.516196290651957 0.514236410458883 0.5 0.543805678685506 0.590802669525146 0.5 0.5 0.5 0.5 0.5 0.5 0.5 0.542004585266113
