layers/sqNorm.asc
NCOLS 638 
NROWS 825 
XLLCORNER -2985163.8955 
YLLCORNER -3022031.214 
CELLSIZE 10000 
NODATA_value -9999 
[rows 120 to 149 of 825, columns 204 to 271 of 638]
0.6834503809611 0.5 0.5 0.5 0.5 0.5 0.5 0.5 0.5 0.5 0.5 0.5 0.5 0.5 0.566458066304525 0.605536739031474 0.535858790079753 0.5 0.5 0.5 0.5 0.5 0.5 0.5 0.5 0.5 0.645737648010254 0.666666666666667 0.666666666666667 0.666666666666667 0.666666666666667 0.666666666666667 0.666132648785909 0.630154212315877 0.5 0.516269008318583 0.687102317810059 0.833333333333333 0.833333333333333 0.813698450724284 0.760772069295247 0.811586141586304 0.773763259251912 0.833333333333333 0.779345909754435 0.666666666666667 0.60423469543457 0.5 0.5 0.5 0.519375324249268 0.601568301518758 0.666666666666667 0.666666666666667 0.666666666666667 0.666666666666667 0.666666666666667 0.666666666666667 0.666666666666667 0.666666666666667 0.666666666666667 0.666666666666667 0.666666666666667 0.666666666666667 0.666666666666667 0.666666666666667 0.666666666666667 0.666666666666667
0.54394785563151 0.5 0.5 0.5 0.5 0.5 0.5 0.5 0.5 0.5 0.5 0.5 0.5 0.5 0.5 0.5 0.5 0.5 0.5 0.5 0.5 0.5 0.5 0.5 0.5 0.5 0.5 0.643375198046366 0.666666666666667 0.666666666666667 0.666666666666667 0.666666666666667 0.620242436726888 0.5 0.5 0.510571797688802 0.681501468022664 0.833333333333333 0.833333333333333 0.833333333333333 0.833333333333333 0.833333333333333 0.833333333333333 0.833333333333333 0.784175793329875 0.666666666666667 0.608871738115946 0.5 0.5 0.5 0.5 0.57947830359141 0.666666666666667 0.666666666666667 0.665621280670166 0.664450963338216 0.666666666666667 0.666666666666667 0.666666666666667 0.666666666666667 0.666666666666667 0.666666666666667 0.666666666666667 0.666666666666667 0.666666666666667 0.666666666666667 0.666666666666667 0.666666666666667
0.5 0.5 0.5 0.5 0.5 0.5 0.5 0.5 0.5 0.5 0.5 0.5 0.5 0.5 0.5 0.5 0.5 0.5 0.5 0.5 0.5 0.5 0.5 0.5 0.5 0.5 0.5 0.607414801915487 0.660090287526449 0.666666666666667 0.666666666666667 0.607600808143616 0.504710872968038 0.5 0.5 0.502236564954122 0.579507152239482 0.739128430684408 0.833333333333333 0.833333333333333 0.833333333333333 0.833333333333333 0.833333333333333 0.800424098968506 0.68415379524231 0.666666666666667 0.66243044535319 0.658491810162862 0.663492560386658 0.600914478302002 0.506504853566488 0.506129304567973 0.5 0.5 0.5 0.59313706556956 0.647363980611165 0.629672169685364 0.65190577507019 0.666666666666667 0.666666666666667 0.666666666666667 0.666666666666667 0.666666666666667 0.666666666666667 0.666666666666667 0.666666666666667 0.666666666666667
0.5 0.5 0.5 0.5 0.5 0.5 0.5 0.5 0.5 0.5 0.5 0.5 0.5 0.5 0.5 0.5 0.5 0.5 0.5 0.5 0.5 0.5 0.5 0.5 0.5 0.5 0.5 0.5 0.581055998802185 0.593159874280294 0.586224277814229 0.50886070728302 0.5 0.5 0.5 0.5 0.503614068031311 0.674743096033732 0.833333333333333 0.833333333333333 0.833333333333333 0.833333333333333 0.833333333333333 0.832106431325277 0.832917451858521 0.785730997721354 0.666666666666667 0.666666666666667 0.666666666666667 0.666666666666667 0.666666666666667 0.59551203250885 0.5 0.5 0.5 0.561360359191895 0.548144340515137 0.5 0.603058775266012 0.666666666666667 0.666666666666667 0.666666666666667 0.666666666666667 0.666666666666667 0.666666666666667 0.666666666666667 0.666666666666667 0.666666666666667
0.5 0.5 0.5 0.5 0.5 0.5 0.5 0.5 0.5 0.5 0.5 0.5 0.5 0.5 0.5 0.5 0.5 0.5 0.5 0.5 0.5 0.5 0.5 0.5 0.5 0.5 0.5 0.5 0.5 0.5 0.5 0.5 0.5 0.5 0.5 0.5 0.5 0.669219891230265 0.833333333333333 0.833333333333333 0.833284457524618 0.82786226272583 0.833333333333333 0.833333333333333 0.798698266347249 0.666666666666667 0.666666666666667 0.666666666666667 0.666666666666667 0.666666666666667 0.666666666666667 0.622937440872192 0.535602331161499 0.5 0.5 0.5 0.5 0.5 0.547237316767375 0.632426261901855 0.666666666666667 0.666666666666667 0.666666666666667 0.666666666666667 0.666666666666667 0.666666666666667 0.666666666666667 0.666666666666667
0.5 0.5 0.5 0.5 0.5 0.5 0.5 0.5 0.5 0.5 0.5 0.5 0.5 0.5 0.5 0.5 0.5 0.5 0.5 0.5 0.5 0.5 0.5 0.5 0.5 0.5 0.5 0.5 0.5 0.5 0.5 0.5 0.5 0.5 0.5 0.5 0.5 0.5 0.656398892402649 0.79773203531901 0.778116305669149 0.682374954223633 0.833333333333333 0.833333333333333 0.803550004959106 0.666666666666667 0.666666666666667 0.666666666666667 0.666666666666667 0.666666666666667 0.666666666666667 0.666666666666667 0.599116365114848 0.5 0.5 0.5 0.5 0.5 0.563838601112366 0.646088560422262 0.666666666666667 0.666666666666667 0.666666666666667 0.666666666666667 0.666666666666667 0.666666666666667 0.666666666666667 0.666666666666667
0.5 0.5 0.5 0.5 0.5 0.5 0.5 0.5 0.5 0.5 0.5 0.5 0.5 0.5 0.5 0.5 0.5 0.5 0.5 0.5 0.5 0.5 0.5 0.5 0.5 0.5 0.5 0.5 0.5 0.5 0.5 0.5 0.5 0.5 0.5 0.5 0.5 0.5 0.5 0.5 0.505783160527547 0.677226861317953 0.833333333333333 0.833333333333333 0.808407306671143 0.666666666666667 0.666666666666667 0.666666666666667 0.666666666666667 0.666666666666667 0.666666666666667 0.666666666666667 0.644560654958089 0.566733161608378 0.5 0.556947469711304 0.625818808873495 0.629850506782532 0.652044256528219 0.666666666666667 0.666666666666667 0.666666666666667 0.666666666666667 0.666666666666667 0.666666666666667 0.666666666666667 0.666666666666667 0.666666666666667
0.5 0.5 0.5 0.5 0.5 0.5 0.5 0.5 0.5 0.5 0.5 0.5 0.5 0.5 0.5 0.5 0.5 0.5 0.5 0.5 0.5 0.5 0.5 0.5 0.5 0.5 0.5 0.5 0.5 0.5 0.5 0.5 0.5 0.5 0.5 0.5 0.5 0.5 0.5 0.5 0.500309904416402 0.599160114924113 0.833333333333333 0.833333333333333 0.813270092010498 0.666666666666667 0.666666666666667 0.666666666666667 0.666666666666667 0.666666666666667 0.666666666666667 0.666666666666667 0.666666666666667 0.602346658706665 0.5 0.509831746419271 0.517942865689596 0.591002821922302 0.666666666666667 0.666666666666667 0.666666666666667 0.666666666666667 0.666666666666667 0.666666666666667 0.666666666666667 0.666666666666667 0.666666666666667 0.666666666666667
0.5 0.5 0.5 0.5 0.5 0.5 0.5 0.5 0.5 0.5 0.5 0.5 0.5 0.5 0.5 0.5 0.5 0.5 0.5 0.5 0.5 0.5 0.5 0.5 0.5 0.5 0.5 0.5 0.5 0.5 0.5 0.5 0.5 0.5 0.5 0.5 0.5 0.5 0.5 0.5 0.5 0.598493337631226 0.833333333333333 0.833333333333333 0.818138360977173 0.666666666666667 0.666666666666667 0.666666666666667 0.666666666666667 0.666666666666667 0.666666666666667 0.666666666666667 0.615474462509155 0.5050394932429 0.5 0.5 0.573265115420024 0.662081003189087 0.666666666666667 0.666666666666667 0.666666666666667 0.666666666666667 0.666666666666667 0.666666666666667 0.666666666666667 0.666666666666667 0.666666666666667 0.666666666666667
0.5 0.5 0.5 0.5 0.5 0.5 0.5 0.5 0.5 0.5 0.5 0.5 0.5 0.5 0.5 0.5 0.5 0.5 0.5 0.5 0.5 0.5 0.5 0.5 0.5 0.5 0.5 0.5 0.5 0.5 0.5 0.5 0.5 0.5 0.5 0.5 0.5 0.5 0.5 0.5 0.5 0.778993129730225 0.833333333333333 0.833333333333333 0.823012193044027 0.666666666666667 0.666666666666667 0.666666666666667 0.666666666666667 0.666666666666667 0.666406512260437 0.660932421684265 0.608331878980001 0.5 0.5 0.5 0.5 0.56235142548879 0.648667375246684 0.666666666666667 0.666666666666667 0.666666666666667 0.666666666666667 0.666666666666667 0.666666666666667 0.666666666666667 0.666666666666667 0.666666666666667
0.5 0.5 0.504704197247823 0.51599637667338 0.504586935043335 0.5 0.5 0.5 0.5 0.5 0.5 0.5 0.5 0.5 0.5 0.5 0.5 0.5 0.5 0.5 0.5 0.5 0.5 0.5 0.5 0.5 0.5 0.5 0.5 0.5 0.5 0.5 0.558071335156759 0.529009302457174 0.5 0.5 0.5 0.5 0.5 0.615609844525655 0.637605786323547 0.821831385294596 0.833333333333333 0.833333333333333 0.8278915087382 0.666666666666667 0.666666666666667 0.666666666666667 0.666666666666667 0.666666666666667 0.635203321774801 0.528274456659953 0.53284211953481 0.525590936342875 0.5 0.5 0.5 0.5 0.578537702560425 0.666666666666667 0.666666666666667 0.666666666666667 0.666666666666667 0.666666666666667 0.666666666666667 0.666666666666667 0.666666666666667 0.666666666666667
0.5 0.5 0.61824361483256 0.666666666666667 0.575537204742432 0.511620879173279 0.5 0.5 0.5 0.5 0.5 0.5 0.5 0.5 0.5 0.5 0.5 0.5 0.5 0.5 0.5 0.5 0.5 0.5 0.5 0.5 0.5 0.5 0.5 0.5 0.5 0.5 0.604253609975179 0.633899211883545 0.538449168205261 0.5 0.5 0.5 0.620606144269307 0.795050382614136 0.826695601145426 0.833251953125 0.833333333333333 0.833333333333333 0.832828919092814 0.686962763468424 0.666666666666667 0.666666666666667 0.666666666666667 0.666666666666667 0.666666666666667 0.666666666666667 0.666666666666667 0.635661244392395 0.543447772661845 0.5 0.5 0.5 0.575018763542175 0.666666666666667 0.666666666666667 0.666666666666667 0.666666666666667 0.666666666666667 0.601267099380493 0.561806797981262 0.558743476867676 0.637829383214315
0.5 0.5 0.575873653093974 0.647581617037455 0.616175651550293 0.521921118100484 0.5 0.5 0.5 0.5 0.5 0.5 0.5 0.5 0.5 0.5 0.5 0.5 0.5 0.5 0.5 0.5 0.5 0.5 0.5 0.5 0.5 0.5 0.5 0.5 0.5 0.570089856783549 0.652618765830994 0.666666666666667 0.557847778002421 0.5 0.5 0.5 0.5 0.635499596595764 0.666666666666667 0.794096310933431 0.830884695053101 0.833333333333333 0.833333333333333 0.832556088765462 0.715212265650431 0.716506958007812 0.666666666666667 0.666666666666667 0.666666666666667 0.666666666666667 0.666666666666667 0.666666666666667 0.642704645792643 0.560619831085205 0.5 0.5 0.571495850880941 0.666666666666667 0.666666666666667 0.666666666666667 0.666666666666667 0.666666666666667 0.562414367993673 0.583711544672648 0.630217750867208 0.560998678207397
0.5 0.5 0.5 0.60542627175649 0.55607791741689 0.571058034896851 0.530674934387207 0.5 0.5 0.5 0.5 0.5 0.5 0.5 0.5 0.5 0.5 0.5 0.5 0.5 0.5 0.5 0.5 0.5 0.5 0.5 0.5 0.5 0.5 0.5 0.5 0.663705865542094 0.82132617632548 0.733561674753825 0.666666666666667 0.558299660682678 0.5 0.5 0.519469181696574 0.637131055196126 0.666666666666667 0.666666666666667 0.76988164583842 0.778563737869263 0.77313764890035 0.767819007237752 0.833333333333333 0.829391956329346 0.741319338480631 0.666666666666667 0.666666666666667 0.666666666666667 0.687473694483439 0.770863056182861 0.745373725891113 0.615316907564799 0.5 0.545305371284485 0.641922116279602 0.666666666666667 0.666666666666667 0.666666666666667 0.666666666666667 0.666666666666667 0.654200673103333 0.660447716712952 0.666666666666667 0.658650875091553
0.5 0.5 0.552144765853882 0.579896450042725 0.520203391710917 0.52715790271759 0.510684132575989 0.5 0.5 0.5 0.5 0.5 0.5 0.5 0.5 0.5 0.5 0.5 0.5 0.5 0.5 0.5 0.5 0.5 0.5 0.5 0.5 0.5 0.5 0.5 0.5 0.662830392519633 0.747283776601156 0.666666666666667 0.653174956639608 0.552716612815857 0.5 0.5 0.619180202484131 0.666666666666667 0.666666666666667 0.720176617304484 0.677478154500326 0.666666666666667 0.666666666666667 0.666666666666667 0.739232301712036 0.736984809239705 0.830188035964966 0.774440844853719 0.766103506088257 0.666666666666667 0.67491881052653 0.734555164972941 0.79143746693929 0.657594283421834 0.638987223307292 0.651359796524048 0.666666666666667 0.666666666666667 0.666666666666667 0.666666666666667 0.666666666666667 0.666666666666667 0.666666666666667 0.666666666666667 0.556958715120951 0.5
0.5 0.5 0.582263390223185 0.579056223233541 0.5 0.5 0.5 0.5 0.5 0.5 0.5 0.5 0.5 0.5 0.5 0.5 0.5 0.5 0.5 0.5 0.5 0.5 0.5 0.5 0.5 0.5 0.5 0.5 0.5 0.5 0.568782726923625 0.74103840192159 0.753365596135457 0.666666666666667 0.575486183166504 0.5 0.5 0.5 0.613685528437297 0.721078395843506 0.687141577402751 0.79729700088501 0.773289521535238 0.765439907709757 0.678569157918294 0.666666666666667 0.666666666666667 0.548266847928365 0.711281140645345 0.833333333333333 0.818227291107178 0.666666666666667 0.666666666666667 0.670240720113119 0.677571058273315 0.666666666666667 0.666666666666667 0.666666666666667 0.665264288584391 0.666666666666667 0.666666666666667 0.666666666666667 0.666666666666667 0.666666666666667 0.666666666666667 0.650483647982279 0.549062609672546 0.5
0.574483036994934 0.5 0.512148857116699 0.50940465927124 0.5 0.5 0.5 0.512325048446655 0.510806679725647 0.5 0.5 0.5 0.5 0.5 0.5 0.5 0.5 0.5 0.5 0.5 0.5 0.5 0.5 0.5 0.5 0.5 0.5 0.5 0.5 0.5 0.577609062194824 0.762693484624227 0.759454329808553 0.666666666666667 0.615632931391398 0.53329078356425 0.5 0.552736043930054 0.700045029322306 0.811547517776489 0.788105249404907 0.819168249766032 0.833333333333333 0.833333333333333 0.690617561340332 0.549649993578593 0.5301167567571 0.637028137842814 0.666568597157796 0.681797027587891 0.676346778869629 0.666666666666667 0.666666666666667 0.663318673769633 0.658967574437459 0.617717941602071 0.5 0.5 0.557363986968994 0.666666666666667 0.653594970703125 0.631517052650452 0.62802509466807 0.624640583992004 0.621363441149394 0.54845670859019 0.5 0.5
0.658405582110087 0.650809208552043 0.598814646402995 0.502271850903829 0.506157755851746 0.523241877555847 0.532748142878214 0.610899289449056 0.599178473154704 0.523078918457031 0.5 0.5 0.5 0.5 0.5 0.5 0.5 0.5 0.5 0.5 0.5 0.5 0.5 0.5 0.5 0.5 0.5 0.5 0.5 0.5 0.612412770589193 0.833333333333333 0.765549977620443 0.630398948987325 0.578020135561625 0.535011887550354 0.555333733558655 0.704343716303507 0.812946716944377 0.755508502324422 0.707949638366699 0.702202717463175 0.593109766642253 0.548728624979655 0.522220134735107 0.501879493395487 0.5 0.503086527188619 0.501685619354248 0.507104396820068 0.666227102279663 0.639470458030701 0.5 0.5 0.5 0.5 0.5 0.5 0.539053201675415 0.617121656735738 0.568703015645345 0.5 0.5 0.5 0.5 0.5 0.5 0.5
0.666666666666667 0.666666666666667 0.661474943161011 0.58965257803599 0.566460728645325 0.666666666666667 0.666666666666667 0.666666666666667 0.666666666666667 0.618605176607768 0.536208351453145 0.5 0.5 0.5 0.5 0.5 0.5 0.5 0.5 0.5 0.5 0.5 0.5 0.5 0.5 0.5 0.5 0.5 0.5 0.52025572458903 0.65838086605072 0.833333333333333 0.735705216725667 0.579475323359172 0.610237280527751 0.561071832974752 0.648223400115967 0.816325346628825 0.754539012908936 0.676410675048828 0.570508639017741 0.513947526613871 0.502279122670492 0.5 0.5 0.5 0.5 0.650805672009786 0.666666666666667 0.639162421226501 0.632026831309001 0.5 0.5 0.5 0.5 0.5 0.5 0.5 0.5 0.5 0.5 0.5 0.5 0.541207869847616 0.588586846987406 0.540763179461161 0.5 0.5
0.653049866358439 0.666666666666667 0.630833188692729 0.546998540560404 0.594719926516215 0.666666666666667 0.666666666666667 0.666666666666667 0.666666666666667 0.666666666666667 0.574366052945455 0.5 0.5 0.5 0.5 0.5 0.5 0.5 0.5 0.5 0.5 0.5 0.5 0.5 0.5 0.5 0.5 0.512948513031006 0.591111540794373 0.635773777961731 0.787853956222534 0.833333333333333 0.761737902959188 0.640525778134664 0.666666666666667 0.654056111971537 0.734619140625 0.755991299947103 0.671184857686361 0.57137664159139 0.5 0.5 0.5 0.5 0.5 0.5 0.5 0.64617133140564 0.666666666666667 0.508317073186239 0.5 0.5 0.5 0.5 0.5 0.5 0.5 0.5 0.5 0.5 0.5 0.5 0.544228355089823 0.634606639544169 0.666666666666667 0.637882828712463 0.549356619517008 0.5
0.52541728814443 0.666666666666667 0.666666666666667 0.666666666666667 0.666666666666667 0.666666666666667 0.666666666666667 0.666666666666667 0.666666666666667 0.666666666666667 0.650273402531942 0.565887689590454 0.5 0.598167975743612 0.666666666666667 0.560651898384094 0.50555153687795 0.5 0.5 0.5 0.5 0.5 0.5 0.5 0.5 0.5 0.5 0.519092639287313 0.68363873163859 0.795004765192668 0.833333333333333 0.833333333333333 0.825410127639771 0.764386256535848 0.666666666666667 0.666666666666667 0.667076905568441 0.583945314089457 0.5 0.5 0.513656179110209 0.528878609339396 0.534517327944438 0.540048678716024 0.545472621917725 0.5507892370224 0.55599844455719 0.65074622631073 0.608086864153544 0.507325410842896 0.5 0.5 0.5 0.5 0.5 0.5 0.5 0.5 0.5 0.5 0.5 0.545023481051127 0.641881585121155 0.666666666666667 0.666666666666667 0.596502145131429 0.512804667154948 0.583866993586222
0.510353008906047 0.606054027875265 0.666666666666667 0.666666666666667 0.666666666666667 0.666666666666667 0.666666666666667 0.666666666666667 0.666666666666667 0.666666666666667 0.596051295598348 0.501172304153442 0.5 0.593801220258077 0.666666666666667 0.666666666666667 0.582206765810649 0.549247741699219 0.514679153760274 0.5 0.5 0.5 0.5 0.5 0.600773413976034 0.611839731534322 0.504530549049377 0.629572669665019 0.685299634933472 0.833333333333333 0.833333333333333 0.833333333333333 0.833333333333333 0.833333333333333 0.777610858281453 0.661452889442444 0.586516737937927 0.5 0.5 0.520064393679301 0.612653096516927 0.666666666666667 0.666666666666667 0.666666666666667 0.666666666666667 0.666666666666667 0.666666666666667 0.666666666666667 0.523496111234029 0.5 0.5 0.5 0.5 0.5 0.5 0.5 0.5 0.5 0.5 0.5 0.5 0.508505384127299 0.520689447720846 0.517305731773376 0.514029383659363 0.505384802818298 0.5 0.502812385559082
0.503337224324544 0.596845706303914 0.666666666666667 0.666666666666667 0.666666666666667 0.666666666666667 0.666666666666667 0.666666666666667 0.61420198281606 0.5 0.5 0.5 0.5 0.567038536071777 0.646450400352478 0.666666666666667 0.666666666666667 0.666666666666667 0.550085147221883 0.5 0.5 0.5 0.5 0.604537089665731 0.663499037424723 0.666666666666667 0.500393788019816 0.524155775705973 0.667525927225749 0.68930180867513 0.833333333333333 0.833333333333333 0.833333333333333 0.827522198359172 0.754777590433756 0.587248881657918 0.515515923500061 0.547613859176636 0.553681532541911 0.611898382504781 0.666666666666667 0.666666666666667 0.666666666666667 0.666666666666667 0.666666666666667 0.666666666666667 0.666666666666667 0.666666666666667 0.528047561645508 0.5 0.5 0.5 0.5 0.5 0.5 0.5 0.5 0.5 0.5 0.5 0.5 0.5 0.5 0.5 0.5 0.5 0.5 0.509186307589213
0.5 0.666666666666667 0.666666666666667 0.666666666666667 0.666666666666667 0.666666666666667 0.666666666666667 0.666666666666667 0.61992347240448 0.5 0.5 0.5 0.5 0.5 0.584025820096334 0.666666666666667 0.666666666666667 0.666666666666667 0.557603478431702 0.5 0.5 0.5 0.5 0.640552441279093 0.666666666666667 0.666666666666667 0.507123390833537 0.5 0.666666666666667 0.678603331247965 0.830791393915812 0.803369919459025 0.796658277511597 0.752601385116577 0.586137175559998 0.5 0.556662400563558 0.666666666666667 0.666666666666667 0.666666666666667 0.666666666666667 0.666666666666667 0.666666666666667 0.666666666666667 0.666666666666667 0.666666666666667 0.666666666666667 0.666666666666667 0.532604217529297 0.5 0.5 0.5 0.5 0.5 0.5 0.5 0.5 0.5 0.5 0.5 0.5 0.5 0.5 0.5 0.5 0.5 0.5 0.591403643290202
0.614244023958842 0.665550907452901 0.666666666666667 0.666666666666667 0.666666666666667 0.666666666666667 0.666666666666667 0.666666666666667 0.628436048825582 0.5 0.5 0.5 0.5 0.5 0.576104442278544 0.666666666666667 0.666666666666667 0.666666666666667 0.565130392710368 0.5 0.5 0.5 0.5 0.505365133285522 0.640080054601034 0.666666666666667 0.513860702514648 0.5 0.665702700614929 0.670938571294149 0.780491272608439 0.666666666666667 0.658059279123942 0.583178321520487 0.5 0.5 0.550913254419963 0.666666666666667 0.629990577697754 0.608062783877055 0.666666666666667 0.609945893287659 0.547886967658997 0.542356530825297 0.536933461825053 0.531617720921834 0.526409387588501 0.628513216972351 0.653990070025126 0.655238191286723 0.523032665252686 0.5 0.500167489051819 0.5 0.5 0.5 0.5 0.5 0.5 0.5 0.5 0.5 0.5 0.5 0.5 0.5 0.527185996373495 0.584961334864298
0.520090103149414 0.653087576230367 0.666666666666667 0.666581749916077 0.666666666666667 0.666666666666667 0.666666666666667 0.666666666666667 0.636958360671997 0.5 0.5 0.5 0.5 0.5 0.568174004554749 0.666666666666667 0.666666666666667 0.666666666666667 0.652355511983236 0.559330105781555 0.5 0.5 0.5 0.626477360725403 0.666666666666667 0.666666666666667 0.520605723063151 0.540033499399821 0.661447683970133 0.666666666666667 0.666666666666667 0.666666666666667 0.647899866104126 0.5 0.5 0.5 0.516945918401082 0.590631167093913 0.649042884508769 0.591901858647664 0.538490295410156 0.517362872759501 0.5 0.5 0.5 0.5 0.5 0.500376105308533 0.5 0.5 0.638308048248291 0.666666666666667 0.536230087280273 0.527820428212484 0.532169779141744 0.536411801973979 0.53765594959259 0.5 0.5 0.5 0.5 0.5 0.5 0.5 0.5 0.5 0.57928208510081 0.621379137039185
0.5 0.5 0.5 0.629911661148071 0.629468401273092 0.666666666666667 0.666666666666667 0.666666666666667 0.645490407943726 0.5 0.519110441207886 0.577274044354757 0.5 0.5 0.560234506924947 0.666666666666667 0.666666666666667 0.666666666666667 0.666666666666667 0.575532476107279 0.504587093989054 0.5 0.5 0.619427720705668 0.666666666666667 0.666666666666667 0.527358492215474 0.589562932650248 0.660629669825236 0.666666666666667 0.666666666666667 0.666666666666667 0.654058496157328 0.5 0.5 0.5 0.529496709505717 0.604609688123067 0.529635906219482 0.515216112136841 0.5 0.5 0.5 0.5 0.5 0.5 0.5 0.5 0.518146594365438 0.530013958613078 0.640767256418864 0.666666666666667 0.666666666666667 0.666666666666667 0.666666666666667 0.666666666666667 0.658563454945882 0.5 0.5 0.5 0.5 0.5 0.5 0.5 0.5 0.5 0.532135883967082 0.616877714792887
0.5 0.5 0.5 0.5 0.5 0.595090707143148 0.589795430501302 0.666666666666667 0.661275784174601 0.592655738194784 0.525813698768616 0.658128658930461 0.600802938143412 0.5 0.55228594938914 0.666666666666667 0.666666666666667 0.6623375415802 0.666666666666667 0.666666666666667 0.59209414323171 0.539851387341817 0.517436504364014 0.612370053927104 0.666666666666667 0.613564888636271 0.518212874730428 0.5 0.646038413047791 0.666666666666667 0.666666666666667 0.666666666666667 0.660224199295044 0.5 0.515937288602193 0.6390620470047 0.620321353276571 0.511473576227824 0.5 0.5 0.5 0.5 0.5 0.5 0.5 0.5 0.5 0.5 0.61578361193339 0.666666666666667 0.666666666666667 0.666666666666667 0.666666666666667 0.666666666666667 0.666666666666667 0.666666666666667 0.664465586344401 0.585787653923035 0.589707374572754 0.593519767125448 0.597224791844686 0.600822488466899 0.604312856992086 0.573543151219686 0.5 0.5 0.551832437515259 0.642666498819987
0.5 0.5 0.5 0.5 0.5 0.5 0.5 0.559021274248759 0.550666371981303 0.538806716601054 0.517459988594055 0.666666666666667 0.635791222254435 0.5 0.546384374300639 0.666666666666667 0.615705649058024 0.570897459983826 0.645905574162801 0.666666666666667 0.666666666666667 0.666666666666667 0.608404397964478 0.633195678393046 0.610611319541931 0.5217258532842 0.5 0.583860516548157 0.657832066218058 0.666666666666667 0.666666666666667 0.666666666666667 0.666396935780843 0.506294051806132 0.654256780942281 0.646621624628703 0.500734885533651 0.5 0.5 0.5 0.5 0.5 0.514390707015991 0.540080189704895 0.545502622922262 0.550817688306173 0.556025385856628 0.561125795046488 0.633204817771912 0.666666666666667 0.666666666666667 0.666666666666667 0.666666666666667 0.666666666666667 0.666666666666667 0.666666666666667 0.666666666666667 0.666666666666667 0.666666666666667 0.666666666666667 0.666666666666667 0.666666666666667 0.666666666666667 0.655161380767822 0.631409009297689 0.63457727432251 0.64998992284139 0.666666666666667
0.5 0.5 0.5 0.5 0.5 0.5 0.5 0.5 0.5 0.5 0.500659346580505 0.518717408180237 0.666666666666667 0.666666666666667 0.666666666666667 0.666666666666667 0.666666666666667 0.609760403633118 0.542103330294291 0.629370490709941 0.666666666666667 0.666666666666667 0.666666666666667 0.610034664471944 0.523258368174235 0.5 0.584591825803121 0.656661709149679 0.666666666666667 0.666666666666667 0.666666666666667 0.666666666666667 0.666666666666667 0.665592432022095 0.5 0.5 0.5 0.5 0.5 0.5 0.5 0.516896843910217 0.597961703936259 0.666666666666667 0.666666666666667 0.666666666666667 0.666666666666667 0.666666666666667 0.666666666666667 0.666666666666667 0.666666666666667 0.666666666666667 0.666666666666667 0.666666666666667 0.666666666666667 0.666666666666667 0.666666666666667 0.666666666666667 0.666666666666667 0.666666666666667 0.666666666666667 0.666666666666667 0.666666666666667 0.666666666666667 0.666666666666667 0.666666666666667 0.666666666666667 0.666666666666667
