layers/suit.asc
ncols         638
nrows         825
xllcorner     -2985163.8955
yllcorner     -3022031.214
cellsize      10000.0
NODATA_value  -9999
[rows 58 to 86 of 825, columns 260 to 324 of 638]
3.13293E-1 3.25265E-1 3.68873E-1 4.33401E-1 4.62364E-1 4.68627E-1 4.59226E-1 6.29143E-1 7.75052E-1 7.12693E-1 5.66415E-1 5.74677E-1 5.68217E-1 4.90467E-1 4.72049E-1 5.8611E-1 6.89393E-1 7.13988E-1 6.13679E-1 4.86488E-1 3.71002E-1 4.08891E-1 5.27352E-1 6.98765E-1 6.87949E-1 6.14473E-1 5.51476E-1 4.03008E-1 1.73076E-1 -9999 -9999 -9999 -9999 -9999 -9999 -9999 -9999 -9999 -9999 -9999 -9999 -9999 -9999 -9999 -9999 -9999 -9999 -9999 -9999 -9999 -9999 -9999 -9999 -9999 -9999 -9999 -9999 -9999 -9999 -9999 -9999 -9999 -9999 -9999 -9999
2.53383E-1 2.55021E-1 2.74698E-1 3.19686E-1 3.61922E-1 3.64811E-1 3.73969E-1 3.89537E-1 5.31063E-1 5.27475E-1 4.80707E-1 4.5002E-1 4.39076E-1 4.48564E-1 4.5351E-1 4.64183E-1 5.17389E-1 5.44345E-1 4.90643E-1 3.88337E-1 3.38751E-1 3.40224E-1 4.09335E-1 4.54334E-1 4.38627E-1 4.07114E-1 5.85694E-1 5.15257E-1 4.47144E-1 1.95478E-1 -9999 -9999 -9999 -9999 -9999 -9999 -9999 -9999 -9999 -9999 -9999 -9999 -9999 -9999 -9999 -9999 -9999 -9999 -9999 -9999 -9999 -9999 -9999 -9999 -9999 -9999 -9999 -9999 -9999 -9999 -9999 -9999 -9999 -9999 -9999
2.19138E-1 2.31741E-1 2.46384E-1 2.73472E-1 2.90058E-1 2.86893E-1 3.09699E-1 2.98347E-1 3.27433E-1 3.39349E-1 3.6588E-1 3.7506E-1 4.07061E-1 4.40374E-1 4.45829E-1 4.4138E-1 4.36404E-1 4.42304E-1 4.08894E-1 3.57226E-1 3.24307E-1 3.25793E-1 3.48928E-1 3.58759E-1 3.49475E-1 3.58726E-1 3.98975E-1 4.58709E-1 6.8347E-1 5.02734E-1 1.29723E-1 -9999 -9999 -9999 -9999 -9999 -9999 -9999 -9999 -9999 -9999 -9999 -9999 -9999 -9999 -9999 -9999 -9999 -9999 -9999 -9999 -9999 -9999 -9999 -9999 -9999 -9999 -9999 -9999 -9999 -9999 -9999 -9999 -9999 -9999
2.13437E-1 2.40944E-1 2.51821E-1 2.44945E-1 2.63535E-1 2.65591E-1 2.70087E-1 2.87407E-1 2.48932E-1 2.53033E-1 3.17601E-1 3.50773E-1 3.79896E-1 4.08728E-1 4.14242E-1 4.07187E-1 4.09308E-1 3.97381E-1 3.66646E-1 3.3836E-1 3.25536E-1 3.35156E-1 3.58137E-1 4.40326E-1 4.53197E-1 5.12727E-1 5.07928E-1 7.26134E-1 7.75615E-1 5.7632E-1 1.92817E-1 -9999 -9999 -9999 -9999 -9999 -9999 -9999 -9999 -9999 -9999 -9999 -9999 -9999 -9999 -9999 -9999 -9999 -9999 -9999 -9999 -9999 -9999 -9999 -9999 -9999 -9999 -9999 -9999 -9999 -9999 -9999 -9999 -9999 -9999
2.56672E-1 2.43214E-1 2.43352E-1 2.58443E-1 2.78391E-1 2.76414E-1 2.64443E-1 2.54552E-1 2.65248E-1 2.64187E-1 2.78024E-1 3.12593E-1 3.85272E-1 4.25492E-1 4.06935E-1 3.78205E-1 3.6722E-1 3.56959E-1 3.44019E-1 3.38755E-1 3.36556E-1 3.40688E-1 3.80257E-1 3.8998E-1 5.45893E-1 8.27301E-1 7.85607E-1 7.56073E-1 7.38461E-1 7.12091E-1 3.64099E-1 -9999 -9999 -9999 -9999 -9999 -9999 -9999 -9999 -9999 -9999 -9999 -9999 -9999 -9999 -9999 -9999 -9999 -9999 -9999 -9999 -9999 -9999 -9999 -9999 -9999 -9999 -9999 -9999 -9999 -9999 -9999 -9999 -9999 -9999
2.2978E-1 2.47441E-1 2.71001E-1 2.78618E-1 2.68657E-1 2.50176E-1 2.48786E-1 2.43103E-1 2.65653E-1 2.82133E-1 2.88387E-1 3.02744E-1 3.59739E-1 3.97325E-1 3.78536E-1 3.61469E-1 3.77575E-1 3.63038E-1 3.51964E-1 3.51976E-1 3.53388E-1 3.64465E-1 3.6877E-1 4.15511E-1 5.45939E-1 7.141E-1 7.25868E-1 7.26152E-1 8.2032E-1 4.46574E-1 2.70456E-1 -9999 -9999 -9999 -9999 -9999 -9999 -9999 -9999 -9999 -9999 -9999 -9999 -9999 -9999 -9999 -9999 -9999 -9999 -9999 -9999 -9999 -9999 -9999 -9999 -9999 -9999 -9999 -9999 -9999 -9999 -9999 -9999 -9999 -9999
2.41148E-1 2.39646E-1 2.3893E-1 2.60884E-1 2.85387E-1 2.69653E-1 2.57109E-1 2.77325E-1 3.02139E-1 3.30046E-1 3.48398E-1 3.71107E-1 4.08512E-1 4.10437E-1 4.34434E-1 4.32844E-1 3.95467E-1 3.75491E-1 3.83843E-1 3.86204E-1 3.80395E-1 3.68288E-1 3.73704E-1 4.41295E-1 5.46618E-1 6.92451E-1 6.90001E-1 7.11369E-1 8.2003E-1 4.57008E-1 2.63647E-1 9.41121E-2 -9999 -9999 -9999 -9999 -9999 -9999 -9999 -9999 -9999 -9999 -9999 -9999 -9999 -9999 -9999 -9999 -9999 -9999 -9999 -9999 -9999 -9999 -9999 -9999 -9999 -9999 -9999 -9999 -9999 -9999 -9999 -9999 -9999
2.58507E-1 2.28244E-1 2.40438E-1 2.90262E-1 3.0471E-1 2.95982E-1 2.95438E-1 3.00925E-1 3.22441E-1 3.43658E-1 3.63904E-1 3.53572E-1 3.88801E-1 4.42824E-1 4.7904E-1 4.61077E-1 4.18394E-1 4.05173E-1 4.2345E-1 4.34516E-1 4.3558E-1 4.13938E-1 4.21009E-1 5.43087E-1 6.60141E-1 7.14279E-1 7.55799E-1 7.62698E-1 7.7145E-1 7.47722E-1 5.08645E-1 1.81051E-1 8.57385E-2 -9999 -9999 -9999 -9999 -9999 -9999 -9999 -9999 -9999 -9999 -9999 -9999 -9999 -9999 -9999 -9999 -9999 -9999 -9999 -9999 -9999 -9999 -9999 -9999 -9999 -9999 -9999 -9999 -9999 -9999 -9999 -9999
2.49562E-1 2.43695E-1 2.67571E-1 2.84647E-1 3.08011E-1 3.19559E-1 3.50746E-1 3.65257E-1 3.88157E-1 4.40726E-1 4.69981E-1 4.72183E-1 5.12321E-1 5.56781E-1 5.6952E-1 5.56252E-1 5.72944E-1 5.82032E-1 5.99321E-1 6.25462E-1 6.01092E-1 5.82938E-1 5.69308E-1 5.90069E-1 7.33514E-1 6.37349E-1 7.10949E-1 6.90604E-1 7.16439E-1 8.06295E-1 6.66849E-1 3.50709E-1 1.05637E-1 9.94276E-2 1.01223E-1 9.78426E-2 9.06293E-2 7.53007E-2 6.28514E-2 5.91383E-2 -9999 -9999 -9999 -9999 -9999 -9999 -9999 -9999 -9999 -9999 -9999 -9999 -9999 -9999 -9999 -9999 -9999 -9999 -9999 -9999 -9999 -9999 -9999 -9999 -9999
2.59577E-1 2.59261E-1 2.73015E-1 2.86818E-1 3.19002E-1 3.91212E-1 4.65844E-1 4.82626E-1 4.89428E-1 5.66359E-1 6.41623E-1 6.4669E-1 6.92702E-1 7.2201E-1 6.81423E-1 7.15974E-1 7.99182E-1 8.01061E-1 7.9398E-1 8.04685E-1 8.38238E-1 8.2753E-1 7.81788E-1 7.53878E-1 7.7438E-1 7.67804E-1 7.67659E-1 6.89446E-1 6.62806E-1 6.90412E-1 6.75543E-1 6.13439E-1 2.06948E-1 3.83946E-1 4.7385E-1 4.62416E-1 3.93747E-1 2.81822E-1 1.21154E-1 8.10064E-2 6.00176E-2 -9999 -9999 -9999 -9999 -9999 -9999 -9999 -9999 -9999 -9999 -9999 -9999 -9999 -9999 -9999 -9999 -9999 -9999 -9999 -9999 -9999 -9999 -9999 -9999
2.55466E-1 2.55253E-1 2.81876E-1 3.05918E-1 3.22665E-1 4.13084E-1 5.79461E-1 7.2589E-1 7.26011E-1 7.82726E-1 8.07897E-1 7.60235E-1 8.44034E-1 9.32339E-1 9.24607E-1 9.16783E-1 8.77144E-1 8.77572E-1 8.48737E-1 8.80405E-1 8.75039E-1 8.62647E-1 8.26432E-1 7.97297E-1 7.74316E-1 7.64581E-1 8.48425E-1 7.83382E-1 5.70557E-1 4.79057E-1 6.68102E-1 5.33566E-1 4.93506E-1 5.91767E-1 4.66034E-1 4.63385E-1 5.26144E-1 7.26328E-1 4.30913E-1 2.7347E-1 9.77325E-2 7.13844E-2 7.00313E-2 6.25227E-2 -9999 -9999 -9999 -9999 -9999 -9999 -9999 -9999 -9999 -9999 -9999 -9999 -9999 -9999 -9999 -9999 -9999 -9999 -9999 -9999 -9999
3.16114E-1 3.04563E-1 3.10661E-1 3.48443E-1 3.97378E-1 4.51169E-1 6.00361E-1 6.43565E-1 6.5599E-1 6.6363E-1 7.17412E-1 7.35969E-1 8.02644E-1 8.75203E-1 8.71324E-1 8.68214E-1 8.68433E-1 8.42888E-1 8.2768E-1 8.71902E-1 8.81315E-1 9.41146E-1 9.21597E-1 8.81166E-1 7.84555E-1 7.60479E-1 7.27948E-1 5.52698E-1 4.41985E-1 4.08931E-1 4.10943E-1 4.05655E-1 3.95633E-1 3.6372E-1 3.01648E-1 2.8584E-1 3.40391E-1 3.94349E-1 4.67976E-1 6.29169E-1 3.52607E-1 3.17341E-1 2.40061E-1 9.78654E-2 6.9589E-2 -9999 -9999 -9999 -9999 -9999 -9999 -9999 -9999 -9999 -9999 -9999 -9999 -9999 -9999 -9999 -9999 -9999 -9999 -9999 -9999
4.81823E-1 4.39815E-1 4.4728E-1 4.371E-1 5.53297E-1 7.10247E-1 7.37214E-1 6.78579E-1 5.44443E-1 4.53997E-1 5.25708E-1 6.09209E-1 6.77558E-1 7.43045E-1 7.47235E-1 7.36005E-1 7.15244E-1 6.99063E-1 7.0406E-1 7.24054E-1 7.70339E-1 8.08315E-1 8.23189E-1 7.73868E-1 6.89486E-1 5.88762E-1 5.32828E-1 4.5576E-1 3.58487E-1 3.28802E-1 3.8176E-1 4.01058E-1 3.2462E-1 2.7118E-1 2.54397E-1 2.43937E-1 2.41591E-1 2.66821E-1 3.29534E-1 4.32114E-1 6.8185E-1 6.11648E-1 5.81549E-1 4.05918E-1 2.82996E-1 9.76708E-2 7.88222E-2 -9999 -9999 -9999 -9999 -9999 -9999 -9999 -9999 -9999 -9999 -9999 -9999 -9999 -9999 -9999 -9999 -9999 -9999
7.29207E-1 7.87356E-1 7.66584E-1 6.90704E-1 7.13595E-1 7.90717E-1 7.35313E-1 5.71044E-1 4.48115E-1 3.82937E-1 5.02655E-1 6.32036E-1 6.65226E-1 6.96866E-1 7.1017E-1 7.037E-1 6.89841E-1 6.92444E-1 7.02647E-1 6.6325E-1 6.83571E-1 7.05918E-1 7.12225E-1 6.8176E-1 6.42616E-1 6.03573E-1 5.51118E-1 4.48206E-1 3.80055E-1 3.72256E-1 4.76179E-1 4.66129E-1 3.50107E-1 2.91981E-1 2.69994E-1 2.78926E-1 3.14249E-1 2.84222E-1 2.99813E-1 4.39119E-1 5.44055E-1 6.94653E-1 6.48985E-1 6.59887E-1 6.88066E-1 4.66389E-1 2.78803E-1 9.53426E-2 7.44798E-2 6.06196E-2 -9999 -9999 -9999 -9999 -9999 -9999 -9999 -9999 -9999 -9999 -9999 -9999 -9999 -9999 -9999
6.17672E-1 6.94568E-1 6.8635E-1 6.65913E-1 7.19406E-1 7.96265E-1 7.06871E-1 5.93836E-1 4.7994E-1 4.59718E-1 5.34147E-1 6.09935E-1 6.55857E-1 6.91997E-1 7.06936E-1 7.15615E-1 7.27854E-1 7.03582E-1 6.76742E-1 7.05722E-1 7.49666E-1 7.29761E-1 6.9187E-1 6.86429E-1 6.7947E-1 6.61096E-1 6.34842E-1 5.8724E-1 5.31572E-1 4.93274E-1 4.68101E-1 4.19693E-1 4.49767E-1 4.70801E-1 5.01462E-1 4.72727E-1 4.74674E-1 3.94338E-1 3.5455E-1 3.74621E-1 4.39523E-1 4.52818E-1 4.63441E-1 4.61866E-1 4.98435E-1 6.46069E-1 5.6623E-1 5.21008E-1 1.57781E-1 8.9819E-2 7.87118E-2 -9999 -9999 -9999 -9999 -9999 -9999 -9999 -9999 -9999 -9999 -9999 -9999 -9999 -9999
6.312E-1 7.57154E-1 7.63423E-1 7.42575E-1 7.37492E-1 6.36963E-1 5.74213E-1 5.60072E-1 5.35091E-1 5.24467E-1 5.60355E-1 6.23768E-1 6.6284E-1 6.93457E-1 7.37617E-1 7.0809E-1 6.56398E-1 6.45905E-1 6.54096E-1 7.33321E-1 7.39675E-1 6.68633E-1 6.59086E-1 6.57536E-1 6.58814E-1 6.75861E-1 6.69381E-1 5.92603E-1 5.46172E-1 5.12343E-1 4.98844E-1 5.01637E-1 5.52496E-1 5.25361E-1 4.35886E-1 4.19042E-1 3.80578E-1 3.56418E-1 3.64846E-1 3.72158E-1 3.62384E-1 3.17999E-1 2.97267E-1 3.03459E-1 3.48152E-1 4.1282E-1 3.56011E-1 4.86516E-1 6.26854E-1 3.87498E-1 1.1804E-1 8.41732E-2 -9999 -9999 -9999 -9999 -9999 -9999 -9999 -9999 -9999 -9999 -9999 -9999 -9999
7.05176E-1 8.33608E-1 7.77555E-1 6.7095E-1 5.87466E-1 5.62341E-1 5.17826E-1 4.9562E-1 5.56443E-1 5.95722E-1 6.21032E-1 6.42572E-1 5.50871E-1 4.6616E-1 5.12638E-1 5.65871E-1 5.99629E-1 6.20228E-1 6.17101E-1 6.74338E-1 7.37193E-1 7.36294E-1 7.22678E-1 7.09881E-1 6.95801E-1 6.59238E-1 6.17325E-1 5.69398E-1 5.44397E-1 5.09288E-1 4.99988E-1 5.22636E-1 5.35553E-1 5.06441E-1 4.30061E-1 3.5422E-1 3.3672E-1 3.38852E-1 3.41396E-1 3.38737E-1 3.2203E-1 2.66303E-1 2.48197E-1 2.49707E-1 2.7326E-1 2.85296E-1 2.61965E-1 3.44955E-1 4.27635E-1 5.24332E-1 3.96949E-1 1.24855E-1 8.81358E-2 -9999 -9999 -9999 -9999 -9999 -9999 -9999 -9999 -9999 -9999 -9999 -9999
7.13337E-1 8.32338E-1 7.78203E-1 6.5451E-1 5.9769E-1 5.62257E-1 5.15253E-1 4.69153E-1 5.34479E-1 5.91205E-1 5.50722E-1 4.85455E-1 4.19155E-1 4.30841E-1 5.30817E-1 5.72312E-1 5.12797E-1 4.9928E-1 5.76231E-1 6.19715E-1 6.96408E-1 6.8844E-1 7.01131E-1 7.26957E-1 6.90086E-1 6.26755E-1 5.92669E-1 5.87585E-1 5.6222E-1 5.114E-1 5.00173E-1 4.95699E-1 4.52369E-1 4.28534E-1 3.67723E-1 3.21569E-1 3.13136E-1 3.22723E-1 3.27209E-1 3.15487E-1 2.67408E-1 2.86665E-1 3.18718E-1 2.59024E-1 2.47834E-1 2.45613E-1 2.53456E-1 2.75139E-1 2.8118E-1 3.39905E-1 4.8388E-1 4.34744E-1 1.66102E-1 9.33127E-2 -9999 -9999 -9999 -9999 -9999 -9999 -9999 -9999 -9999 -9999 -9999
7.15206E-1 8.73965E-1 8.96098E-1 8.19823E-1 7.14667E-1 5.90827E-1 5.0489E-1 4.407E-1 4.64635E-1 5.00529E-1 5.04892E-1 4.83223E-1 4.28525E-1 4.62445E-1 5.3154E-1 4.86891E-1 4.36109E-1 4.12157E-1 5.17532E-1 5.9414E-1 7.10784E-1 7.03746E-1 7.07088E-1 6.70195E-1 6.29028E-1 6.37394E-1 6.29624E-1 6.21072E-1 5.84028E-1 5.62219E-1 5.30313E-1 4.20818E-1 3.69903E-1 3.48137E-1 3.27851E-1 3.19967E-1 3.02753E-1 2.97075E-1 3.01931E-1 3.03525E-1 3.11307E-1 3.51082E-1 3.50889E-1 2.64355E-1 2.52627E-1 2.90995E-1 3.26985E-1 3.19599E-1 3.18092E-1 3.33363E-1 3.91249E-1 6.26867E-1 5.03336E-1 1.67303E-1 9.89486E-2 -9999 -9999 -9999 -9999 -9999 -9999 -9999 -9999 -9999 -9999
7.37776E-1 8.06391E-1 8.721E-1 7.90074E-1 5.60747E-1 3.66558E-1 3.33946E-1 4.3524E-1 4.78896E-1 4.49314E-1 4.48256E-1 4.32246E-1 3.79249E-1 3.74529E-1 4.13759E-1 4.3915E-1 4.1039E-1 4.04502E-1 5.27612E-1 5.87023E-1 7.06784E-1 7.13642E-1 6.45198E-1 5.99171E-1 5.89889E-1 5.95258E-1 6.11008E-1 6.32097E-1 6.40686E-1 6.19529E-1 5.45947E-1 4.40132E-1 3.96795E-1 3.68129E-1 3.46693E-1 3.31647E-1 3.13764E-1 3.01215E-1 2.99207E-1 3.06157E-1 3.00591E-1 3.00612E-1 3.04998E-1 2.98685E-1 3.28189E-1 3.46524E-1 3.42567E-1 3.26832E-1 3.24229E-1 3.34296E-1 4.40667E-1 4.84905E-1 6.05168E-1 5.70007E-1 3.45807E-1 1.05395E-1 -9999 -9999 -9999 -9999 -9999 -9999 -9999 -9999 -9999
8.18221E-1 9.44352E-1 9.51827E-1 7.43336E-1 5.54179E-1 4.80839E-1 3.93689E-1 4.23084E-1 5.12547E-1 4.79209E-1 4.17086E-1 3.65916E-1 3.65419E-1 3.46409E-1 3.56719E-1 3.8374E-1 3.76103E-1 3.72027E-1 4.58265E-1 5.80243E-1 6.73636E-1 6.71885E-1 6.25339E-1 6.00119E-1 5.84353E-1 5.95099E-1 6.41761E-1 6.6745E-1 6.50629E-1 6.25651E-1 5.57082E-1 4.97302E-1 4.83653E-1 4.67607E-1 4.2681E-1 3.90338E-1 3.83306E-1 3.86026E-1 3.66835E-1 3.24192E-1 2.99919E-1 3.12295E-1 3.13063E-1 3.20872E-1 3.24799E-1 3.10534E-1 3.20006E-1 3.33999E-1 3.44338E-1 3.73596E-1 3.83161E-1 4.07006E-1 4.01227E-1 5.76534E-1 6.28583E-1 3.63057E-1 1.12766E-1 -9999 -9999 -9999 -9999 -9999 -9999 -9999 -9999
7.92979E-1 8.5123E-1 8.91371E-1 9.44021E-1 9.17748E-1 6.45498E-1 6.06582E-1 5.96423E-1 5.2077E-1 4.86994E-1 4.38579E-1 4.11655E-1 4.15298E-1 3.94E-1 3.49761E-1 3.44742E-1 3.76727E-1 4.16566E-1 4.84108E-1 5.23223E-1 5.34236E-1 5.60314E-1 6.08239E-1 6.34122E-1 6.30429E-1 6.20314E-1 6.10367E-1 5.89982E-1 6.01007E-1 6.28425E-1 6.11708E-1 5.46618E-1 4.79205E-1 4.66296E-1 4.78172E-1 4.8075E-1 4.44056E-1 3.99005E-1 3.67875E-1 3.15578E-1 3.06487E-1 3.12517E-1 3.07932E-1 3.40835E-1 3.47904E-1 3.37616E-1 3.31871E-1 3.3674E-1 3.61179E-1 3.77871E-1 3.76491E-1 3.84765E-1 4.37547E-1 4.88986E-1 5.50679E-1 6.44359E-1 2.9218E-1 9.78036E-2 -9999 -9999 -9999 -9999 -9999 -9999 -9999
7.07475E-1 7.64789E-1 8.7E-1 9.40122E-1 9.08379E-1 7.43399E-1 7.62308E-1 6.48912E-1 5.67815E-1 4.874E-1 4.75298E-1 4.62513E-1 4.6865E-1 4.68788E-1 4.75525E-1 5.47596E-1 5.89037E-1 5.48652E-1 4.72899E-1 5.09936E-1 5.29769E-1 5.60751E-1 6.19293E-1 6.50479E-1 6.46657E-1 6.36976E-1 6.1802E-1 5.97798E-1 6.25298E-1 6.78908E-1 6.56865E-1 5.53823E-1 4.74477E-1 4.49994E-1 4.6069E-1 4.91413E-1 4.56671E-1 4.08131E-1 4.08915E-1 3.88785E-1 3.68508E-1 3.35728E-1 3.40145E-1 4.05625E-1 3.98409E-1 3.68054E-1 3.47109E-1 3.48852E-1 3.69451E-1 3.66216E-1 3.56481E-1 3.6796E-1 3.87694E-1 4.16102E-1 4.19626E-1 4.79663E-1 5.77818E-1 1.48165E-1 8.80012E-2 -9999 -9999 -9999 -9999 -9999 -9999
6.76797E-1 7.55929E-1 8.68543E-1 9.23776E-1 9.25682E-1 9.0715E-1 8.63505E-1 7.02115E-1 6.22231E-1 5.1621E-1 5.22886E-1 5.21904E-1 4.58321E-1 4.66216E-1 5.8447E-1 6.46796E-1 6.6208E-1 5.80043E-1 5.2939E-1 5.28913E-1 5.5737E-1 5.95228E-1 6.48046E-1 6.81054E-1 6.87265E-1 6.68269E-1 6.55923E-1 6.42095E-1 6.60197E-1 6.91169E-1 6.69527E-1 5.72829E-1 4.96224E-1 4.9496E-1 4.65293E-1 4.27103E-1 4.07734E-1 3.96588E-1 4.00401E-1 4.15444E-1 4.19728E-1 3.87214E-1 3.8782E-1 4.14911E-1 4.10447E-1 3.96727E-1 3.70487E-1 3.77449E-1 3.81243E-1 3.53746E-1 3.38299E-1 3.49048E-1 3.71418E-1 3.88257E-1 4.314E-1 5.02059E-1 6.65892E-1 2.0235E-1 9.28581E-2 -9999 -9999 -9999 -9999 -9999 -9999
6.88083E-1 7.82606E-1 8.30193E-1 8.32771E-1 8.74416E-1 9.48204E-1 8.98012E-1 7.44385E-1 6.29883E-1 6.01072E-1 5.93351E-1 5.66359E-1 5.11994E-1 5.42697E-1 6.5836E-1 6.92369E-1 6.10415E-1 5.31763E-1 5.38794E-1 5.3456E-1 6.0868E-1 6.99522E-1 7.16452E-1 7.02419E-1 7.12268E-1 6.8255E-1 6.78775E-1 6.82822E-1 6.94767E-1 7.03904E-1 6.53226E-1 5.82915E-1 5.82763E-1 5.83605E-1 5.42422E-1 4.57387E-1 4.43774E-1 4.39725E-1 4.11047E-1 4.06612E-1 4.21615E-1 4.28223E-1 4.31856E-1 4.41828E-1 4.4894E-1 4.39405E-1 3.88811E-1 3.93707E-1 3.95948E-1 3.6485E-1 3.53897E-1 3.67842E-1 3.93823E-1 4.05802E-1 4.37303E-1 5.52828E-1 7.12771E-1 2.76173E-1 9.32882E-2 -9999 -9999 -9999 -9999 -9999 -9999
6.92441E-1 5.84585E-1 6.02242E-1 4.74076E-1 8.31678E-1 8.9401E-1 8.68895E-1 7.58577E-1 6.58513E-1 6.40608E-1 6.28898E-1 6.20566E-1 6.18849E-1 6.5017E-1 7.05214E-1 6.61408E-1 6.36448E-1 6.25809E-1 6.18099E-1 6.05158E-1 6.98609E-1 7.5655E-1 7.67677E-1 7.39273E-1 7.13488E-1 7.18809E-1 7.65218E-1 8.01561E-1 7.58135E-1 7.06874E-1 6.87822E-1 6.81321E-1 7.32461E-1 7.58921E-1 6.65952E-1 6.04218E-1 5.90426E-1 5.03381E-1 4.70728E-1 4.74335E-1 4.97457E-1 4.92932E-1 4.69301E-1 4.85916E-1 4.85868E-1 4.6271E-1 4.1846E-1 4.11752E-1 4.20277E-1 3.91657E-1 3.78884E-1 3.94512E-1 4.19181E-1 4.39404E-1 5.41412E-1 5.97454E-1 7.53873E-1 3.52859E-1 1.12902E-1 8.60697E-2 7.68433E-2 -9999 -9999 -9999 -9999
8.71975E-1 8.41199E-1 7.76073E-1 8.14742E-1 9.44185E-1 8.7108E-1 7.98646E-1 7.41232E-1 6.55256E-1 6.38946E-1 6.41003E-1 6.45765E-1 6.10193E-1 6.76341E-1 7.43792E-1 6.74218E-1 6.90274E-1 7.10479E-1 7.02134E-1 7.44988E-1 8.21868E-1 8.63571E-1 8.92677E-1 8.80313E-1 8.34389E-1 7.97315E-1 7.97073E-1 8.5545E-1 8.3429E-1 8.31606E-1 8.49433E-1 8.02229E-1 7.80215E-1 8.3216E-1 7.83336E-1 6.93637E-1 6.94016E-1 7.02124E-1 6.81558E-1 6.41544E-1 6.69121E-1 6.46747E-1 5.95882E-1 6.30948E-1 5.61017E-1 4.95708E-1 5.09226E-1 4.83665E-1 4.69398E-1 4.36463E-1 4.11462E-1 4.19443E-1 4.27427E-1 4.78211E-1 5.91356E-1 7.30413E-1 7.43544E-1 4.90907E-1 2.95017E-1 1.17386E-1 1.00997E-1 9.86664E-2 -9999 -9999 -9999
9.53991E-1 9.24747E-1 9.23201E-1 9.34611E-1 9.50495E-1 8.93876E-1 7.73422E-1 6.33664E-1 5.97756E-1 5.86978E-1 6.14423E-1 6.23524E-1 5.64932E-1 6.63672E-1 7.52476E-1 6.90921E-1 7.20876E-1 8.01358E-1 8.25498E-1 8.40978E-1 9.10777E-1 9.05037E-1 9.56198E-1 9.39819E-1 8.89433E-1 8.40527E-1 8.87537E-1 9.1087E-1 8.52102E-1 8.69642E-1 8.39204E-1 7.75164E-1 7.39017E-1 7.48279E-1 7.93001E-1 7.32159E-1 7.26028E-1 7.53085E-1 7.57966E-1 7.06428E-1 7.58021E-1 7.64467E-1 7.13008E-1 7.66241E-1 6.89765E-1 6.23644E-1 7.05851E-1 6.75337E-1 6.51842E-1 5.76029E-1 5.47801E-1 4.99942E-1 4.58799E-1 5.51274E-1 6.43102E-1 8.0253E-1 6.67094E-1 5.57259E-1 5.59234E-1 3.7895E-1 2.20046E-1 1.97589E-1 1.64719E-1 -9999 -9999
8.92563E-1 9.2306E-1 9.51484E-1 9.61367E-1 9.54735E-1 9.3512E-1 7.55465E-1 6.32673E-1 6.58656E-1 6.27264E-1 6.21299E-1 6.26653E-1 5.58527E-1 6.20065E-1 7.37351E-1 7.58812E-1 7.30816E-1 8.38622E-1 9.14319E-1 9.22825E-1 9.6459E-1 9.66259E-1 9.6429E-1 9.55064E-1 9.3103E-1 9.17296E-1 9.43291E-1 9.49743E-1 8.87332E-1 8.47642E-1 7.67729E-1 6.36125E-1 5.63237E-1 5.68927E-1 5.83375E-1 5.7272E-1 5.82735E-1 6.60691E-1 7.38815E-1 7.05983E-1 7.01526E-1 7.20216E-1 7.06986E-1 7.59293E-1 7.8847E-1 7.31961E-1 7.8018E-1 6.91958E-1 7.58945E-1 6.90955E-1 6.84906E-1 5.83224E-1 4.93946E-1 6.16206E-1 7.43465E-1 6.97338E-1 4.99645E-1 4.9704E-1 4.34009E-1 5.0956E-1 5.50662E-1 6.1906E-1 5.00121E-1 3.54585E-1 -9999
