layers/suitall.asc
ncols         638
nrows         825
xllcorner     -2985163.8955
yllcorner     -3022031.214
cellsize      10000.0
NODATA_value  -9999
[rows 377 to 405 of 825, columns 195 to 259 of 638]
4.32718E-3 6.46979E-3 3.85565E-3 3.09915E-3 3.19403E-3 3.91418E-3 3.24048E-3 2.68436E-3 3.49974E-3 4.07154E-3 5.28815E-3 8.24373E-3 8.376E-3 8.78412E-3 6.82893E-3 6.24077E-3 4.24966E-3 2.63089E-3 2.59816E-3 3.63479E-3 6.50548E-3 1.76613E-3 2.69141E-3 4.51432E-3 5.63026E-3 5.37253E-3 5.72181E-3 6.54186E-3 6.1519E-3 7.38455E-3 8.29682E-3 1.0169E-2 7.99366E-3 7.32984E-3 5.98152E-3 9.65978E-3 1.34744E-2 1.33792E-2 1.39809E-2 1.22869E-2 1.39918E-2 1.66871E-2 1.42134E-2 2.07631E-2 2.01235E-2 2.20472E-2 3.36691E-2 4.79424E-2 5.92016E-2 7.22334E-2 7.92794E-2 3.47974E-2 6.60085E-2 4.29064E-2 3.28745E-2 3.16232E-2 3.54906E-2 1.17937E-1 1.18145E-1 1.08708E-1 1.15799E-1 5.66101E-2 2.21903E-2 2.20363E-2 1.30025E-1
5.79353E-3 5.61077E-3 2.85021E-3 1.95774E-3 2.13881E-3 2.3478E-3 2.94346E-3 4.11671E-3 2.95563E-3 2.61876E-3 4.23788E-3 6.56422E-3 7.88679E-3 8.11887E-3 7.74986E-3 5.70287E-3 4.83412E-3 3.97596E-3 5.53066E-3 3.97227E-3 4.07E-3 1.79211E-3 2.20923E-3 2.23898E-3 3.44551E-3 4.9783E-3 6.31683E-3 9.96354E-3 7.23724E-3 7.53237E-3 8.37639E-3 1.03701E-2 1.10042E-2 6.63066E-3 5.56494E-3 8.78575E-3 1.20085E-2 1.27673E-2 1.2218E-2 1.15356E-2 1.34116E-2 1.78774E-2 1.27208E-2 1.48124E-2 2.08984E-2 2.25862E-2 3.61712E-2 5.4992E-2 6.28998E-2 6.25241E-2 6.96381E-2 2.72863E-2 8.31888E-2 4.68716E-2 2.848E-2 3.67542E-2 2.49319E-2 1.14766E-1 1.23502E-1 9.17481E-2 1.083E-1 3.75471E-2 2.05995E-2 3.25813E-2 1.60179E-1
6.94103E-4 7.42902E-3 3.23191E-3 2.17931E-3 2.14499E-3 2.02098E-3 2.48496E-3 3.13056E-3 4.29168E-3 3.43048E-3 3.61024E-3 4.78212E-3 6.57999E-3 7.80957E-3 8.66083E-3 5.74608E-3 5.42926E-3 5.95505E-3 7.36246E-3 3.42024E-3 2.20158E-3 1.77061E-3 2.29406E-3 4.85488E-3 4.37173E-3 6.70738E-3 1.4241E-2 1.51544E-2 6.98984E-3 1.07901E-2 8.40447E-3 6.96408E-3 1.23945E-2 1.02212E-2 6.07693E-3 6.93114E-3 9.85881E-3 1.07101E-2 1.12638E-2 1.15196E-2 1.01787E-2 1.04122E-2 8.06151E-3 1.16341E-2 2.0121E-2 2.50444E-2 3.06966E-2 4.16014E-2 4.41368E-2 4.35935E-2 3.47098E-2 4.33685E-2 8.88991E-2 5.49965E-2 3.52028E-2 1.75612E-2 3.89813E-2 1.29284E-1 1.09466E-1 8.83047E-2 1.01568E-1 7.07984E-2 2.5146E-2 5.30049E-2 1.66769E-1
7.56598E-5 7.60276E-3 4.86162E-3 3.30729E-3 1.9447E-3 1.93904E-3 1.901E-3 1.90122E-3 2.65325E-3 3.98816E-3 3.36356E-3 5.52333E-3 6.70855E-3 7.1131E-3 8.17318E-3 6.74482E-3 6.86329E-3 7.41754E-3 7.29082E-3 3.94055E-3 2.4719E-3 2.58745E-3 4.90959E-3 1.02204E-2 5.93917E-3 7.86814E-3 1.67228E-2 1.21194E-2 4.94565E-3 1.02541E-2 6.97362E-3 4.97551E-3 9.8585E-3 1.13365E-2 7.67664E-3 4.80092E-3 6.0881E-3 8.16599E-3 1.16534E-2 1.29228E-2 9.45261E-3 8.05751E-3 9.71573E-3 1.3596E-2 2.04231E-2 2.48736E-2 2.64137E-2 3.84431E-2 4.39335E-2 4.1667E-2 4.86635E-2 5.32E-2 1.03969E-1 7.53948E-2 2.4954E-2 1.25105E-2 4.58684E-2 5.78101E-2 7.40345E-2 6.82193E-2 3.52534E-2 4.16854E-2 5.5415E-2 1.56979E-1 2.16922E-1
7.15494E-5 7.65596E-3 7.16324E-3 2.82199E-3 1.36726E-3 1.41197E-3 1.57139E-3 1.81435E-3 3.30691E-3 3.59902E-3 3.7747E-3 4.70147E-3 6.46002E-3 8.01768E-3 7.65118E-3 8.95021E-3 7.7574E-3 7.55945E-3 6.34949E-3 4.06883E-3 2.53411E-3 5.97656E-3 7.15096E-3 9.30229E-3 1.27758E-2 1.49659E-2 1.17128E-2 5.59672E-3 4.44204E-3 2.3647E-3 2.82916E-3 4.58423E-3 1.09744E-2 1.04814E-2 8.72638E-3 4.39356E-3 3.82343E-3 7.0263E-3 1.30726E-2 1.52904E-2 1.27451E-2 8.00453E-3 8.38694E-3 1.49379E-2 1.91492E-2 1.92738E-2 2.58757E-2 3.19911E-2 3.40894E-2 4.64256E-2 5.28381E-2 6.06399E-2 9.16273E-2 6.22292E-2 3.49876E-2 2.7653E-2 3.87958E-2 5.14313E-2 6.66831E-2 6.01993E-2 2.60355E-2 3.73366E-2 1.32485E-1 2.05642E-1 2.38355E-1
6.18702E-5 3.16491E-3 7.40804E-3 2.71565E-3 1.39693E-3 1.14325E-3 1.47443E-3 1.92321E-3 2.01391E-3 3.56347E-3 4.44973E-3 4.45552E-3 4.18433E-3 7.33693E-3 7.38157E-3 6.66797E-3 5.67881E-3 6.1176E-3 5.03091E-3 3.44429E-3 3.61538E-3 8.93501E-3 4.83292E-3 4.37504E-3 8.82779E-3 1.03842E-2 1.25773E-2 1.08844E-2 5.8792E-3 1.14157E-3 1.49613E-3 4.24796E-3 1.00652E-2 9.11139E-3 8.12091E-3 4.6995E-3 5.26583E-3 1.08103E-2 1.08096E-2 1.2956E-2 1.34863E-2 1.14893E-2 1.09091E-2 1.48538E-2 1.69531E-2 8.91772E-3 1.90731E-2 1.87066E-2 2.04163E-2 3.99873E-2 5.49494E-2 7.55689E-2 6.84876E-2 3.95845E-2 5.70992E-2 3.37063E-2 2.42369E-2 4.27074E-2 4.88299E-2 6.8595E-2 3.465E-2 4.45623E-2 1.88943E-1 2.10234E-1 2.13424E-1
4.71099E-5 4.61388E-4 8.09402E-3 3.74144E-3 1.82588E-3 1.27368E-3 1.39634E-3 1.62364E-3 2.0827E-3 3.20701E-3 4.28606E-3 4.48485E-3 5.50421E-3 5.81135E-3 7.77134E-3 8.30339E-3 8.193E-3 7.10938E-3 6.39935E-3 6.8432E-3 7.72086E-3 6.74811E-3 2.77738E-3 1.42044E-3 1.67316E-3 3.38948E-3 1.09797E-2 9.79904E-3 3.7852E-3 1.31368E-3 1.59734E-3 2.05309E-3 6.47762E-3 9.20758E-3 7.72098E-3 6.06759E-3 9.90251E-3 1.34815E-2 1.16069E-2 1.04215E-2 1.38328E-2 1.31285E-2 1.14514E-2 7.92667E-3 1.18006E-2 9.67353E-3 1.42777E-2 2.55202E-2 3.24636E-2 3.64487E-2 4.97663E-2 7.76411E-2 5.11461E-2 3.99169E-2 7.20939E-2 4.80107E-2 1.95267E-2 1.14584E-2 3.95877E-2 9.14823E-2 3.97139E-2 5.97049E-2 1.99158E-1 1.79496E-1 1.88042E-1
-9999 6.8048E-5 7.99458E-3 4.16155E-3 1.90924E-3 1.43736E-3 1.36469E-3 1.51552E-3 1.82963E-3 4.37204E-3 4.09925E-3 5.67899E-3 5.74832E-3 5.40035E-3 7.07004E-3 5.8109E-3 7.46427E-3 4.20724E-3 5.4023E-3 8.49778E-3 8.2169E-3 4.48445E-3 1.89264E-3 1.14142E-3 1.20617E-3 1.95446E-3 2.93724E-3 1.2759E-3 1.4447E-3 1.25672E-3 1.28032E-3 1.39363E-3 4.71954E-3 8.64933E-3 6.90629E-3 6.5975E-3 1.19136E-2 1.44533E-2 1.39377E-2 1.24269E-2 1.42202E-2 1.45716E-2 1.23495E-2 5.21661E-3 5.38669E-3 9.9268E-3 8.03455E-3 2.86872E-2 3.26032E-2 3.26455E-2 5.12488E-2 7.18328E-2 7.11014E-2 6.34788E-2 8.4483E-2 8.33515E-2 1.81727E-2 5.9668E-3 2.60075E-2 8.25617E-2 4.01994E-2 6.84773E-2 2.07005E-1 1.59744E-1 1.81019E-1
-9999 8.49916E-5 6.75671E-3 4.17941E-3 2.45314E-3 1.88843E-3 1.31768E-3 1.48185E-3 2.04909E-3 3.53751E-3 2.49058E-3 3.26158E-3 5.99184E-3 5.53073E-3 5.02296E-3 5.3683E-3 6.09167E-3 6.93042E-3 6.80502E-3 9.28281E-3 8.48895E-3 5.44171E-3 2.07729E-3 1.2281E-3 1.12966E-3 1.17901E-3 1.28154E-3 1.27571E-3 1.36233E-3 1.38839E-3 1.77004E-3 1.31997E-3 4.45991E-3 7.1235E-3 5.30708E-3 6.99138E-3 1.27725E-2 1.26907E-2 1.24591E-2 1.22107E-2 1.54975E-2 1.38382E-2 1.30559E-2 3.88942E-3 3.19583E-3 5.61633E-3 7.80434E-3 2.16863E-2 2.35622E-2 2.97101E-2 4.64636E-2 7.01284E-2 8.15137E-2 8.69808E-2 8.24625E-2 7.1668E-2 1.27888E-2 4.24585E-3 1.37958E-2 4.41429E-2 3.31199E-2 8.28888E-2 1.82231E-1 1.32092E-1 1.97926E-1
-9999 1.14648E-4 5.14375E-3 3.54728E-3 3.61805E-3 2.80628E-3 1.52648E-3 1.41205E-3 1.61533E-3 3.89067E-3 3.41906E-3 4.09017E-3 4.98225E-3 5.12665E-3 3.21843E-3 4.52764E-3 5.8396E-3 5.52725E-3 8.52943E-3 9.45223E-3 6.10489E-3 4.33675E-3 2.07705E-3 1.19535E-3 1.24791E-3 1.37804E-3 1.46889E-3 1.24337E-3 1.7922E-3 2.35488E-3 2.92753E-3 2.43894E-3 2.94154E-3 4.43452E-3 4.15578E-3 6.88204E-3 1.26148E-2 1.33187E-2 1.19193E-2 1.09123E-2 1.4901E-2 1.2734E-2 1.33222E-2 1.09585E-2 4.84355E-3 4.12123E-3 8.48008E-3 1.83769E-2 2.44673E-2 2.35247E-2 3.71224E-2 5.9711E-2 7.90871E-2 7.72122E-2 7.9409E-2 2.83797E-2 7.48541E-3 6.37553E-3 1.13218E-2 1.93999E-2 2.15698E-2 8.53061E-2 1.59984E-1 1.1326E-1 1.93366E-1
-9999 -9999 4.87902E-3 4.4199E-3 2.47429E-3 2.81817E-3 1.53105E-3 1.34782E-3 1.5281E-3 1.91656E-3 3.18029E-3 4.10167E-3 4.84121E-3 5.20152E-3 3.26503E-3 3.48653E-3 5.86593E-3 6.8419E-3 7.90715E-3 5.56385E-3 4.69632E-3 4.6766E-3 1.96692E-3 1.31123E-3 2.16439E-3 1.19518E-3 1.0741E-3 1.20767E-3 2.05819E-3 4.15086E-3 3.61962E-3 3.68577E-3 2.00317E-3 3.34058E-3 3.83726E-3 5.71004E-3 1.10199E-2 1.47562E-2 1.00834E-2 8.83939E-3 1.37018E-2 1.59469E-2 1.76537E-2 1.54126E-2 1.13291E-2 7.13157E-3 8.16441E-3 1.64366E-2 2.64474E-2 2.87134E-2 4.15249E-2 3.08639E-2 6.17617E-2 9.34909E-2 7.3513E-2 1.06098E-2 3.44742E-3 6.26189E-3 1.06069E-2 7.51293E-3 1.21329E-2 8.66504E-2 1.60669E-1 1.15103E-1 1.76854E-1
-9999 -9999 4.10053E-3 4.93446E-3 2.24383E-3 1.63063E-3 1.19094E-3 1.30785E-3 1.49731E-3 1.79335E-3 2.60321E-3 4.00171E-3 6.17941E-3 6.75342E-3 2.91459E-3 2.4102E-3 5.20301E-3 7.52523E-3 5.63523E-3 2.24391E-3 3.92784E-3 3.18256E-3 1.71359E-3 1.88452E-3 2.90541E-3 1.88245E-3 1.16139E-3 1.06013E-3 1.4872E-3 2.07059E-3 2.31333E-3 3.04335E-3 1.96827E-3 1.54324E-3 2.23944E-3 4.45486E-3 1.0171E-2 1.19425E-2 6.52239E-3 8.87715E-3 1.84186E-2 1.60498E-2 1.42031E-2 1.59528E-2 8.78267E-3 5.15279E-3 1.46655E-2 1.87822E-2 2.41831E-2 2.22833E-2 2.34021E-2 1.03125E-2 4.64579E-2 5.82924E-2 8.16864E-2 1.05097E-2 3.46737E-3 1.17778E-2 1.12762E-2 7.05517E-3 1.38529E-2 1.20878E-1 2.1274E-1 1.04032E-1 1.54485E-1
-9999 -9999 3.04478E-3 4.40463E-3 2.94744E-3 2.4683E-3 1.75837E-3 1.07903E-3 1.43407E-3 1.678E-3 1.49503E-3 1.99809E-3 4.28039E-3 4.82617E-3 2.6032E-3 1.93506E-3 4.98516E-3 7.58304E-3 2.71908E-3 2.01957E-3 4.92871E-3 2.44968E-3 1.30364E-3 1.65924E-3 3.32186E-3 1.94785E-3 1.96833E-3 1.80115E-3 1.00756E-3 1.05028E-3 2.03137E-3 2.95604E-3 2.25612E-3 1.65026E-3 1.9686E-3 3.7504E-3 7.55021E-3 7.87046E-3 4.73697E-3 9.35401E-3 1.52541E-2 1.36015E-2 8.0189E-3 7.51615E-3 1.23008E-2 4.77045E-3 1.40412E-2 1.9093E-2 2.42366E-2 1.55163E-2 1.47369E-2 8.52735E-3 3.98284E-2 3.38735E-2 7.28999E-2 1.55024E-2 6.62828E-3 1.37724E-2 1.35419E-2 1.47444E-2 2.84674E-2 1.34384E-1 3.18591E-1 6.22649E-2 1.28332E-1
-9999 4.53063E-4 3.56269E-3 4.68768E-3 2.76715E-3 2.4533E-3 3.79098E-3 9.11333E-4 1.19204E-3 1.56771E-3 1.54623E-3 2.32165E-3 3.6718E-3 4.33334E-3 2.37713E-3 1.78455E-3 3.07629E-3 3.78758E-3 1.43018E-3 3.03593E-3 6.96404E-3 4.80067E-3 1.56312E-3 2.40841E-3 3.48447E-3 1.75323E-3 2.35265E-3 2.54667E-3 1.28566E-3 9.69711E-4 1.84608E-3 3.27869E-3 2.89219E-3 2.9843E-3 1.80153E-3 3.44299E-3 5.18345E-3 4.86476E-3 5.11812E-3 6.69061E-3 1.70548E-2 1.48881E-2 8.578E-3 3.64949E-3 3.98185E-3 6.40262E-3 1.67118E-2 2.42873E-2 1.76824E-2 1.00211E-2 1.17908E-2 1.08166E-2 2.05845E-2 1.5847E-2 5.906E-2 5.77434E-2 1.11051E-2 8.03349E-3 9.8278E-3 1.24645E-2 3.14074E-2 1.42041E-1 3.29632E-1 8.25221E-2 1.2092E-1
4.25472E-5 1.16947E-4 2.88641E-3 5.79418E-3 2.7765E-3 2.36314E-3 3.05028E-3 1.01936E-3 9.69288E-4 1.53198E-3 1.51345E-3 2.25674E-3 4.84887E-3 4.56934E-3 2.57353E-3 1.94867E-3 3.11084E-3 4.26724E-3 3.72494E-3 4.22106E-3 4.75321E-3 4.44364E-3 1.66126E-3 2.73336E-3 3.21184E-3 2.48612E-3 3.78276E-3 4.49237E-3 2.24649E-3 7.31378E-4 1.27857E-3 2.49774E-3 3.20337E-3 3.65346E-3 2.02172E-3 2.13222E-3 3.55268E-3 3.48294E-3 4.10649E-3 7.89955E-3 1.10105E-2 1.68207E-2 9.90032E-3 8.2534E-3 2.76742E-3 3.89228E-3 1.38626E-2 2.44641E-2 2.33336E-2 4.92173E-3 6.75721E-3 1.52601E-2 1.89483E-2 8.57686E-3 6.2043E-2 1.17218E-1 1.67622E-2 8.2799E-3 8.85817E-3 1.24434E-2 8.15671E-2 2.03374E-1 2.14153E-1 1.387E-1 1.24392E-1
4.26394E-5 1.05979E-4 2.68987E-3 5.69706E-3 2.89441E-3 2.5642E-3 2.57928E-3 1.73928E-3 1.44433E-3 1.36254E-3 1.66146E-3 2.31074E-3 4.35546E-3 6.62989E-3 5.9254E-3 3.20521E-3 3.60035E-3 2.08645E-3 4.06299E-3 7.41191E-3 8.04924E-3 6.73022E-3 6.62027E-3 8.26815E-3 4.54865E-3 2.33258E-3 6.15182E-3 5.86137E-3 3.14461E-3 1.60426E-3 1.12661E-3 2.0443E-3 2.40488E-3 3.44686E-3 2.95739E-3 3.25333E-3 1.87514E-3 1.90202E-3 3.78623E-3 6.75705E-3 7.07504E-3 1.54661E-2 1.25226E-2 5.54499E-3 3.73714E-3 2.9791E-3 4.82232E-3 2.23402E-2 2.44055E-2 8.7931E-3 9.50231E-3 1.93692E-2 4.55927E-2 4.47598E-2 8.53252E-2 9.28938E-2 1.22551E-2 9.29401E-3 8.5774E-3 9.40685E-3 7.5486E-2 2.21575E-1 1.70812E-1 2.17427E-1 2.06143E-1
4.17487E-5 6.2E-5 2.31911E-3 5.52294E-3 2.79588E-3 2.0526E-3 1.81672E-3 2.09038E-3 1.3276E-3 1.07317E-3 1.52507E-3 1.97374E-3 3.24796E-3 4.4896E-3 6.67024E-3 3.63313E-3 5.32476E-3 2.36726E-3 4.69135E-3 7.45422E-3 6.6539E-3 6.17977E-3 8.82869E-3 6.06804E-3 3.32198E-3 3.14345E-3 7.36353E-3 6.49472E-3 2.49825E-3 1.93093E-3 2.55317E-3 1.80365E-3 1.87976E-3 4.15144E-3 3.45316E-3 2.58955E-3 2.1924E-3 3.57733E-3 4.16749E-3 5.98071E-3 5.68142E-3 1.5467E-2 1.02787E-2 3.28201E-3 2.2075E-3 2.66832E-3 4.78373E-3 1.72498E-2 1.49788E-2 1.72928E-2 1.24396E-2 1.4895E-2 4.49209E-2 9.29438E-2 1.02451E-1 6.69821E-2 6.11361E-3 6.69977E-3 5.38784E-3 8.32704E-3 1.11587E-1 3.18954E-1 2.04648E-1 2.7071E-1 3.52361E-1
4.17365E-5 7.29868E-5 1.90058E-3 4.5075E-3 2.4451E-3 2.23465E-3 1.80798E-3 1.78059E-3 1.06886E-3 1.1587E-3 1.53012E-3 1.79322E-3 2.65722E-3 4.05547E-3 5.96506E-3 4.58072E-3 4.19028E-3 2.97009E-3 3.8593E-3 4.93664E-3 3.92639E-3 5.14181E-3 5.58142E-3 4.59595E-3 2.84073E-3 4.58038E-3 7.4128E-3 5.12797E-3 2.44632E-3 2.67754E-3 2.95238E-3 2.26906E-3 1.62908E-3 3.50281E-3 3.15646E-3 2.05581E-3 3.27449E-3 4.20221E-3 5.20303E-3 5.60439E-3 1.16444E-2 1.31612E-2 1.55137E-2 6.98358E-3 4.06095E-3 3.70827E-3 9.74338E-3 2.18997E-2 1.77992E-2 1.63085E-2 1.53726E-2 4.20969E-2 4.02563E-2 8.94918E-2 1.47664E-1 2.43707E-2 4.26813E-3 8.66986E-3 3.99513E-3 1.0408E-2 5.38753E-2 1.8436E-1 2.56386E-1 3.12232E-1 4.5762E-1
4.15597E-5 7.01655E-5 2.84885E-3 3.94326E-3 2.23446E-3 2.07237E-3 1.93188E-3 1.67798E-3 1.70462E-3 1.45607E-3 1.61771E-3 1.88721E-3 1.82438E-3 4.22716E-3 4.62504E-3 6.82636E-3 3.93516E-3 4.79973E-3 6.49639E-3 5.58747E-3 5.44559E-3 3.24344E-3 6.13295E-3 5.70484E-3 4.35435E-3 3.36633E-3 4.44523E-3 3.28596E-3 2.55457E-3 3.09626E-3 4.03818E-3 2.95349E-3 2.70933E-3 2.85721E-3 2.39314E-3 2.35908E-3 3.55194E-3 5.40323E-3 6.31304E-3 6.98048E-3 1.17948E-2 1.77327E-2 1.45137E-2 2.09578E-2 1.01609E-2 8.99726E-3 1.33062E-2 2.50012E-2 2.22824E-2 1.9954E-2 9.36142E-3 4.75354E-2 3.68772E-2 4.76954E-2 4.06326E-2 2.68061E-3 3.18837E-3 1.04468E-2 5.97408E-3 7.55523E-3 2.99966E-2 1.20086E-1 3.74384E-1 3.88492E-1 4.50387E-1
-9999 6.10976E-5 6.26636E-4 6.05257E-3 2.95361E-3 2.10044E-3 2.5304E-3 1.9816E-3 1.94281E-3 1.70628E-3 1.74942E-3 1.84667E-3 1.6624E-3 4.34193E-3 3.05094E-3 5.12952E-3 6.58085E-3 5.07078E-3 3.84033E-3 7.08802E-3 7.17851E-3 2.79835E-3 4.1931E-3 7.16457E-3 5.52326E-3 4.60918E-3 2.80491E-3 2.9674E-3 3.48887E-3 3.62417E-3 4.56949E-3 3.93274E-3 6.13569E-3 3.59327E-3 1.94619E-3 2.40315E-3 3.1165E-3 4.32587E-3 5.35096E-3 6.23573E-3 1.06056E-2 1.74685E-2 1.58213E-2 2.12566E-2 1.87661E-2 1.89578E-2 1.61143E-2 2.5106E-2 2.43944E-2 2.75332E-2 5.39699E-3 5.94523E-2 6.15734E-2 6.11733E-2 5.37901E-2 2.61692E-3 7.82445E-3 1.16439E-2 6.52182E-3 1.05293E-2 1.47289E-2 7.2969E-2 3.7714E-1 3.65952E-1 5.31878E-1
-9999 4.57048E-5 7.2822E-5 7.74591E-3 4.38721E-3 1.91848E-3 2.61147E-3 2.40669E-3 1.63128E-3 1.86334E-3 1.63531E-3 1.83727E-3 1.86844E-3 3.22361E-3 3.6254E-3 4.22831E-3 6.8835E-3 7.20382E-3 3.90523E-3 3.77042E-3 4.31597E-3 4.71407E-3 2.43647E-3 4.38671E-3 3.9923E-3 7.07086E-3 5.27141E-3 4.10297E-3 4.62697E-3 5.3081E-3 4.50906E-3 5.34127E-3 7.63119E-3 3.37699E-3 1.53443E-3 2.69986E-3 2.98886E-3 4.41352E-3 5.70125E-3 6.42351E-3 8.7542E-3 1.87561E-2 1.99133E-2 2.42962E-2 2.13508E-2 1.7415E-2 1.99797E-2 2.18806E-2 2.67056E-2 3.1882E-2 2.79344E-3 6.22075E-2 7.60113E-2 3.8756E-2 4.96888E-2 5.28376E-2 1.40404E-1 2.52672E-2 8.79786E-3 1.42788E-2 2.17333E-2 8.45069E-2 2.56057E-1 2.53554E-1 4.90363E-1
-9999 4.15561E-5 4.74765E-4 9.85301E-3 4.39024E-3 2.32437E-3 2.54184E-3 2.63672E-3 1.23452E-3 1.51948E-3 1.47217E-3 1.72931E-3 2.70913E-3 2.70012E-3 3.73232E-3 4.28147E-3 7.59956E-3 5.65132E-3 3.73152E-3 5.53704E-3 6.71989E-3 5.01653E-3 2.07117E-3 2.54185E-3 2.23712E-3 5.20527E-3 7.67346E-3 6.07975E-3 6.69028E-3 6.66932E-3 5.40313E-3 5.00112E-3 4.3484E-3 2.47068E-3 1.31185E-3 2.54561E-3 3.34702E-3 5.80853E-3 5.8432E-3 6.40103E-3 9.10821E-3 1.79606E-2 1.81149E-2 1.58475E-2 1.12775E-2 7.89442E-3 2.52302E-2 2.3789E-2 2.73307E-2 3.10078E-2 2.97192E-3 4.35736E-2 5.55572E-2 2.95032E-2 5.4876E-2 6.23757E-2 6.59015E-2 3.89462E-2 4.64402E-2 5.44281E-2 2.25063E-2 8.31425E-2 2.11E-1 2.20434E-1 4.01696E-1
-9999 -9999 5.80532E-5 7.013E-3 5.25595E-3 2.76364E-3 2.59704E-3 1.84642E-3 1.16807E-3 1.17695E-3 1.41646E-3 1.63637E-3 2.07315E-3 2.72033E-3 3.40924E-3 3.24537E-3 5.93569E-3 4.31199E-3 6.85449E-3 5.98145E-3 6.66465E-3 2.78026E-3 3.20639E-3 3.90598E-3 4.47336E-3 5.5472E-3 6.25262E-3 8.41101E-3 8.28604E-3 7.19361E-3 3.72268E-3 3.87637E-3 3.57041E-3 1.18693E-3 1.25673E-3 1.47702E-3 2.99086E-3 5.42716E-3 4.7703E-3 7.34684E-3 9.00716E-3 1.87365E-2 2.07535E-2 1.78446E-2 1.16425E-2 7.47257E-3 2.50826E-2 2.31799E-2 2.10507E-2 3.94129E-2 7.37558E-3 2.41802E-2 3.75561E-2 4.03831E-2 1.06464E-1 5.40811E-2 8.5325E-2 8.30327E-2 1.18238E-1 2.07705E-1 4.98092E-2 2.19478E-1 2.60687E-1 2.32087E-1 3.22968E-1
-9999 -9999 4.45213E-5 3.33479E-3 7.73166E-3 3.0221E-3 1.89491E-3 1.81394E-3 1.59296E-3 1.68622E-3 1.36553E-3 1.54845E-3 1.73273E-3 2.17269E-3 3.50656E-3 3.3259E-3 3.51311E-3 3.26822E-3 4.34498E-3 7.20564E-3 5.79909E-3 3.68269E-3 6.77048E-3 6.06328E-3 5.098E-3 7.75982E-3 5.89293E-3 6.20898E-3 5.48084E-3 3.09443E-3 2.52868E-3 2.89317E-3 2.33915E-3 1.07117E-3 1.22589E-3 1.62111E-3 2.4592E-3 4.65516E-3 6.09759E-3 7.28824E-3 6.74299E-3 1.3522E-2 1.91783E-2 2.31133E-2 2.45997E-2 1.72393E-2 2.13901E-2 1.87305E-2 2.15731E-2 3.77801E-2 1.5045E-2 1.28381E-2 3.509E-2 4.92465E-2 1.05361E-1 3.31986E-2 8.8839E-2 1.02485E-1 1.36331E-1 2.20746E-1 9.95631E-2 1.40073E-1 2.32395E-1 2.5653E-1 2.6453E-1
-9999 -9999 -9999 3.3911E-4 9.46506E-3 3.4938E-3 3.41891E-3 3.97956E-3 2.68794E-3 1.99809E-3 1.45822E-3 1.5947E-3 1.67231E-3 2.22921E-3 3.88865E-3 3.17209E-3 3.23744E-3 3.16771E-3 2.59346E-3 6.64292E-3 4.72081E-3 3.80624E-3 5.23012E-3 7.38802E-3 6.65385E-3 6.88178E-3 6.02931E-3 6.08673E-3 3.97088E-3 3.68965E-3 4.88228E-3 2.83099E-3 1.07926E-3 1.07748E-3 1.36266E-3 2.39475E-3 3.9707E-3 7.23208E-3 4.34956E-3 7.34495E-3 1.0536E-2 1.76056E-2 1.81162E-2 2.18369E-2 2.54792E-2 2.17326E-2 2.13124E-2 1.56053E-2 2.14412E-2 3.10552E-2 2.34823E-2 1.41104E-2 3.0164E-2 5.30269E-2 8.70874E-2 8.81231E-3 1.05888E-1 7.87808E-2 1.0812E-1 1.16557E-1 9.38064E-2 2.0426E-1 2.33605E-1 2.12562E-1 1.65996E-1
-9999 -9999 -9999 4.78717E-4 5.75975E-3 5.67671E-3 5.7461E-3 5.62271E-3 5.56774E-3 2.34966E-3 1.92374E-3 1.51947E-3 1.71702E-3 2.62043E-3 3.58871E-3 3.76993E-3 3.39749E-3 3.40147E-3 2.91354E-3 6.60738E-3 4.37015E-3 2.47331E-3 3.3154E-3 6.5758E-3 6.69127E-3 7.43885E-3 6.62199E-3 6.8708E-3 3.22097E-3 3.11709E-3 6.65165E-3 3.138E-3 1.12164E-3 1.56486E-3 2.83973E-3 3.03256E-3 5.33541E-3 5.64272E-3 6.33958E-3 1.16039E-2 1.45143E-2 1.43638E-2 1.19484E-2 1.88828E-2 1.99764E-2 2.09864E-2 2.18171E-2 1.43849E-2 1.87293E-2 2.33643E-2 2.98663E-2 2.33711E-2 2.92899E-2 6.21216E-2 6.89828E-2 3.6944E-2 9.34093E-2 1.0603E-1 1.15069E-1 6.35599E-2 3.29739E-2 1.19044E-1 2.28653E-1 1.52942E-1 1.28625E-1
-9999 -9999 -9999 6.78139E-4 4.24329E-3 5.45224E-3 4.76184E-3 3.99199E-3 4.69184E-3 3.53405E-3 2.58483E-3 1.43118E-3 1.64319E-3 2.20193E-3 2.77235E-3 3.26637E-3 4.05127E-3 4.14449E-3 3.86477E-3 5.3155E-3 6.84657E-3 4.51108E-3 3.92765E-3 7.07009E-3 3.93039E-3 7.73221E-3 4.88235E-3 5.34803E-3 4.5352E-3 1.76313E-3 5.48639E-3 4.56388E-3 1.975E-3 2.85055E-3 2.29557E-3 3.21584E-3 5.17465E-3 7.81223E-3 1.40168E-2 1.31581E-2 1.24819E-2 9.32865E-3 8.98691E-3 1.65602E-2 1.7252E-2 1.70146E-2 2.2957E-2 2.02358E-2 2.65698E-2 1.95335E-2 2.77133E-2 2.10066E-2 5.15425E-2 7.46272E-2 7.86511E-2 9.7874E-2 1.24145E-1 1.07647E-1 1.25737E-1 2.27021E-2 8.18112E-2 1.70443E-1 2.2971E-1 1.27245E-1 2.1951E-1
-9999 -9999 -9999 2.6561E-3 3.01138E-3 2.8115E-3 2.35052E-3 2.59321E-3 2.90806E-3 3.83011E-3 2.75074E-3 1.48556E-3 1.69708E-3 2.908E-3 2.95093E-3 3.39321E-3 3.68821E-3 3.37291E-3 3.26336E-3 5.73475E-3 5.86182E-3 6.72053E-3 5.15573E-3 7.20157E-3 3.46092E-3 6.70882E-3 5.15077E-3 2.77858E-3 5.84393E-3 3.71712E-3 4.15523E-3 3.95643E-3 4.87262E-3 5.00945E-3 4.39969E-3 5.44208E-3 5.71775E-3 4.10492E-3 1.23582E-2 1.19848E-2 8.5998E-3 5.52911E-3 1.5475E-2 1.56176E-2 2.00114E-2 1.92987E-2 2.72911E-2 2.85067E-2 2.52034E-2 2.42544E-2 2.13473E-2 1.68938E-2 4.69549E-2 5.83335E-2 7.65229E-2 1.40446E-1 1.27291E-1 1.35062E-1 4.18542E-2 2.29678E-2 1.73097E-1 1.79824E-1 2.0279E-1 1.32358E-1 2.77681E-1
-9999 -9999 -9999 3.25893E-3 3.18531E-3 2.57349E-3 2.23307E-3 2.07882E-3 3.08086E-3 5.90017E-3 4.63562E-3 2.05639E-3 1.81627E-3 3.45995E-3 2.25043E-3 1.5259E-3 3.2719E-3 1.81894E-3 2.70985E-3 4.05062E-3 5.12498E-3 6.78747E-3 6.80516E-3 6.99631E-3 5.88825E-3 2.53935E-3 7.35389E-3 3.41524E-3 5.34926E-3 7.70885E-3 2.0158E-3 3.19039E-3 7.16606E-3 7.66422E-3 7.0081E-3 6.77313E-3 9.27383E-3 8.86033E-3 1.14345E-2 1.1884E-2 1.18144E-2 9.55024E-3 1.38336E-2 2.12565E-2 1.29405E-2 1.86318E-2 2.68732E-2 2.51459E-2 1.52414E-2 3.68176E-2 1.37502E-2 2.39051E-2 6.67947E-2 5.98822E-2 8.21962E-2 1.46848E-1 1.19903E-1 1.28197E-1 3.59593E-2 8.09382E-2 1.81068E-1 1.35795E-1 1.80703E-1 1.954E-1 2.96414E-1
