layers/suitall.asc
ncols         638
nrows         825
xllcorner     -2985163.8955
yllcorner     -3022031.214
cellsize      10000.0
NODATA_value  -9999
[rows 261 to 289 of 825, columns 325 to 389 of 638]
2.47923E-1 2.8346E-1 3.37851E-1 3.91583E-1 4.13043E-1 4.13517E-1 3.84861E-1 5.28886E-1 7.56433E-1 7.50599E-1 7.61355E-1 8.66814E-1 7.98626E-1 6.40017E-1 4.33689E-1 3.54987E-1 3.46896E-1 3.48332E-1 3.70803E-1 3.23867E-1 2.78461E-1 2.50437E-1 2.86667E-1 2.41322E-1 1.95927E-1 1.7873E-1 1.63254E-1 1.56057E-1 1.30437E-1 1.00208E-1 7.11589E-2 6.78787E-2 5.91274E-2 5.7186E-2 5.16171E-2 6.296E-2 7.9416E-2 9.69027E-2 1.08579E-1 1.191E-1 1.31647E-1 1.4222E-1 1.49493E-1 1.49354E-1 1.5085E-1 1.6347E-1 1.75623E-1 1.71017E-1 1.80398E-1 1.87221E-1 2.30178E-1 2.53533E-1 2.73606E-1 3.26422E-1 3.4751E-1 3.75685E-1 4.55032E-1 6.16438E-1 9.22225E-1 9.12421E-1 7.89518E-1 7.84607E-1 7.16136E-1 6.81165E-1 6.02379E-1
2.50197E-1 2.56045E-1 2.70789E-1 2.98326E-1 3.71619E-1 4.05256E-1 4.26494E-1 4.36726E-1 4.73099E-1 4.85233E-1 6.00235E-1 8.3406E-1 8.58001E-1 7.71081E-1 4.95256E-1 3.94506E-1 4.09505E-1 3.9997E-1 3.70306E-1 3.23654E-1 3.02402E-1 3.01375E-1 3.00878E-1 2.67757E-1 2.20503E-1 2.0271E-1 1.82499E-1 1.81949E-1 1.52765E-1 1.06603E-1 7.4948E-2 8.03776E-2 7.88741E-2 5.29975E-2 4.50725E-2 5.12977E-2 6.28787E-2 7.84268E-2 8.88812E-2 1.05256E-1 1.18195E-1 1.22878E-1 1.3219E-1 1.29689E-1 1.54863E-1 1.47878E-1 1.67474E-1 1.6543E-1 1.79665E-1 2.15041E-1 2.723E-1 2.8865E-1 3.05052E-1 3.90702E-1 4.51435E-1 4.62595E-1 5.39602E-1 7.63022E-1 9.48936E-1 8.62696E-1 7.3101E-1 7.42006E-1 5.98452E-1 5.97114E-1 6.23735E-1
2.48374E-1 2.46653E-1 2.44144E-1 2.68543E-1 3.50669E-1 3.98425E-1 4.47438E-1 4.30084E-1 3.62449E-1 3.85547E-1 5.29671E-1 7.2791E-1 7.89634E-1 8.36733E-1 7.96784E-1 7.20392E-1 7.54369E-1 6.66008E-1 5.05589E-1 4.04932E-1 3.45268E-1 3.08074E-1 3.14001E-1 2.99752E-1 2.45744E-1 2.25489E-1 1.8856E-1 1.84723E-1 1.65394E-1 1.35104E-1 1.13305E-1 1.22328E-1 9.98875E-2 7.58601E-2 5.91352E-2 5.2041E-2 5.79848E-2 6.50382E-2 7.30491E-2 8.83384E-2 1.01191E-1 1.11578E-1 1.22938E-1 1.22103E-1 1.38186E-1 1.56325E-1 1.78877E-1 1.84774E-1 2.01423E-1 2.59208E-1 2.99391E-1 3.16626E-1 3.55433E-1 4.2786E-1 4.74307E-1 5.03959E-1 5.87404E-1 8.19193E-1 8.41942E-1 7.27853E-1 5.9893E-1 5.94447E-1 5.85646E-1 6.18873E-1 6.1024E-1
2.20409E-1 2.30124E-1 2.41266E-1 2.46321E-1 2.71373E-1 3.25925E-1 3.33774E-1 3.74111E-1 3.38689E-1 3.49238E-1 4.10594E-1 4.73481E-1 5.96794E-1 8.15521E-1 8.67223E-1 8.38969E-1 8.64486E-1 8.16523E-1 6.54613E-1 4.73445E-1 4.34055E-1 4.16316E-1 3.40299E-1 3.15362E-1 2.64861E-1 2.45997E-1 2.51727E-1 2.6057E-1 2.624E-1 1.71654E-1 1.59692E-1 1.31174E-1 1.05192E-1 8.84982E-2 6.9323E-2 4.8063E-2 5.30941E-2 5.85613E-2 6.26337E-2 8.25719E-2 8.98506E-2 1.08976E-1 1.30553E-1 1.34275E-1 1.51112E-1 1.72223E-1 1.81494E-1 1.92865E-1 2.37984E-1 2.81543E-1 2.92954E-1 3.6881E-1 5.45533E-1 6.60301E-1 6.5297E-1 6.84688E-1 7.22197E-1 8.76032E-1 7.45605E-1 6.07418E-1 5.64093E-1 5.3852E-1 5.93853E-1 6.1909E-1 6.07444E-1
1.88134E-1 1.83759E-1 2.0432E-1 2.20985E-1 2.56463E-1 2.97588E-1 3.07375E-1 3.37835E-1 3.26637E-1 3.23183E-1 3.52669E-1 3.59735E-1 4.20269E-1 6.33861E-1 7.55076E-1 7.89738E-1 8.1646E-1 8.81363E-1 8.19822E-1 7.7806E-1 5.68327E-1 4.67204E-1 4.45357E-1 4.27857E-1 4.26697E-1 3.78109E-1 3.30319E-1 2.96815E-1 2.39864E-1 2.42551E-1 1.78045E-1 1.17297E-1 1.0358E-1 7.89927E-2 6.56119E-2 4.36639E-2 4.29002E-2 5.70847E-2 6.88806E-2 1.04271E-1 1.02239E-1 1.15985E-1 1.45696E-1 1.52115E-1 1.87674E-1 1.8392E-1 1.92731E-1 2.36226E-1 2.68408E-1 2.90569E-1 3.24696E-1 4.14481E-1 7.18729E-1 8.54255E-1 8.94198E-1 9.31406E-1 8.81695E-1 9.12548E-1 7.39403E-1 5.72129E-1 5.53996E-1 5.31858E-1 5.144E-1 6.35311E-1 6.11851E-1
1.8144E-1 1.64157E-1 1.88171E-1 2.18375E-1 2.63332E-1 3.02547E-1 2.98341E-1 3.12326E-1 3.36388E-1 3.19777E-1 3.32115E-1 3.36468E-1 3.40037E-1 4.34632E-1 4.83664E-1 4.99688E-1 5.74372E-1 7.67253E-1 8.24635E-1 8.97487E-1 7.51999E-1 5.56125E-1 4.04109E-1 3.59939E-1 3.34064E-1 3.77215E-1 3.60533E-1 2.8208E-1 2.27807E-1 1.93929E-1 1.70028E-1 1.35656E-1 1.06816E-1 7.53717E-2 6.73082E-2 5.32752E-2 4.87631E-2 5.74262E-2 8.43111E-2 1.24224E-1 1.18622E-1 1.23235E-1 1.54126E-1 1.65674E-1 1.92034E-1 2.19287E-1 2.24902E-1 2.61285E-1 2.85544E-1 3.43924E-1 5.37313E-1 6.57341E-1 7.49115E-1 7.15949E-1 6.81516E-1 7.16374E-1 8.44907E-1 7.31297E-1 6.36277E-1 5.68166E-1 5.42584E-1 5.62588E-1 5.69111E-1 5.13042E-1 4.40362E-1
1.81376E-1 1.59994E-1 1.7832E-1 2.02818E-1 2.39667E-1 2.65507E-1 2.75755E-1 2.84025E-1 3.00934E-1 3.02711E-1 3.10682E-1 3.19504E-1 3.24952E-1 3.66378E-1 3.69927E-1 3.70789E-1 4.20822E-1 5.09597E-1 6.35836E-1 8.74966E-1 8.96713E-1 7.14348E-1 5.08168E-1 3.62583E-1 3.19291E-1 2.97984E-1 2.86746E-1 3.51655E-1 3.14557E-1 2.44258E-1 1.80032E-1 1.60975E-1 1.25206E-1 8.77364E-2 6.30434E-2 5.70605E-2 6.48303E-2 6.73445E-2 8.41509E-2 1.12339E-1 1.27957E-1 1.35426E-1 1.65962E-1 1.89237E-1 2.36223E-1 2.50144E-1 2.77229E-1 2.87538E-1 3.69543E-1 5.52079E-1 7.25622E-1 8.26764E-1 8.70061E-1 6.53208E-1 4.00968E-1 4.8858E-1 6.36412E-1 5.47839E-1 4.88395E-1 5.66188E-1 5.65618E-1 5.68238E-1 5.41577E-1 4.76223E-1 4.25383E-1
2.01722E-1 1.65881E-1 1.74963E-1 2.07032E-1 2.0829E-1 2.17387E-1 2.39932E-1 2.47613E-1 2.40031E-1 2.52183E-1 2.73366E-1 2.9963E-1 3.27007E-1 3.32896E-1 3.43099E-1 3.52358E-1 3.88057E-1 4.13105E-1 5.96395E-1 8.21636E-1 8.57694E-1 8.7376E-1 5.91687E-1 3.85937E-1 3.24069E-1 2.89026E-1 2.58429E-1 2.0857E-1 1.85216E-1 1.92199E-1 2.06E-1 1.75022E-1 1.33433E-1 8.45697E-2 5.20599E-2 5.19363E-2 7.94607E-2 8.27144E-2 8.74728E-2 1.0641E-1 1.26077E-1 1.56936E-1 1.86897E-1 2.16882E-1 2.38029E-1 2.74031E-1 3.21257E-1 3.30667E-1 5.43246E-1 7.71145E-1 8.49903E-1 6.91863E-1 6.31505E-1 4.8501E-1 3.36862E-1 3.68809E-1 4.14827E-1 4.2529E-1 5.03482E-1 5.08959E-1 4.7838E-1 4.95558E-1 5.31291E-1 5.01243E-1 5.15924E-1
2.15295E-1 1.94936E-1 2.033E-1 2.06696E-1 1.9965E-1 2.09149E-1 2.30122E-1 2.21819E-1 2.11074E-1 2.27025E-1 2.45025E-1 2.82295E-1 3.1794E-1 3.27339E-1 3.47178E-1 3.63777E-1 4.04704E-1 4.63449E-1 6.08137E-1 6.74559E-1 8.01116E-1 8.76622E-1 6.00053E-1 4.13165E-1 3.42467E-1 2.74326E-1 2.45772E-1 2.12662E-1 1.91052E-1 2.04144E-1 1.93791E-1 1.40449E-1 9.44511E-2 6.37714E-2 4.88734E-2 5.1774E-2 8.25555E-2 9.94258E-2 9.03259E-2 1.1081E-1 1.30893E-1 1.57871E-1 1.7896E-1 2.02709E-1 2.22708E-1 2.80177E-1 3.41631E-1 4.11933E-1 7.09013E-1 8.24004E-1 6.40532E-1 4.80551E-1 3.77252E-1 3.09728E-1 3.03535E-1 3.28753E-1 3.56843E-1 3.90731E-1 4.07065E-1 3.74993E-1 4.25327E-1 4.63952E-1 5.29438E-1 5.62583E-1 4.79048E-1
2.83282E-1 2.23516E-1 2.23091E-1 1.80972E-1 1.86332E-1 2.06481E-1 2.45408E-1 2.23329E-1 2.14134E-1 2.2393E-1 2.41414E-1 2.81093E-1 3.12886E-1 3.41356E-1 3.85112E-1 4.15227E-1 4.78205E-1 6.44187E-1 8.31527E-1 8.2751E-1 9.11385E-1 8.15657E-1 5.6956E-1 4.15174E-1 3.37397E-1 2.7456E-1 2.50315E-1 2.17334E-1 1.92295E-1 1.82084E-1 1.92015E-1 1.59278E-1 1.07905E-1 8.30212E-2 7.04364E-2 6.28817E-2 8.28261E-2 1.1137E-1 1.04789E-1 1.20278E-1 1.35261E-1 1.54166E-1 1.7767E-1 2.11193E-1 2.51483E-1 2.95631E-1 3.22656E-1 4.28353E-1 6.87061E-1 6.85313E-1 4.51008E-1 3.39563E-1 2.86665E-1 2.72026E-1 2.7498E-1 2.6311E-1 2.9106E-1 3.20005E-1 3.27171E-1 3.21321E-1 3.61075E-1 3.83636E-1 4.52165E-1 4.80917E-1 4.35279E-1
2.90493E-1 2.19824E-1 1.74843E-1 1.43705E-1 1.68795E-1 2.02925E-1 2.16453E-1 2.50514E-1 2.47499E-1 2.30147E-1 2.51125E-1 2.95933E-1 3.37843E-1 3.75344E-1 4.20707E-1 4.84905E-1 6.52279E-1 8.50203E-1 9.27703E-1 9.39003E-1 8.35484E-1 6.28539E-1 4.64795E-1 3.92993E-1 3.24619E-1 2.66528E-1 2.56892E-1 2.33814E-1 1.9966E-1 1.82369E-1 1.99845E-1 1.97638E-1 1.52173E-1 1.27767E-1 7.92527E-2 7.61716E-2 8.54005E-2 1.08618E-1 1.11089E-1 1.25259E-1 1.49419E-1 1.66567E-1 1.89706E-1 2.23587E-1 2.41996E-1 2.81788E-1 2.96163E-1 4.04839E-1 6.4139E-1 6.54061E-1 3.74692E-1 3.00071E-1 2.69869E-1 2.58172E-1 2.53451E-1 2.57351E-1 2.60201E-1 2.8786E-1 2.9689E-1 3.05273E-1 3.10775E-1 3.25468E-1 3.47446E-1 3.636E-1 3.64351E-1
2.96119E-1 2.7402E-1 2.38694E-1 2.15597E-1 1.75683E-1 1.55649E-1 1.87831E-1 2.31397E-1 2.65123E-1 2.31012E-1 2.61065E-1 3.03643E-1 3.59905E-1 4.05631E-1 4.42518E-1 6.24716E-1 8.60853E-1 9.33965E-1 8.62698E-1 8.38282E-1 6.64595E-1 5.15638E-1 4.5143E-1 3.8842E-1 3.21646E-1 2.67987E-1 2.5061E-1 2.33133E-1 1.9412E-1 1.73572E-1 1.44601E-1 1.1998E-1 1.04679E-1 9.9284E-2 1.067E-1 9.72808E-2 9.8112E-2 1.04126E-1 1.08924E-1 1.26658E-1 1.61117E-1 1.83287E-1 2.0818E-1 2.28107E-1 2.27069E-1 2.65076E-1 3.06994E-1 4.86452E-1 6.94935E-1 6.4619E-1 3.74333E-1 3.03282E-1 2.78215E-1 2.50291E-1 2.42366E-1 2.38634E-1 2.43063E-1 2.56044E-1 2.76321E-1 3.10252E-1 2.91709E-1 2.70999E-1 2.7675E-1 2.78953E-1 2.70333E-1
3.36369E-1 3.11091E-1 2.67422E-1 2.2773E-1 1.8662E-1 1.56255E-1 1.49846E-1 2.00119E-1 2.28841E-1 2.43371E-1 2.60415E-1 3.01641E-1 3.73719E-1 4.25602E-1 4.62729E-1 6.29204E-1 8.49057E-1 9.46465E-1 7.34251E-1 6.54822E-1 5.33603E-1 4.96151E-1 4.50745E-1 3.81671E-1 3.19336E-1 2.7274E-1 2.31068E-1 1.99004E-1 1.86058E-1 1.63095E-1 1.37622E-1 1.24648E-1 9.77635E-2 1.01201E-1 1.11673E-1 1.00514E-1 1.24143E-1 1.26345E-1 1.37417E-1 1.3816E-1 1.5735E-1 1.86407E-1 2.15825E-1 2.38017E-1 2.38355E-1 2.64584E-1 3.47305E-1 6.25773E-1 7.17437E-1 5.56544E-1 3.47989E-1 2.94821E-1 2.73225E-1 2.50012E-1 2.23499E-1 2.10106E-1 2.19054E-1 2.31295E-1 2.44462E-1 2.53456E-1 2.41717E-1 2.48899E-1 2.66922E-1 2.50047E-1 2.49816E-1
3.40059E-1 2.92592E-1 2.55611E-1 2.4395E-1 2.16622E-1 1.87001E-1 1.65349E-1 2.19051E-1 2.56951E-1 2.98937E-1 3.37226E-1 3.41282E-1 3.95102E-1 4.54065E-1 5.00827E-1 5.98943E-1 7.39136E-1 8.75441E-1 8.7766E-1 6.74607E-1 5.10218E-1 4.68091E-1 4.30273E-1 3.77869E-1 3.34417E-1 2.91577E-1 2.63415E-1 2.58854E-1 2.61319E-1 2.04653E-1 1.66466E-1 1.60259E-1 1.34123E-1 1.13102E-1 1.38994E-1 1.53437E-1 1.51866E-1 1.54407E-1 1.6836E-1 1.71647E-1 1.7113E-1 1.90756E-1 2.16421E-1 2.4058E-1 2.55065E-1 2.68835E-1 3.67565E-1 6.53892E-1 6.00391E-1 3.90003E-1 3.01173E-1 2.77709E-1 2.55159E-1 2.35611E-1 2.09154E-1 1.9597E-1 1.944E-1 2.0541E-1 2.13377E-1 2.27161E-1 2.5643E-1 2.9011E-1 3.09483E-1 2.84998E-1 2.815E-1
3.26904E-1 2.97578E-1 3.02412E-1 2.72927E-1 2.34582E-1 2.11502E-1 1.85931E-1 2.05231E-1 2.53594E-1 3.10419E-1 3.2919E-1 3.69891E-1 4.48524E-1 5.33816E-1 5.62986E-1 7.30268E-1 9.1338E-1 9.27291E-1 9.47473E-1 7.2463E-1 5.25043E-1 4.78059E-1 4.59448E-1 4.22299E-1 3.93026E-1 3.76759E-1 3.65585E-1 3.41153E-1 2.92408E-1 2.32213E-1 2.07935E-1 1.98556E-1 1.83028E-1 1.4425E-1 1.50405E-1 1.68611E-1 1.82915E-1 1.95213E-1 1.98004E-1 2.06873E-1 2.06665E-1 2.03343E-1 2.19168E-1 2.34147E-1 2.56207E-1 2.64816E-1 3.74883E-1 6.689E-1 5.83754E-1 3.26254E-1 2.9171E-1 2.70446E-1 2.46041E-1 2.24109E-1 1.94989E-1 1.90112E-1 1.87427E-1 1.8638E-1 1.88478E-1 2.01741E-1 2.44081E-1 2.63487E-1 2.92466E-1 3.65842E-1 3.83548E-1
3.65617E-1 3.34788E-1 3.49065E-1 2.97498E-1 2.49009E-1 2.25878E-1 2.09727E-1 2.1076E-1 2.51185E-1 2.77408E-1 3.03674E-1 3.37566E-1 4.02099E-1 5.02168E-1 5.55095E-1 7.97627E-1 9.59823E-1 9.68135E-1 8.97086E-1 6.77967E-1 5.21758E-1 5.13049E-1 5.09138E-1 4.89565E-1 4.93926E-1 4.6323E-1 3.96646E-1 3.39505E-1 2.80721E-1 2.4731E-1 2.31884E-1 1.93935E-1 1.56777E-1 1.59695E-1 1.84991E-1 1.96118E-1 2.06446E-1 2.1336E-1 2.19333E-1 2.2004E-1 2.2593E-1 2.25016E-1 2.43002E-1 2.60212E-1 2.70683E-1 2.8114E-1 4.25698E-1 6.89168E-1 5.71903E-1 3.19269E-1 2.83746E-1 2.645E-1 2.42368E-1 2.16692E-1 1.82517E-1 1.84182E-1 1.89881E-1 1.87827E-1 2.11927E-1 2.51643E-1 2.51148E-1 2.35857E-1 2.65374E-1 4.45234E-1 5.38714E-1
4.77529E-1 4.05439E-1 3.83389E-1 3.23879E-1 2.74915E-1 2.50097E-1 2.26916E-1 2.1916E-1 2.54365E-1 2.78522E-1 2.93477E-1 3.31306E-1 3.9863E-1 4.83466E-1 5.51957E-1 8.08024E-1 9.60032E-1 9.79571E-1 8.6053E-1 7.78186E-1 7.01872E-1 6.27888E-1 5.69203E-1 5.5172E-1 5.06084E-1 4.40109E-1 3.91155E-1 3.28291E-1 2.98147E-1 2.59375E-1 2.16643E-1 1.62631E-1 1.27287E-1 1.41499E-1 1.88554E-1 2.08599E-1 2.17697E-1 2.45554E-1 2.61387E-1 2.46693E-1 2.44379E-1 2.61393E-1 2.80091E-1 2.99645E-1 3.02561E-1 3.22149E-1 4.6792E-1 7.13302E-1 5.89443E-1 3.3406E-1 2.76598E-1 2.56715E-1 2.40035E-1 2.23009E-1 1.96116E-1 1.87407E-1 1.86588E-1 1.75368E-1 1.779E-1 1.93815E-1 1.98682E-1 1.97178E-1 2.14317E-1 2.85893E-1 3.81577E-1
5.39172E-1 5.03127E-1 4.79913E-1 4.02232E-1 3.17714E-1 2.83176E-1 2.44358E-1 2.242E-1 2.38962E-1 2.62139E-1 3.0211E-1 3.55868E-1 4.31367E-1 5.38348E-1 5.56754E-1 7.48161E-1 9.12652E-1 9.7801E-1 9.61194E-1 9.47935E-1 9.43841E-1 8.66914E-1 7.21889E-1 6.34067E-1 5.13372E-1 4.23748E-1 3.81354E-1 3.29491E-1 2.94082E-1 2.57819E-1 2.27467E-1 1.8547E-1 1.57153E-1 1.73551E-1 2.02285E-1 2.16446E-1 2.30899E-1 2.51233E-1 2.47296E-1 2.54946E-1 2.66249E-1 2.83962E-1 3.0115E-1 3.31313E-1 3.74651E-1 4.17734E-1 6.11415E-1 7.78993E-1 6.03191E-1 3.44495E-1 2.73317E-1 2.51125E-1 2.40092E-1 2.30323E-1 2.0625E-1 1.85943E-1 1.69428E-1 1.61028E-1 1.41071E-1 1.4483E-1 1.52059E-1 1.64949E-1 2.03239E-1 2.50148E-1 3.06592E-1
5.2247E-1 5.12222E-1 4.94484E-1 4.05604E-1 3.22529E-1 2.90426E-1 2.61485E-1 2.48892E-1 2.70232E-1 2.83002E-1 3.29787E-1 3.57663E-1 4.00904E-1 4.52454E-1 5.0154E-1 5.85684E-1 8.31374E-1 9.65399E-1 9.8093E-1 9.85948E-1 9.79794E-1 9.61906E-1 9.18633E-1 7.8862E-1 5.34565E-1 4.32598E-1 3.68072E-1 3.08337E-1 2.85544E-1 2.63338E-1 2.46752E-1 2.20425E-1 2.13954E-1 2.19516E-1 2.00142E-1 2.17186E-1 2.43777E-1 2.57319E-1 2.70416E-1 2.9929E-1 3.21733E-1 3.1885E-1 3.33356E-1 4.31438E-1 5.09371E-1 6.44087E-1 7.84782E-1 7.05502E-1 5.30748E-1 3.44245E-1 3.05574E-1 2.74531E-1 2.56047E-1 2.33884E-1 2.09991E-1 1.97617E-1 1.66111E-1 1.43005E-1 1.218E-1 1.14679E-1 1.33611E-1 1.44082E-1 1.77423E-1 2.33714E-1 3.01728E-1
6.60466E-1 5.32934E-1 4.88018E-1 4.04224E-1 3.254E-1 2.94257E-1 2.64864E-1 2.58045E-1 2.72798E-1 2.89528E-1 3.29947E-1 3.34038E-1 3.10342E-1 3.50453E-1 4.13382E-1 4.88789E-1 7.22254E-1 8.72441E-1 9.16953E-1 9.18101E-1 9.07835E-1 9.15556E-1 9.69458E-1 8.97927E-1 6.68119E-1 5.36756E-1 4.32924E-1 3.48713E-1 3.26127E-1 2.76834E-1 2.56627E-1 2.4915E-1 2.13282E-1 2.11771E-1 2.10022E-1 2.27104E-1 2.52682E-1 2.72072E-1 2.94029E-1 3.31572E-1 3.53447E-1 4.61751E-1 5.15932E-1 6.2827E-1 7.54323E-1 7.00005E-1 6.65298E-1 5.19436E-1 3.77488E-1 3.3708E-1 3.17141E-1 2.90049E-1 2.63287E-1 2.37303E-1 2.12426E-1 2.09694E-1 1.64519E-1 1.34513E-1 1.16352E-1 1.02733E-1 1.26209E-1 1.39329E-1 1.66624E-1 1.93349E-1 1.87555E-1
8.05485E-1 5.4371E-1 4.71197E-1 4.2E-1 3.42956E-1 3.08648E-1 2.87359E-1 2.74812E-1 2.58262E-1 2.83137E-1 3.1739E-1 3.06719E-1 3.23409E-1 3.54052E-1 4.04789E-1 4.52465E-1 5.02866E-1 5.9377E-1 6.2681E-1 6.43596E-1 7.36973E-1 8.99557E-1 9.34529E-1 8.32574E-1 6.52148E-1 5.84023E-1 4.63767E-1 3.68812E-1 3.37376E-1 2.85384E-1 2.56725E-1 2.37809E-1 1.97368E-1 2.00631E-1 2.22731E-1 2.39615E-1 2.55594E-1 2.81729E-1 3.13483E-1 3.4957E-1 4.92633E-1 6.85156E-1 8.11868E-1 8.03562E-1 7.99793E-1 7.97437E-1 6.0494E-1 3.90179E-1 3.18305E-1 3.02693E-1 2.97129E-1 2.79132E-1 2.63437E-1 2.36542E-1 2.12451E-1 2.13626E-1 1.70972E-1 1.46923E-1 1.25917E-1 1.03385E-1 1.32368E-1 1.43956E-1 1.71256E-1 1.68238E-1 1.92288E-1
8.26134E-1 6.5366E-1 4.81437E-1 4.31232E-1 3.64955E-1 3.33166E-1 3.07638E-1 2.83434E-1 2.58262E-1 2.76471E-1 3.3892E-1 3.87491E-1 3.90324E-1 4.13093E-1 4.63475E-1 4.89984E-1 4.57733E-1 4.86381E-1 5.02398E-1 5.59231E-1 7.17321E-1 9.25465E-1 8.67535E-1 7.07397E-1 5.44947E-1 5.04436E-1 4.24904E-1 3.57543E-1 3.08532E-1 2.78654E-1 2.36374E-1 1.97561E-1 1.77095E-1 1.90433E-1 2.21751E-1 2.55422E-1 2.81017E-1 3.05545E-1 3.39878E-1 4.10385E-1 6.74729E-1 8.39415E-1 7.4732E-1 6.2622E-1 7.92125E-1 8.25604E-1 6.25169E-1 3.64803E-1 3.20204E-1 2.99782E-1 2.84789E-1 2.75687E-1 2.66204E-1 2.33571E-1 2.24259E-1 2.2266E-1 1.89611E-1 1.68367E-1 1.54674E-1 1.23503E-1 1.53005E-1 1.60378E-1 1.78365E-1 1.87168E-1 2.00932E-1
9.3483E-1 7.97197E-1 6.28022E-1 4.50697E-1 3.826E-1 3.3489E-1 2.94929E-1 2.77901E-1 2.64322E-1 2.61096E-1 3.04925E-1 3.78303E-1 3.98718E-1 4.22835E-1 4.62823E-1 4.87758E-1 4.80551E-1 4.85106E-1 5.00721E-1 5.62555E-1 7.47163E-1 9.29525E-1 8.46712E-1 5.99617E-1 4.75085E-1 4.22845E-1 3.80884E-1 3.46703E-1 3.07806E-1 2.80144E-1 2.22424E-1 1.78563E-1 1.61229E-1 1.84932E-1 2.20096E-1 2.63099E-1 2.95326E-1 3.2051E-1 3.52567E-1 4.023E-1 5.44027E-1 5.90301E-1 5.30768E-1 5.43184E-1 7.96623E-1 8.38601E-1 6.25561E-1 4.32809E-1 3.62274E-1 3.39372E-1 3.16146E-1 3.07356E-1 2.92639E-1 2.66734E-1 2.49558E-1 2.45115E-1 2.224E-1 1.98895E-1 1.91547E-1 1.52261E-1 1.71751E-1 1.77572E-1 2.20441E-1 2.64722E-1 2.02991E-1
9.02964E-1 9.0966E-1 7.04511E-1 4.56114E-1 3.92382E-1 3.28746E-1 2.88342E-1 2.91799E-1 2.78638E-1 2.55259E-1 2.69047E-1 3.16463E-1 3.69217E-1 4.23767E-1 4.64057E-1 5.03278E-1 5.4494E-1 5.51065E-1 5.47922E-1 7.01087E-1 8.89397E-1 9.56996E-1 8.24942E-1 5.34966E-1 4.33845E-1 3.81915E-1 3.46689E-1 3.19031E-1 2.90812E-1 2.75815E-1 2.21809E-1 1.79545E-1 1.669E-1 1.88201E-1 2.18917E-1 2.45981E-1 2.7244E-1 3.08102E-1 3.38766E-1 3.66042E-1 3.79481E-1 4.25829E-1 5.49316E-1 7.54232E-1 8.52563E-1 8.31071E-1 8.10395E-1 5.76526E-1 4.29386E-1 3.83214E-1 3.67214E-1 3.52374E-1 3.30243E-1 3.02621E-1 2.75097E-1 2.68162E-1 2.50076E-1 2.22838E-1 2.13451E-1 1.81645E-1 1.86977E-1 1.88664E-1 2.40855E-1 2.92296E-1 2.9088E-1
8.94801E-1 8.95079E-1 6.76092E-1 4.47679E-1 4.00613E-1 3.71868E-1 3.58051E-1 3.26358E-1 2.97772E-1 2.64295E-1 2.58905E-1 2.9918E-1 3.70724E-1 4.04397E-1 4.42669E-1 4.88588E-1 5.44315E-1 5.7297E-1 6.91419E-1 8.72447E-1 9.52838E-1 8.85723E-1 7.12455E-1 4.68574E-1 4.07918E-1 3.52295E-1 3.25962E-1 2.97477E-1 2.73505E-1 2.58578E-1 2.16454E-1 1.80896E-1 1.66472E-1 1.95018E-1 2.18353E-1 2.36386E-1 2.60095E-1 2.97783E-1 3.29053E-1 3.53151E-1 4.1685E-1 5.84637E-1 7.93079E-1 8.791E-1 6.97461E-1 6.64255E-1 8.69938E-1 8.08841E-1 5.63885E-1 4.36035E-1 4.11811E-1 3.98825E-1 3.80122E-1 3.55284E-1 3.19817E-1 2.79159E-1 2.62654E-1 2.26398E-1 2.16746E-1 1.98362E-1 2.08259E-1 1.94253E-1 2.53013E-1 3.07388E-1 3.30139E-1
8.54433E-1 9.049E-1 7.07084E-1 5.50213E-1 4.18634E-1 4.15671E-1 4.06736E-1 3.55796E-1 3.0686E-1 2.64164E-1 2.475E-1 2.84805E-1 3.53282E-1 3.77607E-1 4.20204E-1 4.65019E-1 5.06759E-1 6.17497E-1 8.81399E-1 9.4979E-1 8.63726E-1 6.93733E-1 5.08743E-1 4.15262E-1 3.76071E-1 3.30657E-1 3.09849E-1 2.87936E-1 2.60199E-1 2.42359E-1 2.13981E-1 1.72697E-1 1.85186E-1 2.12251E-1 2.35723E-1 2.6673E-1 2.9888E-1 3.23748E-1 3.53161E-1 3.8261E-1 5.02665E-1 7.99688E-1 8.88307E-1 7.32501E-1 5.36868E-1 5.27516E-1 7.30075E-1 8.91782E-1 7.81321E-1 5.80736E-1 4.54793E-1 4.37752E-1 4.17674E-1 3.97077E-1 3.53105E-1 3.03577E-1 2.64273E-1 2.34653E-1 2.01622E-1 2.08795E-1 2.37831E-1 2.16387E-1 2.62667E-1 3.07321E-1 3.37233E-1
6.61163E-1 8.98435E-1 8.99021E-1 6.90669E-1 5.22549E-1 4.14811E-1 3.89283E-1 3.53341E-1 3.08641E-1 2.58441E-1 2.44165E-1 2.92262E-1 3.48027E-1 3.68867E-1 4.07948E-1 4.53523E-1 5.10789E-1 6.39353E-1 9.07343E-1 8.89001E-1 6.90588E-1 5.01238E-1 4.34439E-1 3.93123E-1 3.62656E-1 3.23293E-1 2.94414E-1 2.74539E-1 2.41707E-1 2.29005E-1 1.9872E-1 1.81027E-1 2.12669E-1 2.30295E-1 2.53969E-1 2.91475E-1 3.28213E-1 3.40692E-1 3.68939E-1 4.51003E-1 6.11667E-1 8.2664E-1 8.61046E-1 6.88875E-1 4.20788E-1 4.33893E-1 5.69177E-1 7.78763E-1 9.04362E-1 7.97299E-1 5.63966E-1 4.66069E-1 4.32489E-1 4.06583E-1 3.75306E-1 3.36931E-1 2.88679E-1 2.5209E-1 2.1129E-1 2.04986E-1 2.33204E-1 2.49854E-1 2.69307E-1 3.1351E-1 3.59328E-1
6.13191E-1 8.60775E-1 8.71032E-1 8.8057E-1 6.14424E-1 4.14136E-1 3.78263E-1 3.50411E-1 3.24048E-1 2.68153E-1 2.55956E-1 2.97335E-1 3.44009E-1 3.83583E-1 3.896E-1 4.39657E-1 5.18624E-1 6.46326E-1 9.0153E-1 8.41525E-1 6.40064E-1 4.49917E-1 4.0517E-1 3.98696E-1 3.68456E-1 3.19969E-1 2.84602E-1 2.52804E-1 2.18953E-1 1.96676E-1 1.79325E-1 1.88889E-1 2.21365E-1 2.57887E-1 2.8545E-1 3.04E-1 3.23207E-1 3.43964E-1 3.83982E-1 5.21942E-1 8.21821E-1 8.90548E-1 7.34038E-1 5.49982E-1 3.88008E-1 4.06037E-1 4.27912E-1 6.18254E-1 7.90493E-1 7.50089E-1 5.43259E-1 4.69873E-1 4.37254E-1 4.06854E-1 3.85553E-1 3.62302E-1 3.08994E-1 2.56637E-1 2.16641E-1 1.97556E-1 2.09884E-1 2.49291E-1 3.11468E-1 3.36778E-1 3.67836E-1
4.66955E-1 5.86046E-1 6.6343E-1 8.66414E-1 6.35298E-1 4.43026E-1 3.83334E-1 3.90037E-1 3.71107E-1 3.2672E-1 2.83825E-1 2.84295E-1 3.31444E-1 3.72219E-1 3.84992E-1 4.48211E-1 5.09162E-1 6.26455E-1 8.74497E-1 9.22475E-1 7.47507E-1 4.62968E-1 3.97595E-1 3.80126E-1 3.32674E-1 2.87154E-1 2.60347E-1 2.37815E-1 2.02786E-1 1.8595E-1 1.76245E-1 2.06207E-1 2.404E-1 2.73892E-1 3.1049E-1 3.27533E-1 3.40203E-1 3.64578E-1 3.9771E-1 5.3016E-1 8.37835E-1 7.64508E-1 5.85356E-1 3.94736E-1 3.65376E-1 3.82644E-1 4.19705E-1 4.4762E-1 5.18725E-1 5.01398E-1 4.54613E-1 4.43635E-1 4.3207E-1 4.08746E-1 3.83768E-1 3.54372E-1 3.12204E-1 2.59105E-1 2.06296E-1 1.89829E-1 2.071E-1 2.43318E-1 3.52559E-1 3.76914E-1 3.76256E-1
