layers/suit.asc
ncols         638
nrows         825
xllcorner     -2985163.8955
yllcorner     -3022031.214
cellsize      10000.0
NODATA_value  -9999
[rows 377 to 405 of 825, columns 455 to 519 of 638]
3.66679E-1 3.91227E-1 3.43698E-1 3.34313E-1 3.55663E-1 4.33856E-1 5.4588E-1 5.66666E-1 5.8262E-1 5.76825E-1 5.26745E-1 4.55282E-1 3.99903E-1 4.15632E-1 4.87323E-1 4.90187E-1 4.37008E-1 4.41875E-1 4.57277E-1 4.60672E-1 3.80447E-1 2.80432E-1 3.46524E-1 3.08235E-1 2.60932E-1 2.23033E-1 1.61265E-1 1.46937E-1 1.33525E-1 1.60264E-1 1.38121E-1 1.27334E-1 9.1339E-2 1.34093E-1 1.49822E-1 1.61162E-1 2.61587E-1 2.81619E-1 2.81664E-1 2.75688E-1 2.65462E-1 2.34995E-1 2.38388E-1 2.57691E-1 2.87871E-1 3.4443E-1 4.87596E-1 6.55849E-1 5.37511E-1 1.28722E-1 -9999 -9999 -9999 -9999 -9999 -9999 -9999 -9999 -9999 -9999 -9999 -9999 -9999 -9999 -9999
3.99659E-1 4.50701E-1 3.53536E-1 3.15378E-1 3.48298E-1 4.40456E-1 5.58485E-1 5.83959E-1 5.95785E-1 5.67343E-1 5.06249E-1 4.33559E-1 3.74856E-1 3.8159E-1 4.86017E-1 4.68132E-1 3.97131E-1 4.11365E-1 4.25664E-1 3.65895E-1 2.94461E-1 2.5264E-1 3.25251E-1 3.23634E-1 3.18262E-1 2.73351E-1 1.91772E-1 1.56218E-1 1.39427E-1 1.35188E-1 1.73024E-1 1.26192E-1 7.67862E-2 1.08428E-1 1.27168E-1 1.47589E-1 2.34549E-1 2.78029E-1 2.89548E-1 2.82896E-1 2.7481E-1 2.54502E-1 2.51649E-1 2.56169E-1 3.02458E-1 3.76458E-1 5.40146E-1 5.49935E-1 2.13361E-1 -9999 -9999 -9999 -9999 -9999 -9999 -9999 -9999 -9999 -9999 -9999 -9999 -9999 -9999 -9999 -9999
4.17258E-1 4.48293E-1 3.63594E-1 3.33409E-1 3.52976E-1 4.35007E-1 5.34965E-1 6.04614E-1 6.03068E-1 5.56332E-1 4.83338E-1 4.15399E-1 3.65844E-1 4.09679E-1 4.27993E-1 3.43108E-1 3.41268E-1 2.97928E-1 2.82092E-1 2.95551E-1 2.84142E-1 2.26092E-1 2.95781E-1 4.70676E-1 4.53326E-1 3.776E-1 2.72801E-1 2.15739E-1 1.56048E-1 1.41551E-1 1.91941E-1 1.77206E-1 1.36266E-1 1.30773E-1 1.69057E-1 2.34934E-1 2.39163E-1 2.79977E-1 2.94131E-1 2.84971E-1 2.82411E-1 2.61865E-1 2.68056E-1 2.47923E-1 2.93989E-1 4.13784E-1 6.09187E-1 4.88111E-1 9.52232E-2 -9999 -9999 -9999 -9999 -9999 -9999 -9999 -9999 -9999 -9999 -9999 -9999 -9999 -9999 -9999 -9999
4.84018E-1 4.22829E-1 3.81357E-1 3.66954E-1 3.58012E-1 4.07644E-1 4.99964E-1 6.40853E-1 6.42947E-1 5.8811E-1 5.33824E-1 4.88328E-1 3.53278E-1 3.45019E-1 3.42369E-1 2.5665E-1 2.24355E-1 2.22258E-1 1.86487E-1 1.91858E-1 2.04202E-1 3.08109E-1 4.67023E-1 5.78424E-1 5.61569E-1 4.80118E-1 4.23782E-1 2.68968E-1 1.49189E-1 1.74236E-1 1.24766E-1 1.37103E-1 1.40837E-1 1.59455E-1 1.65888E-1 2.37708E-1 2.3255E-1 2.39942E-1 2.85505E-1 2.7731E-1 2.80962E-1 2.93828E-1 3.01698E-1 3.06737E-1 3.32621E-1 4.31531E-1 5.74089E-1 4.27745E-1 -9999 -9999 -9999 -9999 -9999 -9999 -9999 -9999 -9999 -9999 -9999 -9999 -9999 -9999 -9999 -9999 -9999
4.97122E-1 4.40968E-1 4.08472E-1 3.67503E-1 3.73933E-1 4.14319E-1 5.02973E-1 6.23769E-1 6.41384E-1 6.16723E-1 5.95096E-1 4.94359E-1 3.00946E-1 4.32172E-1 3.47018E-1 2.29932E-1 2.21114E-1 1.96006E-1 1.62968E-1 1.90003E-1 2.98355E-1 4.62813E-1 5.35818E-1 5.43076E-1 4.04813E-1 3.65703E-1 4.45424E-1 3.52509E-1 2.47003E-1 1.77332E-1 1.13253E-1 1.43847E-1 1.53863E-1 1.88592E-1 1.67556E-1 1.96405E-1 1.9805E-1 2.08135E-1 2.8947E-1 2.79561E-1 2.91521E-1 3.22074E-1 2.98884E-1 3.30327E-1 3.86432E-1 4.64536E-1 4.75045E-1 2.3625E-1 -9999 -9999 -9999 -9999 -9999 -9999 -9999 -9999 -9999 -9999 -9999 -9999 -9999 -9999 -9999 -9999 -9999
5.13373E-1 4.62618E-1 4.21075E-1 3.62157E-1 3.54457E-1 4.43548E-1 5.2137E-1 6.111E-1 6.40443E-1 6.53002E-1 5.958E-1 4.49327E-1 3.08291E-1 4.05838E-1 3.61604E-1 3.25193E-1 2.98318E-1 2.46702E-1 1.94692E-1 3.49852E-1 5.1528E-1 5.72814E-1 6.26157E-1 4.54824E-1 3.32418E-1 3.2115E-1 3.50555E-1 3.17369E-1 3.368E-1 1.75157E-1 1.41987E-1 1.71255E-1 1.20135E-1 1.83768E-1 1.8891E-1 1.72109E-1 1.74813E-1 2.65377E-1 3.07352E-1 3.04653E-1 3.16007E-1 3.37751E-1 2.96748E-1 3.21717E-1 3.72463E-1 4.7235E-1 4.50818E-1 1.48412E-1 -9999 -9999 -9999 -9999 -9999 -9999 -9999 -9999 -9999 -9999 -9999 -9999 -9999 -9999 -9999 -9999 -9999
5.31587E-1 4.76099E-1 4.53722E-1 3.74849E-1 3.51015E-1 4.32522E-1 5.01626E-1 5.68321E-1 6.41177E-1 6.51505E-1 5.84729E-1 4.50435E-1 3.34942E-1 2.88412E-1 2.73678E-1 3.04208E-1 4.33452E-1 3.77333E-1 3.619E-1 5.9476E-1 6.5676E-1 5.94729E-1 4.87299E-1 3.4209E-1 2.71455E-1 2.50363E-1 2.63587E-1 2.81571E-1 3.35349E-1 1.81122E-1 1.67149E-1 2.02158E-1 1.53648E-1 1.62581E-1 1.82832E-1 1.65009E-1 1.78195E-1 2.93686E-1 3.17748E-1 3.10649E-1 3.41261E-1 3.54593E-1 3.15025E-1 3.31457E-1 3.67424E-1 4.79975E-1 4.45948E-1 1.0396E-1 -9999 -9999 -9999 -9999 -9999 -9999 -9999 -9999 -9999 -9999 -9999 -9999 -9999 -9999 -9999 -9999 -9999
5.42843E-1 4.8968E-1 4.85147E-1 3.75125E-1 3.2734E-1 3.64666E-1 4.5744E-1 5.68705E-1 6.01598E-1 6.5487E-1 5.9875E-1 5.03056E-1 3.6093E-1 2.50036E-1 2.362E-1 3.29965E-1 4.16651E-1 3.48099E-1 5.66591E-1 6.05734E-1 6.37268E-1 4.85893E-1 3.69686E-1 2.94464E-1 2.43289E-1 2.2779E-1 1.97743E-1 2.55254E-1 3.75658E-1 3.48672E-1 3.11048E-1 2.47816E-1 1.45274E-1 1.79851E-1 1.59168E-1 1.3602E-1 2.03345E-1 3.17092E-1 3.26442E-1 3.37113E-1 3.54547E-1 3.423E-1 3.33752E-1 3.49112E-1 3.79399E-1 4.06282E-1 4.3554E-1 8.2392E-2 -9999 -9999 -9999 -9999 -9999 -9999 -9999 -9999 -9999 -9999 -9999 -9999 -9999 -9999 -9999 -9999 -9999
5.55022E-1 5.47432E-1 5.25147E-1 4.27412E-1 3.95387E-1 3.87375E-1 4.70691E-1 5.67628E-1 6.07124E-1 6.29651E-1 6.10826E-1 5.04237E-1 3.60849E-1 2.47509E-1 2.54326E-1 3.41725E-1 3.79893E-1 4.92369E-1 6.38526E-1 6.6932E-1 6.27356E-1 4.62913E-1 3.06976E-1 2.86012E-1 2.59001E-1 2.01307E-1 1.42927E-1 1.67619E-1 2.6481E-1 2.94126E-1 4.05437E-1 2.77033E-1 1.75861E-1 1.96089E-1 1.15912E-1 8.77962E-2 2.90702E-1 3.24708E-1 3.46407E-1 3.70494E-1 3.76815E-1 3.75681E-1 3.43626E-1 3.50036E-1 3.7407E-1 3.72327E-1 4.37426E-1 7.93463E-2 -9999 -9999 -9999 -9999 -9999 -9999 -9999 -9999 -9999 -9999 -9999 -9999 -9999 -9999 -9999 -9999 -9999
5.48423E-1 5.65884E-1 5.58863E-1 5.03332E-1 4.52841E-1 4.15196E-1 4.90364E-1 5.32062E-1 5.48057E-1 6.163E-1 6.21631E-1 5.14863E-1 3.87478E-1 2.9155E-1 2.85065E-1 3.61141E-1 3.1354E-1 7.00743E-1 7.29637E-1 6.33485E-1 5.25721E-1 4.12428E-1 2.87996E-1 2.68209E-1 2.12289E-1 1.44473E-1 1.08719E-1 1.07708E-1 1.51497E-1 1.38973E-1 3.07088E-1 3.08428E-1 2.31499E-1 1.92976E-1 1.22393E-1 1.17536E-1 2.61052E-1 2.75198E-1 3.70616E-1 3.81156E-1 4.03661E-1 4.42943E-1 3.48613E-1 3.40065E-1 3.27841E-1 3.98356E-1 4.18899E-1 8.75199E-2 -9999 -9999 -9999 -9999 -9999 -9999 -9999 -9999 -9999 -9999 -9999 -9999 -9999 -9999 -9999 -9999 -9999
5.02466E-1 5.65637E-1 5.81187E-1 5.0538E-1 4.73312E-1 4.48369E-1 5.38915E-1 5.81988E-1 5.3731E-1 5.70107E-1 6.43438E-1 5.26902E-1 3.55023E-1 3.24997E-1 3.02921E-1 2.56813E-1 3.92678E-1 7.14907E-1 6.27529E-1 4.72926E-1 3.92143E-1 3.30295E-1 2.42179E-1 1.91142E-1 1.69567E-1 1.48545E-1 9.01746E-2 9.33198E-2 1.03867E-1 1.18367E-1 2.7542E-1 3.63958E-1 2.48692E-1 1.45022E-1 1.29474E-1 1.85679E-1 2.03703E-1 1.42009E-1 2.06266E-1 2.86741E-1 4.61789E-1 5.61441E-1 4.40152E-1 4.1152E-1 2.86816E-1 4.23977E-1 3.3234E-1 8.88616E-2 -9999 -9999 -9999 -9999 -9999 -9999 -9999 -9999 -9999 -9999 -9999 -9999 -9999 -9999 -9999 -9999 -9999
4.75864E-1 5.59336E-1 5.86606E-1 4.94895E-1 4.80932E-1 4.95534E-1 6.15538E-1 6.37491E-1 5.31668E-1 5.47776E-1 5.92368E-1 4.74793E-1 3.31496E-1 3.34552E-1 3.32781E-1 2.60824E-1 4.33691E-1 6.01537E-1 4.67424E-1 3.31696E-1 3.22751E-1 3.58318E-1 3.50033E-1 2.92351E-1 2.02584E-1 1.55348E-1 1.30976E-1 1.53945E-1 1.13887E-1 1.51436E-1 2.53758E-1 3.1488E-1 3.86217E-1 1.57821E-1 1.56641E-1 2.68526E-1 2.63929E-1 1.86289E-1 1.72641E-1 2.54865E-1 4.82304E-1 6.67321E-1 5.74175E-1 4.50862E-1 3.63108E-1 3.82595E-1 4.64905E-1 -9999 -9999 -9999 -9999 -9999 -9999 -9999 -9999 -9999 -9999 -9999 -9999 -9999 -9999 -9999 -9999 -9999 -9999
4.8928E-1 5.55212E-1 5.8424E-1 5.49496E-1 5.18594E-1 5.29294E-1 6.35496E-1 6.44736E-1 5.46311E-1 5.48806E-1 5.19999E-1 4.33521E-1 4.54729E-1 4.55433E-1 4.12768E-1 3.17873E-1 4.81536E-1 4.73627E-1 3.56654E-1 2.63312E-1 2.8867E-1 3.73486E-1 3.78891E-1 3.69374E-1 2.47272E-1 1.59086E-1 1.69646E-1 2.28767E-1 1.77272E-1 1.63227E-1 2.01911E-1 2.52882E-1 3.2895E-1 3.8987E-1 2.98991E-1 4.1259E-1 4.28069E-1 3.98859E-1 3.37758E-1 5.77499E-1 5.3946E-1 5.85377E-1 4.87846E-1 5.22291E-1 4.70679E-1 4.64171E-1 3.12293E-1 -9999 -9999 -9999 -9999 -9999 -9999 -9999 -9999 -9999 -9999 -9999 -9999 -9999 -9999 -9999 -9999 -9999 -9999
4.97992E-1 5.5716E-1 5.82205E-1 6.04272E-1 5.53656E-1 5.22608E-1 6.30708E-1 6.42862E-1 6.23281E-1 5.98754E-1 5.52857E-1 5.24204E-1 5.56806E-1 5.23207E-1 4.55031E-1 4.86204E-1 4.69677E-1 3.88612E-1 2.96088E-1 2.21409E-1 2.53306E-1 3.68385E-1 3.84156E-1 3.72965E-1 2.79911E-1 1.7197E-1 2.49215E-1 2.57895E-1 1.98581E-1 1.92242E-1 1.8952E-1 1.69869E-1 1.16662E-1 1.51919E-1 2.5813E-1 3.86056E-1 4.68203E-1 4.65615E-1 6.08866E-1 7.22176E-1 7.05141E-1 5.17419E-1 3.74488E-1 4.3202E-1 5.17887E-1 4.77146E-1 1.13449E-1 -9999 -9999 -9999 -9999 -9999 -9999 -9999 -9999 -9999 -9999 -9999 -9999 -9999 -9999 -9999 -9999 -9999 -9999
5.41131E-1 5.40523E-1 6.17017E-1 6.18964E-1 5.7107E-1 5.49199E-1 5.92481E-1 6.32559E-1 6.42925E-1 6.36962E-1 5.90497E-1 5.81282E-1 5.63599E-1 4.89621E-1 4.29771E-1 5.05564E-1 4.29077E-1 3.58657E-1 2.74711E-1 2.7376E-1 3.02063E-1 3.61901E-1 3.90994E-1 3.16731E-1 2.75503E-1 2.69265E-1 2.40994E-1 2.34703E-1 1.98584E-1 1.72568E-1 1.54863E-1 1.19029E-1 1.0583E-1 1.35191E-1 2.04131E-1 3.0412E-1 3.71499E-1 2.4959E-1 5.03041E-1 5.8117E-1 5.98903E-1 5.04735E-1 4.2297E-1 4.70878E-1 5.05581E-1 3.46186E-1 7.72522E-2 -9999 -9999 -9999 -9999 -9999 -9999 -9999 -9999 -9999 -9999 -9999 -9999 -9999 -9999 -9999 -9999 -9999 -9999
5.88527E-1 5.28365E-1 6.28956E-1 6.03685E-1 6.08167E-1 5.92612E-1 5.11663E-1 5.25229E-1 6.30733E-1 6.55756E-1 5.93038E-1 5.18479E-1 5.07124E-1 4.41935E-1 4.83231E-1 4.8496E-1 4.21776E-1 3.58335E-1 2.69979E-1 3.06154E-1 3.46376E-1 3.32859E-1 3.83488E-1 3.43985E-1 2.86218E-1 3.02894E-1 2.35648E-1 2.49865E-1 2.10467E-1 1.61594E-1 1.55015E-1 1.35697E-1 1.07371E-1 1.59945E-1 1.57663E-1 1.9187E-1 2.6631E-1 1.75654E-1 3.27166E-1 5.0835E-1 5.1159E-1 5.15283E-1 5.00412E-1 4.33341E-1 2.82334E-1 8.88116E-2 -9999 -9999 -9999 -9999 -9999 -9999 -9999 -9999 -9999 -9999 -9999 -9999 -9999 -9999 -9999 -9999 -9999 -9999 -9999
5.73921E-1 4.7069E-1 6.14702E-1 6.15833E-1 5.80939E-1 6.0748E-1 4.90936E-1 4.39591E-1 6.29045E-1 6.52222E-1 5.69664E-1 4.64504E-1 4.41438E-1 4.30304E-1 4.97618E-1 4.67686E-1 4.32546E-1 3.66217E-1 2.30781E-1 2.79968E-1 2.77132E-1 2.90386E-1 3.07006E-1 3.10332E-1 2.77002E-1 2.90534E-1 2.33146E-1 1.73044E-1 1.74027E-1 2.1731E-1 2.25678E-1 1.59388E-1 1.46375E-1 2.05406E-1 1.73413E-1 2.30782E-1 2.89387E-1 2.82212E-1 3.62427E-1 4.91335E-1 5.71919E-1 5.51436E-1 5.37406E-1 1.75911E-1 -9999 -9999 -9999 -9999 -9999 -9999 -9999 -9999 -9999 -9999 -9999 -9999 -9999 -9999 -9999 -9999 -9999 -9999 -9999 -9999 -9999
5.86381E-1 5.10669E-1 6.24878E-1 6.22485E-1 5.58389E-1 5.95741E-1 5.42825E-1 6.24002E-1 6.2886E-1 6.24584E-1 5.16209E-1 4.17375E-1 3.94843E-1 4.47313E-1 4.93974E-1 4.51636E-1 4.19324E-1 3.63843E-1 2.5168E-1 2.56356E-1 2.33612E-1 2.68988E-1 2.82123E-1 3.04462E-1 3.00109E-1 2.87739E-1 2.37308E-1 2.36114E-1 2.15269E-1 2.74286E-1 2.333E-1 1.29337E-1 1.62278E-1 1.78702E-1 2.56107E-1 3.83517E-1 4.15623E-1 3.54513E-1 5.07097E-1 5.82236E-1 5.62606E-1 5.31252E-1 4.26402E-1 -9999 -9999 -9999 -9999 -9999 -9999 -9999 -9999 -9999 -9999 -9999 -9999 -9999 -9999 -9999 -9999 -9999 -9999 -9999 -9999 -9999 -9999
6.20689E-1 6.07578E-1 5.74011E-1 6.2462E-1 5.80453E-1 6.20162E-1 5.95369E-1 6.20696E-1 6.33051E-1 6.04354E-1 5.15119E-1 4.05298E-1 3.84351E-1 4.64918E-1 5.03073E-1 4.62885E-1 4.14045E-1 3.40703E-1 3.84628E-1 3.05757E-1 2.85979E-1 3.20232E-1 3.1536E-1 3.40612E-1 3.56257E-1 3.29381E-1 2.9428E-1 2.68396E-1 2.85269E-1 3.1323E-1 2.11536E-1 1.26188E-1 3.22692E-1 3.4317E-1 3.56789E-1 3.6477E-1 2.96987E-1 3.40795E-1 6.41709E-1 6.80746E-1 6.20046E-1 5.43786E-1 1.18804E-1 -9999 -9999 -9999 -9999 -9999 -9999 -9999 -9999 -9999 -9999 -9999 -9999 -9999 -9999 -9999 -9999 -9999 -9999 -9999 -9999 -9999 -9999
6.19117E-1 6.26136E-1 5.90057E-1 5.8754E-1 6.22932E-1 6.25547E-1 6.03571E-1 5.43457E-1 6.32755E-1 5.60235E-1 4.94634E-1 4.67535E-1 4.52013E-1 4.90215E-1 5.14819E-1 4.40544E-1 3.81517E-1 3.65761E-1 3.9806E-1 3.24137E-1 3.15913E-1 3.69634E-1 3.27305E-1 3.55253E-1 3.42568E-1 2.68946E-1 2.94709E-1 3.15327E-1 4.10617E-1 3.38362E-1 2.73418E-1 2.31502E-1 4.44621E-1 4.44049E-1 4.00488E-1 3.24759E-1 2.33192E-1 4.94248E-1 7.17646E-1 7.28303E-1 7.11812E-1 2.21751E-1 8.94265E-2 -9999 -9999 -9999 -9999 -9999 -9999 -9999 -9999 -9999 -9999 -9999 -9999 -9999 -9999 -9999 -9999 -9999 -9999 -9999 -9999 -9999 -9999
6.20671E-1 6.04989E-1 5.55887E-1 5.06808E-1 5.18078E-1 6.29048E-1 6.25176E-1 4.99819E-1 6.14994E-1 5.84209E-1 5.74126E-1 5.29985E-1 4.89861E-1 4.94066E-1 5.04584E-1 3.93303E-1 3.40957E-1 3.67425E-1 4.39629E-1 3.20561E-1 4.00168E-1 3.40845E-1 3.09654E-1 2.86241E-1 3.75141E-1 3.8286E-1 3.99575E-1 3.40554E-1 4.19319E-1 4.11228E-1 3.15019E-1 3.46853E-1 4.36852E-1 4.04375E-1 3.70818E-1 3.60461E-1 3.54343E-1 7.05239E-1 7.76561E-1 7.38876E-1 6.82463E-1 1.34766E-1 -9999 -9999 -9999 -9999 -9999 -9999 -9999 -9999 -9999 -9999 -9999 -9999 -9999 -9999 -9999 -9999 -9999 -9999 -9999 -9999 -9999 -9999 -9999
6.17357E-1 5.60886E-1 5.10089E-1 4.72059E-1 4.45799E-1 5.83483E-1 6.29738E-1 6.09219E-1 6.34666E-1 6.08987E-1 5.80546E-1 5.12503E-1 4.8261E-1 5.15368E-1 5.15478E-1 3.94494E-1 3.32109E-1 3.80672E-1 4.33255E-1 3.48444E-1 3.71258E-1 3.09051E-1 2.78454E-1 2.52489E-1 4.11241E-1 5.15253E-1 4.70954E-1 2.41003E-1 2.4213E-1 3.37021E-1 3.30491E-1 4.70004E-1 4.39166E-1 3.52753E-1 2.93823E-1 3.31901E-1 5.50174E-1 7.39272E-1 8.74284E-1 7.62115E-1 2.83738E-1 -9999 -9999 -9999 -9999 -9999 -9999 -9999 -9999 -9999 -9999 -9999 -9999 -9999 -9999 -9999 -9999 -9999 -9999 -9999 -9999 -9999 -9999 -9999 -9999
5.9467E-1 5.53199E-1 5.36302E-1 5.33745E-1 5.49415E-1 5.72632E-1 6.07377E-1 6.32066E-1 6.13479E-1 5.88926E-1 5.40772E-1 5.106E-1 4.87562E-1 5.35535E-1 5.30833E-1 3.85961E-1 3.58455E-1 3.54219E-1 3.76078E-1 3.58235E-1 3.50668E-1 2.83137E-1 2.94494E-1 2.57653E-1 4.65347E-1 5.19806E-1 2.79266E-1 2.19269E-1 1.78835E-1 2.51281E-1 3.50996E-1 5.54051E-1 5.34021E-1 4.94333E-1 4.23616E-1 2.87879E-1 5.06229E-1 7.29789E-1 7.90246E-1 4.59447E-1 1.01468E-1 -9999 -9999 -9999 -9999 -9999 -9999 -9999 -9999 -9999 -9999 -9999 -9999 -9999 -9999 -9999 -9999 -9999 -9999 -9999 -9999 -9999 -9999 -9999 -9999
5.91877E-1 5.59113E-1 5.51515E-1 5.85581E-1 6.31143E-1 5.45046E-1 5.69736E-1 6.22756E-1 5.87545E-1 5.62832E-1 5.39606E-1 5.04257E-1 4.87886E-1 5.27712E-1 5.04426E-1 3.73163E-1 3.3909E-1 3.77358E-1 4.55876E-1 4.4489E-1 3.4061E-1 2.73181E-1 3.47481E-1 3.2211E-1 5.48698E-1 4.64959E-1 3.74784E-1 2.41809E-1 1.76541E-1 2.31705E-1 2.7415E-1 5.21856E-1 5.28897E-1 4.95223E-1 3.61992E-1 3.83397E-1 6.15805E-1 7.10923E-1 5.61392E-1 1.24793E-1 8.26301E-2 -9999 -9999 -9999 -9999 -9999 -9999 -9999 -9999 -9999 -9999 -9999 -9999 -9999 -9999 -9999 -9999 -9999 -9999 -9999 -9999 -9999 -9999 -9999 -9999
6.02241E-1 5.74508E-1 5.76418E-1 6.17247E-1 6.29624E-1 5.77962E-1 5.80502E-1 5.96961E-1 5.81938E-1 5.48577E-1 5.25178E-1 5.07752E-1 4.93732E-1 5.09897E-1 4.85178E-1 3.63986E-1 3.03735E-1 4.58893E-1 4.61571E-1 3.89679E-1 3.41114E-1 3.25092E-1 3.87554E-1 4.20911E-1 5.19675E-1 5.08177E-1 3.69621E-1 2.13487E-1 2.00602E-1 3.4623E-1 2.77063E-1 4.5655E-1 5.13077E-1 3.41852E-1 1.9818E-1 3.00056E-1 6.64103E-1 6.86143E-1 1.78942E-1 8.78059E-2 -9999 -9999 -9999 -9999 -9999 -9999 -9999 -9999 -9999 -9999 -9999 -9999 -9999 -9999 -9999 -9999 -9999 -9999 -9999 -9999 -9999 -9999 -9999 -9999 -9999
5.79908E-1 5.52041E-1 5.56318E-1 6.02834E-1 6.29975E-1 6.1598E-1 5.85456E-1 5.70675E-1 5.84584E-1 5.64823E-1 5.35109E-1 5.215E-1 4.94126E-1 4.55241E-1 4.47454E-1 3.80187E-1 3.4899E-1 4.70492E-1 4.13624E-1 3.78056E-1 4.15225E-1 3.635E-1 4.07082E-1 4.48392E-1 5.20418E-1 5.53639E-1 3.77117E-1 2.97406E-1 4.85116E-1 4.86828E-1 2.96112E-1 3.52464E-1 3.80277E-1 2.87378E-1 4.57211E-1 5.42453E-1 8.12617E-1 5.15614E-1 9.09484E-2 -9999 -9999 -9999 -9999 -9999 -9999 -9999 -9999 -9999 -9999 -9999 -9999 -9999 -9999 -9999 -9999 -9999 -9999 -9999 -9999 -9999 -9999 -9999 -9999 -9999 -9999
5.27537E-1 5.05747E-1 5.27215E-1 6.11306E-1 6.31571E-1 6.28424E-1 6.35083E-1 5.96199E-1 6.04004E-1 5.83617E-1 5.48717E-1 5.30097E-1 4.85012E-1 4.0529E-1 4.36841E-1 4.00744E-1 4.28584E-1 4.22232E-1 3.67015E-1 3.70821E-1 4.01915E-1 4.02116E-1 4.322E-1 5.07567E-1 5.15605E-1 4.8181E-1 4.42129E-1 4.95755E-1 5.60091E-1 4.7565E-1 2.72418E-1 2.68428E-1 3.77612E-1 6.54826E-1 7.34288E-1 7.94585E-1 6.42627E-1 1.26442E-1 7.32778E-2 -9999 -9999 -9999 -9999 -9999 -9999 -9999 -9999 -9999 -9999 -9999 -9999 -9999 -9999 -9999 -9999 -9999 -9999 -9999 -9999 -9999 -9999 -9999 -9999 -9999 -9999
5.45879E-1 5.2307E-1 5.38536E-1 6.00725E-1 6.30672E-1 6.32792E-1 6.49331E-1 6.21595E-1 6.26325E-1 6.07666E-1 5.78413E-1 5.28201E-1 4.8246E-1 4.37434E-1 4.80888E-1 4.41052E-1 4.18186E-1 3.9938E-1 3.46778E-1 3.18574E-1 3.95745E-1 2.91616E-1 3.62343E-1 4.71521E-1 4.44913E-1 4.60698E-1 4.52216E-1 3.78077E-1 4.41258E-1 4.58674E-1 3.66148E-1 4.15112E-1 6.38901E-1 8.33801E-1 8.71423E-1 6.06039E-1 1.04221E-1 7.6071E-2 -9999 -9999 -9999 -9999 -9999 -9999 -9999 -9999 -9999 -9999 -9999 -9999 -9999 -9999 -9999 -9999 -9999 -9999 -9999 -9999 -9999 -9999 -9999 -9999 -9999 -9999 -9999
5.96731E-1 5.66345E-1 5.66579E-1 5.75854E-1 6.41851E-1 6.05964E-1 6.34633E-1 5.852E-1 5.7425E-1 5.91486E-1 5.87664E-1 5.31671E-1 4.98047E-1 4.79775E-1 4.56327E-1 4.40695E-1 4.08276E-1 4.21708E-1 3.76493E-1 3.10923E-1 3.40862E-1 3.17561E-1 3.00634E-1 3.5019E-1 3.77235E-1 3.23979E-1 4.0259E-1 2.91875E-1 3.14195E-1 4.62095E-1 4.90063E-1 6.05436E-1 6.58988E-1 7.80753E-1 1.83306E-1 9.41488E-2 7.36238E-2 -9999 -9999 -9999 -9999 -9999 -9999 -9999 -9999 -9999 -9999 -9999 -9999 -9999 -9999 -9999 -9999 -9999 -9999 -9999 -9999 -9999 -9999 -9999 -9999 -9999 -9999 -9999 -9999
