layers/suit.asc
ncols         638
nrows         825
xllcorner     -2985163.8955
yllcorner     -3022031.214
cellsize      10000.0
NODATA_value  -9999
[rows 725 to 753 of 825, columns 195 to 259 of 638]
5.32629E-3 1.06668E-2 4.10953E-3 1.53637E-3 4.61603E-3 5.05699E-3 3.70901E-3 2.62223E-3 1.92514E-3 1.54435E-3 1.26615E-3 1.33554E-3 1.21528E-3 1.07733E-3 9.58939E-4 1.17782E-3 1.22542E-3 1.03737E-3 1.02806E-3 1.04772E-3 1.06971E-3 1.06524E-3 1.10381E-3 1.08996E-3 1.66853E-3 1.86032E-3 2.06081E-3 2.53427E-3 2.50402E-3 3.92486E-3 3.11077E-3 3.14325E-3 4.07583E-3 4.75456E-3 3.58088E-3 2.14582E-3 1.81935E-3 3.33727E-3 4.62901E-3 3.26251E-3 3.38834E-3 2.89835E-3 6.71861E-4 -9999 -9999 -9999 -9999 -9999 -9999 -9999 -9999 -9999 -9999 -9999 -9999 -9999 -9999 -9999 -9999 -9999 -9999 -9999 -9999 -9999 -9999
2.20858E-3 1.90263E-2 1.30368E-2 3.21959E-3 4.90549E-3 4.77281E-3 3.511E-3 2.44885E-3 1.89046E-3 1.55978E-3 1.35491E-3 1.41103E-3 1.42065E-3 1.7476E-3 1.64897E-3 1.46231E-3 1.34834E-3 1.46884E-3 1.29632E-3 1.39065E-3 1.45596E-3 1.47827E-3 1.46929E-3 1.4602E-3 2.49998E-3 3.62073E-3 2.71612E-3 2.86005E-3 3.3352E-3 3.40356E-3 3.16137E-3 4.5538E-3 3.81198E-3 3.50469E-3 2.79584E-3 2.70487E-3 2.74851E-3 2.81884E-3 3.93499E-3 2.05596E-3 6.0212E-4 5.03298E-4 4.19646E-4 -9999 -9999 -9999 -9999 -9999 -9999 -9999 -9999 -9999 -9999 -9999 -9999 -9999 -9999 -9999 -9999 -9999 -9999 -9999 -9999 -9999 -9999
2.65847E-3 2.2345E-2 2.00559E-2 3.94438E-3 2.97603E-3 4.32346E-3 3.81944E-3 2.65986E-3 2.15515E-3 1.57811E-3 1.47784E-3 1.34043E-3 1.67225E-3 2.00299E-3 2.44828E-3 1.95224E-3 2.18803E-3 2.09865E-3 2.16036E-3 2.33319E-3 2.53951E-3 2.57735E-3 2.17757E-3 2.65769E-3 2.59742E-3 2.13263E-3 2.70048E-3 2.95737E-3 3.12114E-3 2.91154E-3 2.96009E-3 3.59779E-3 2.77712E-3 2.40852E-3 3.04422E-3 4.28497E-3 4.99659E-3 1.85467E-3 5.83983E-4 -9999 -9999 -9999 -9999 -9999 -9999 -9999 -9999 -9999 -9999 -9999 -9999 -9999 -9999 -9999 -9999 -9999 -9999 -9999 -9999 -9999 -9999 -9999 -9999 -9999 -9999
1.21723E-3 1.98692E-2 1.85376E-2 1.03678E-2 3.87461E-3 4.26276E-3 3.60414E-3 2.30598E-3 1.6456E-3 9.19798E-4 9.43976E-4 1.46907E-3 1.5063E-3 1.62914E-3 2.08021E-3 2.14788E-3 2.29163E-3 2.18204E-3 2.6298E-3 2.67975E-3 1.95887E-3 1.86543E-3 2.73457E-3 2.94133E-3 3.00432E-3 2.38305E-3 1.96301E-3 1.80632E-3 1.61135E-3 9.6081E-4 1.14336E-3 1.01884E-3 1.12975E-3 2.70807E-3 3.27033E-3 3.3907E-3 4.97963E-4 3.12784E-4 2.68094E-4 -9999 -9999 -9999 -9999 -9999 -9999 -9999 -9999 -9999 -9999 -9999 -9999 -9999 -9999 -9999 -9999 -9999 -9999 -9999 -9999 -9999 -9999 -9999 -9999 -9999 -9999
2.36865E-3 8.2922E-3 9.11087E-3 1.00206E-2 6.99407E-3 1.90004E-3 1.75394E-3 8.75893E-4 8.42404E-4 1.18617E-3 2.30604E-3 3.07331E-3 2.88079E-3 1.8818E-3 2.11411E-3 1.68801E-3 1.22616E-3 9.44539E-4 1.25138E-3 8.96282E-4 6.72329E-4 8.15709E-4 8.95683E-4 8.21091E-4 8.17798E-4 9.69036E-4 7.38808E-4 7.25721E-4 9.27908E-4 1.12237E-3 1.02954E-3 9.04485E-4 1.45788E-3 4.03718E-3 4.40127E-3 3.19339E-4 -9999 -9999 -9999 -9999 -9999 -9999 -9999 -9999 -9999 -9999 -9999 -9999 -9999 -9999 -9999 -9999 -9999 -9999 -9999 -9999 -9999 -9999 -9999 -9999 -9999 -9999 -9999 -9999 -9999
2.54987E-3 3.79047E-3 7.23557E-3 8.11204E-3 3.87449E-3 4.3209E-3 3.71181E-3 2.41815E-3 2.767E-3 2.63038E-3 2.84246E-3 2.60216E-3 2.3059E-3 2.09266E-3 1.23877E-3 7.86891E-4 6.20958E-4 5.17638E-4 5.178E-4 4.84711E-4 5.27324E-4 6.16743E-4 5.2477E-4 5.39091E-4 6.77229E-4 6.90176E-4 6.94778E-4 7.99245E-4 8.78359E-4 1.1798E-3 1.19034E-3 1.21308E-3 2.60983E-3 4.10189E-3 1.44608E-3 -9999 -9999 -9999 -9999 -9999 -9999 -9999 -9999 -9999 -9999 -9999 -9999 -9999 -9999 -9999 -9999 -9999 -9999 -9999 -9999 -9999 -9999 -9999 -9999 -9999 -9999 -9999 -9999 -9999 -9999
2.90512E-3 2.81185E-3 3.0067E-3 1.32924E-2 5.72969E-3 6.38918E-3 4.3909E-3 3.94303E-3 2.51356E-3 2.74935E-3 2.16638E-3 2.11331E-3 1.77073E-3 1.5294E-3 1.05922E-3 7.28404E-4 7.35096E-4 4.90659E-4 4.83997E-4 4.81502E-4 5.64631E-4 5.29407E-4 5.26183E-4 5.56629E-4 6.52144E-4 6.48663E-4 6.8006E-4 7.26777E-4 7.53715E-4 1.00794E-3 9.06752E-4 1.41169E-3 2.58992E-3 3.25565E-3 3.6212E-4 -9999 -9999 -9999 -9999 -9999 -9999 -9999 -9999 -9999 -9999 -9999 -9999 -9999 -9999 -9999 -9999 -9999 -9999 -9999 -9999 -9999 -9999 -9999 -9999 -9999 -9999 -9999 -9999 -9999 -9999
7.39403E-3 7.02598E-3 3.74184E-3 3.08901E-3 1.34608E-2 9.51868E-3 7.24063E-3 4.98992E-3 3.36925E-3 3.4596E-3 2.3983E-3 2.00138E-3 1.88455E-3 1.45344E-3 9.70202E-4 8.06281E-4 6.58795E-4 7.29362E-4 5.43882E-4 5.16519E-4 4.82529E-4 4.9632E-4 5.34457E-4 5.72037E-4 5.93721E-4 6.71873E-4 9.7331E-4 8.55292E-4 8.12855E-4 8.593E-4 1.09801E-3 1.75338E-3 2.60263E-3 2.69503E-3 3.50702E-4 -9999 -9999 -9999 -9999 -9999 -9999 -9999 -9999 -9999 -9999 -9999 -9999 -9999 -9999 -9999 -9999 -9999 -9999 -9999 -9999 -9999 -9999 -9999 -9999 -9999 -9999 -9999 -9999 -9999 -9999
6.46665E-3 8.70144E-3 4.15591E-3 2.78293E-3 1.1279E-2 1.05786E-2 8.5809E-3 6.6757E-3 3.52223E-3 2.01035E-3 2.8659E-3 2.43533E-3 1.79056E-3 1.55757E-3 9.70393E-4 8.81818E-4 5.74906E-4 6.86356E-4 6.01231E-4 5.70348E-4 4.64113E-4 5.07563E-4 5.36882E-4 5.4046E-4 5.73122E-4 6.56408E-4 1.07969E-3 9.43879E-4 1.08169E-3 1.06305E-3 1.50661E-3 2.25538E-3 3.17104E-3 3.83614E-3 3.62703E-4 -9999 -9999 -9999 -9999 -9999 -9999 -9999 -9999 -9999 -9999 -9999 -9999 -9999 -9999 -9999 -9999 -9999 -9999 -9999 -9999 -9999 -9999 -9999 -9999 -9999 -9999 -9999 -9999 -9999 -9999
6.03729E-3 3.4823E-3 7.87297E-3 5.31341E-3 5.33622E-3 6.77545E-3 7.9507E-3 7.19666E-3 5.28678E-3 1.45257E-3 3.13232E-3 2.59163E-3 2.35492E-3 1.64328E-3 1.09681E-3 1.19367E-3 1.10901E-3 1.00391E-3 9.97452E-4 7.83047E-4 4.73437E-4 4.99437E-4 5.56129E-4 5.93814E-4 6.38822E-4 6.53977E-4 7.51825E-4 9.34116E-4 1.3551E-3 1.23859E-3 1.92679E-3 3.511E-3 4.54921E-3 2.68845E-3 3.89643E-4 -9999 -9999 -9999 -9999 -9999 -9999 -9999 -9999 -9999 -9999 -9999 -9999 -9999 -9999 -9999 -9999 -9999 -9999 -9999 -9999 -9999 -9999 -9999 -9999 -9999 -9999 -9999 -9999 -9999 -9999
1.19326E-2 9.53193E-3 2.8336E-3 5.34673E-3 6.84382E-3 1.13391E-2 9.94502E-3 8.01514E-3 5.55844E-3 4.44512E-3 2.97241E-3 2.02736E-3 1.9538E-3 1.58326E-3 1.2927E-3 1.42817E-3 1.27667E-3 1.19406E-3 1.14147E-3 1.10066E-3 9.34046E-4 8.86506E-4 6.6555E-4 6.22249E-4 6.87965E-4 7.11234E-4 7.82514E-4 8.97538E-4 1.37015E-3 1.7183E-3 2.43573E-3 5.22437E-3 3.22838E-3 3.91661E-3 4.23657E-4 -9999 -9999 -9999 -9999 -9999 -9999 -9999 -9999 -9999 -9999 -9999 -9999 -9999 -9999 -9999 -9999 -9999 -9999 -9999 -9999 -9999 -9999 -9999 -9999 -9999 -9999 -9999 -9999 -9999 -9999
8.63067E-3 8.87546E-3 4.32464E-3 2.20742E-3 2.72544E-3 1.4973E-2 1.28743E-2 7.60369E-3 5.23179E-3 3.26399E-3 1.99337E-3 1.96323E-3 1.34612E-3 1.18172E-3 1.08062E-3 1.16942E-3 1.45677E-3 1.22147E-3 1.26799E-3 1.17312E-3 9.32793E-4 8.25035E-4 7.89718E-4 8.60816E-4 7.31284E-4 7.75549E-4 8.7302E-4 1.00693E-3 1.91195E-3 2.27658E-3 2.48168E-3 3.25285E-3 2.40245E-3 5.04777E-3 7.49181E-4 -9999 -9999 -9999 -9999 -9999 -9999 -9999 -9999 -9999 -9999 -9999 -9999 -9999 -9999 -9999 -9999 -9999 -9999 -9999 -9999 -9999 -9999 -9999 -9999 -9999 -9999 -9999 -9999 -9999 -9999
1.05814E-2 1.00915E-2 1.55615E-2 5.3079E-3 1.43384E-2 2.29124E-2 1.68636E-2 9.1492E-3 8.46079E-3 5.77897E-3 3.19718E-3 2.17518E-3 1.49183E-3 1.17528E-3 1.01646E-3 1.52101E-3 1.68188E-3 8.62232E-4 6.77819E-4 6.51445E-4 5.70092E-4 6.15071E-4 7.09358E-4 8.901E-4 1.26582E-3 1.07361E-3 9.14587E-4 1.56599E-3 2.11936E-3 1.90016E-3 2.2305E-3 1.80904E-3 1.72845E-3 1.96397E-3 2.61898E-3 -9999 -9999 -9999 -9999 -9999 -9999 -9999 -9999 -9999 -9999 -9999 -9999 -9999 -9999 -9999 -9999 -9999 -9999 -9999 -9999 -9999 -9999 -9999 -9999 -9999 -9999 -9999 -9999 -9999 -9999
1.60898E-2 1.65044E-2 1.97283E-2 2.58996E-2 2.98285E-2 2.70581E-2 1.90094E-2 1.64975E-2 1.52828E-2 1.06616E-2 4.60693E-3 3.60807E-3 2.87732E-3 2.17223E-3 1.86816E-3 1.88205E-3 1.27736E-3 7.78732E-4 5.62469E-4 5.79717E-4 6.2102E-4 6.60391E-4 8.20054E-4 6.86044E-4 1.30237E-3 1.34573E-3 1.16925E-3 2.23924E-3 2.63512E-3 3.17381E-3 2.6651E-3 1.25865E-3 1.54584E-3 1.85092E-3 3.61968E-3 4.37007E-4 -9999 -9999 -9999 -9999 -9999 -9999 -9999 -9999 -9999 -9999 -9999 -9999 -9999 -9999 -9999 -9999 -9999 -9999 -9999 -9999 -9999 -9999 -9999 -9999 -9999 -9999 -9999 -9999 -9999
1.12666E-2 7.13536E-3 2.51134E-2 2.49923E-2 3.29452E-2 2.92674E-2 2.35834E-2 2.66669E-2 1.9969E-2 1.3419E-2 6.65636E-3 5.563E-3 4.45459E-3 2.64314E-3 1.8194E-3 1.47892E-3 9.92034E-4 6.70392E-4 6.51105E-4 6.26209E-4 6.82273E-4 7.44486E-4 8.09005E-4 7.85226E-4 1.21399E-3 2.28627E-3 2.23025E-3 2.06783E-3 3.34869E-3 2.23813E-3 1.65302E-3 2.0384E-3 2.29983E-3 2.73485E-3 5.35365E-3 1.87686E-3 3.52738E-4 -9999 -9999 -9999 -9999 -9999 -9999 -9999 -9999 -9999 -9999 -9999 -9999 -9999 -9999 -9999 -9999 -9999 -9999 -9999 -9999 -9999 -9999 -9999 -9999 -9999 -9999 -9999 -9999
1.5094E-2 3.21141E-3 2.86038E-2 3.82765E-2 3.3116E-2 2.18505E-2 2.73231E-2 1.99692E-2 2.04395E-2 1.75883E-2 9.80737E-3 1.13985E-2 6.10778E-3 2.71456E-3 1.94608E-3 1.65663E-3 1.30757E-3 8.52872E-4 9.38059E-4 7.97641E-4 8.67834E-4 9.54088E-4 1.03323E-3 9.45596E-4 1.37166E-3 1.49053E-3 1.79762E-3 2.8137E-3 4.14823E-3 3.13893E-3 2.74191E-3 5.4769E-3 5.0164E-3 4.16386E-3 4.98262E-3 3.6812E-3 4.84244E-4 -9999 -9999 -9999 -9999 -9999 -9999 -9999 -9999 -9999 -9999 -9999 -9999 -9999 -9999 -9999 -9999 -9999 -9999 -9999 -9999 -9999 -9999 -9999 -9999 -9999 -9999 -9999 -9999
1.10709E-2 4.34805E-3 2.26931E-2 2.71242E-2 1.63063E-2 9.55433E-3 2.66761E-2 1.30565E-2 2.29847E-2 2.05609E-2 1.38427E-2 1.40415E-2 6.96323E-3 3.2118E-3 2.49631E-3 1.917E-3 1.79088E-3 1.45294E-3 1.08979E-3 9.93872E-4 1.10746E-3 9.27817E-4 8.774E-4 9.39738E-4 9.26757E-4 1.31781E-3 1.4252E-3 1.56411E-3 2.25679E-3 3.8212E-3 4.82875E-3 3.53084E-3 3.11637E-3 3.08866E-3 2.67109E-3 2.01643E-3 4.90147E-4 -9999 -9999 -9999 -9999 -9999 -9999 -9999 -9999 -9999 -9999 -9999 -9999 -9999 -9999 -9999 -9999 -9999 -9999 -9999 -9999 -9999 -9999 -9999 -9999 -9999 -9999 -9999 -9999
2.49284E-2 2.60788E-3 2.53908E-2 4.3896E-2 2.62234E-2 3.82851E-2 5.73722E-2 5.09669E-2 3.56636E-2 2.24806E-2 1.49644E-2 1.77677E-2 8.88852E-3 4.02563E-3 3.02942E-3 2.269E-3 1.88238E-3 1.65954E-3 1.19391E-3 1.13674E-3 1.15833E-3 1.03098E-3 1.02231E-3 1.56994E-3 1.68728E-3 1.7899E-3 1.84752E-3 1.31908E-3 2.05153E-3 2.69588E-3 1.93134E-3 1.62904E-3 1.99152E-3 2.48729E-3 2.16818E-3 2.58931E-3 9.10741E-4 3.47549E-4 -9999 -9999 -9999 -9999 -9999 -9999 -9999 -9999 -9999 -9999 -9999 -9999 -9999 -9999 -9999 -9999 -9999 -9999 -9999 -9999 -9999 -9999 -9999 -9999 -9999 -9999 -9999
2.73858E-2 6.20273E-3 1.69009E-2 5.08607E-2 1.50486E-2 1.16341E-2 7.95008E-2 6.78381E-2 4.97505E-2 3.88706E-2 2.18012E-2 1.44744E-2 7.98101E-3 4.64895E-3 4.56411E-3 4.21027E-3 2.90291E-3 2.48248E-3 1.88491E-3 1.65798E-3 1.79136E-3 1.79479E-3 1.76577E-3 1.84291E-3 1.86267E-3 1.679E-3 2.05354E-3 2.11694E-3 2.06449E-3 2.20879E-3 1.81266E-3 1.38818E-3 1.91659E-3 1.39127E-3 1.39157E-3 1.97202E-3 3.15094E-3 4.31091E-4 -9999 -9999 -9999 -9999 -9999 -9999 -9999 -9999 -9999 -9999 -9999 -9999 -9999 -9999 -9999 -9999 -9999 -9999 -9999 -9999 -9999 -9999 -9999 -9999 -9999 -9999 -9999
5.45738E-2 8.70529E-3 1.26451E-2 3.52788E-2 5.78952E-2 6.31639E-2 7.33479E-2 8.54046E-2 6.711E-2 5.93116E-2 3.37983E-2 1.44683E-2 8.80896E-3 5.38776E-3 3.5598E-3 2.7697E-3 2.09783E-3 2.63954E-3 2.67343E-3 2.22577E-3 2.30895E-3 2.31034E-3 2.15999E-3 2.16906E-3 1.82651E-3 1.96637E-3 2.16619E-3 1.95208E-3 2.10357E-3 1.73566E-3 1.96143E-3 1.5934E-3 1.70481E-3 1.12286E-3 1.20821E-3 1.35455E-3 1.69355E-3 1.52904E-3 -9999 -9999 -9999 -9999 -9999 -9999 -9999 -9999 -9999 -9999 -9999 -9999 -9999 -9999 -9999 -9999 -9999 -9999 -9999 -9999 -9999 -9999 -9999 -9999 -9999 -9999 -9999
8.44224E-2 8.10138E-3 1.34048E-2 2.87709E-2 6.06828E-2 7.94231E-2 6.83359E-2 7.56123E-2 3.89661E-2 4.60727E-2 3.14265E-2 1.58195E-2 1.13981E-2 5.87217E-3 3.5597E-3 2.33992E-3 2.57345E-3 2.19889E-3 2.16806E-3 2.09987E-3 2.20065E-3 2.23953E-3 2.09619E-3 2.19213E-3 1.74592E-3 1.85013E-3 2.1683E-3 1.77754E-3 1.71728E-3 1.8394E-3 1.70666E-3 1.40244E-3 1.65752E-3 1.72035E-3 1.44366E-3 1.52868E-3 1.67886E-3 2.03334E-3 2.86224E-3 -9999 -9999 -9999 -9999 -9999 -9999 -9999 -9999 -9999 -9999 -9999 -9999 -9999 -9999 -9999 -9999 -9999 -9999 -9999 -9999 -9999 -9999 -9999 -9999 -9999 -9999
9.58464E-2 1.3255E-2 1.77431E-2 2.1947E-2 3.96384E-2 7.90941E-2 9.52144E-2 8.18022E-2 6.29348E-2 7.86451E-2 4.29478E-2 3.15575E-2 2.11146E-2 1.30436E-2 7.97563E-3 3.73168E-3 2.87267E-3 2.21626E-3 2.71388E-3 2.57471E-3 1.67639E-3 2.37347E-3 1.90882E-3 1.37645E-3 1.16731E-3 1.349E-3 1.73825E-3 1.76783E-3 1.72854E-3 2.07895E-3 2.38858E-3 1.81499E-3 2.42817E-3 3.4334E-3 4.28216E-3 2.77752E-3 2.24118E-3 1.77399E-3 2.14238E-3 1.97339E-3 -9999 -9999 -9999 -9999 -9999 -9999 -9999 -9999 -9999 -9999 -9999 -9999 -9999 -9999 -9999 -9999 -9999 -9999 -9999 -9999 -9999 -9999 -9999 -9999 -9999
1.17323E-1 3.5371E-2 1.43347E-2 1.7075E-2 3.06268E-2 7.3254E-2 6.94977E-2 8.29841E-2 7.79501E-2 5.95715E-2 4.47409E-2 3.04855E-2 3.01437E-2 2.46783E-2 1.4676E-2 9.4721E-3 7.0162E-3 4.42705E-3 3.67451E-3 3.62033E-3 1.95758E-3 2.23841E-3 1.48804E-3 1.16115E-3 1.36102E-3 1.72682E-3 1.5646E-3 1.23717E-3 1.48613E-3 1.64174E-3 1.88196E-3 2.58895E-3 3.69613E-3 4.73327E-3 4.67409E-3 4.77423E-3 3.5886E-3 2.69749E-3 3.1289E-3 3.5265E-3 1.26596E-3 -9999 -9999 -9999 -9999 -9999 -9999 -9999 -9999 -9999 -9999 -9999 -9999 -9999 -9999 -9999 -9999 -9999 -9999 -9999 -9999 -9999 -9999 -9999 -9999
7.7635E-2 7.51043E-2 3.39583E-2 4.38585E-2 6.4782E-2 6.45876E-2 4.60662E-2 5.72112E-2 7.26506E-2 7.50697E-2 3.95225E-2 2.77066E-2 2.28165E-2 2.20557E-2 1.983E-2 1.29265E-2 8.86999E-3 5.25279E-3 3.07474E-3 2.94103E-3 2.13404E-3 1.8936E-3 1.51351E-3 1.41333E-3 1.44806E-3 1.74558E-3 1.33916E-3 1.28196E-3 1.52598E-3 2.85627E-3 3.61681E-3 4.07028E-3 1.81289E-3 5.24944E-4 5.34654E-4 2.13911E-3 3.26293E-3 1.94034E-3 1.95086E-3 3.102E-3 1.7431E-3 -9999 -9999 -9999 -9999 -9999 -9999 -9999 -9999 -9999 -9999 -9999 -9999 -9999 -9999 -9999 -9999 -9999 -9999 -9999 -9999 -9999 -9999 -9999 -9999
8.68967E-2 8.32922E-2 6.39191E-2 6.53195E-2 4.13972E-2 5.92413E-2 5.46435E-2 3.84902E-2 8.1124E-2 6.67109E-2 4.17659E-2 1.45173E-2 2.14774E-2 2.17381E-2 1.91975E-2 1.40733E-2 8.83191E-3 4.9029E-3 2.92599E-3 2.23756E-3 2.75659E-3 2.07761E-3 1.94549E-3 1.81201E-3 1.58045E-3 1.76722E-3 1.49291E-3 1.73042E-3 3.4389E-3 4.15574E-3 2.03584E-3 2.86355E-3 1.84832E-3 4.77325E-4 4.28346E-4 5.04396E-4 5.01953E-4 4.66985E-4 6.02124E-4 6.75118E-4 3.81693E-4 -9999 -9999 -9999 -9999 -9999 -9999 -9999 -9999 -9999 -9999 -9999 -9999 -9999 -9999 -9999 -9999 -9999 -9999 -9999 -9999 -9999 -9999 -9999 -9999
6.18165E-2 5.87082E-2 2.63623E-2 5.27551E-2 4.89257E-2 3.29235E-2 5.09136E-2 6.31664E-2 8.40262E-2 7.82726E-2 3.71656E-2 2.0258E-2 4.10604E-2 3.1229E-2 2.5016E-2 2.05371E-2 1.20569E-2 6.57728E-3 2.74091E-3 3.83396E-3 4.41989E-3 3.00602E-3 2.02685E-3 1.99906E-3 1.54427E-3 2.71862E-3 3.35598E-3 4.07497E-3 3.95893E-3 2.91945E-3 2.79379E-3 4.78593E-3 3.59959E-3 1.65942E-3 4.14037E-4 4.97935E-4 7.33324E-4 1.11807E-3 6.35587E-4 3.92858E-4 -9999 -9999 -9999 -9999 -9999 -9999 -9999 -9999 -9999 -9999 -9999 -9999 -9999 -9999 -9999 -9999 -9999 -9999 -9999 -9999 -9999 -9999 -9999 -9999 -9999
8.71341E-2 8.64199E-2 3.81643E-2 3.14307E-2 1.55326E-2 1.93283E-2 5.79021E-2 6.91501E-2 8.08175E-2 7.18883E-2 5.12342E-2 4.44E-2 6.70908E-2 5.31882E-2 4.95096E-2 3.76508E-2 2.50688E-2 1.06206E-2 4.21142E-3 6.1762E-3 5.18779E-3 4.01116E-3 3.2228E-3 2.41689E-3 3.02921E-3 5.45142E-3 4.91945E-3 2.49119E-3 1.65412E-3 9.22915E-4 2.25713E-3 4.50382E-3 3.35482E-3 1.93257E-3 6.38484E-4 1.64031E-3 3.06099E-3 2.33116E-3 2.12308E-3 1.12969E-3 -9999 -9999 -9999 -9999 -9999 -9999 -9999 -9999 -9999 -9999 -9999 -9999 -9999 -9999 -9999 -9999 -9999 -9999 -9999 -9999 -9999 -9999 -9999 -9999 -9999
1.23078E-1 7.1156E-2 2.85264E-2 2.11646E-2 5.25918E-2 3.49055E-2 6.15847E-2 5.69084E-2 7.80056E-2 5.29414E-2 8.13716E-2 7.46769E-2 5.97927E-2 5.11373E-2 5.19997E-2 3.29487E-2 2.19579E-2 3.24233E-2 1.15775E-2 8.63871E-3 7.51534E-3 6.72721E-3 4.57071E-3 4.20527E-3 4.42876E-3 3.99474E-3 3.32712E-3 7.37483E-4 5.37273E-4 6.96056E-4 4.01686E-3 3.54942E-3 1.76695E-3 2.09195E-3 5.19713E-3 5.54278E-3 3.49709E-3 2.54701E-3 3.3609E-3 2.78492E-3 3.97455E-4 -9999 -9999 -9999 -9999 -9999 -9999 -9999 -9999 -9999 -9999 -9999 -9999 -9999 -9999 -9999 -9999 -9999 -9999 -9999 -9999 -9999 -9999 -9999 -9999
1.17209E-1 4.80417E-2 2.68689E-2 2.09725E-2 5.23825E-2 4.31174E-2 5.42013E-2 7.22194E-2 6.97315E-2 7.92229E-2 6.70493E-2 7.21674E-2 6.43135E-2 5.18486E-2 5.68658E-2 4.84635E-2 3.41699E-2 2.43801E-2 1.68586E-2 1.21704E-2 7.97528E-3 1.25927E-2 5.87519E-3 3.63161E-3 2.71885E-3 4.76637E-3 4.03081E-3 3.26863E-3 9.82468E-4 4.37134E-3 4.67111E-3 3.01159E-3 2.43484E-3 3.60064E-3 4.32828E-3 3.41383E-3 2.47554E-3 1.85484E-3 2.20698E-3 2.96449E-3 3.00462E-3 6.94553E-4 -9999 -9999 -9999 -9999 -9999 -9999 -9999 -9999 -9999 -9999 -9999 -9999 -9999 -9999 -9999 -9999 -9999 -9999 -9999 -9999 -9999 -9999 -9999
