layers/suitall.asc
ncols         638
nrows         825
xllcorner     -2985163.8955
yllcorner     -3022031.214
cellsize      10000.0
NODATA_value  -9999
[rows 87 to 115 of 825, columns 65 to 129 of 638]
-9999 -9999 -9999 -9999 -9999 -9999 -9999 -9999 -9999 -9999 -9999 -9999 -9999 -9999 -9999 -9999 3.3267E-1 3.25205E-1 3.07846E-1 2.39897E-1 3.66147E-1 1.41791E-1 2.59122E-1 2.46823E-1 2.2775E-1 2.5155E-1 3.21814E-1 5.10297E-1 6.57726E-1 3.04603E-1 1.64378E-1 1.72748E-1 1.60078E-1 1.24059E-1 2.11178E-1 3.38461E-1 8.08077E-2 2.05469E-1 3.26522E-1 3.15524E-1 2.41621E-1 1.97541E-1 3.81321E-1 3.70319E-1 2.56328E-1 2.04493E-1 2.41108E-1 2.56972E-1 4.14868E-1 6.1111E-1 8.01883E-1 6.30959E-1 4.27231E-1 3.40518E-1 2.63835E-1 3.11743E-1 3.22864E-1 2.53493E-1 3.1627E-1 3.44117E-1 3.49229E-1 4.23618E-1 3.46204E-1 3.40518E-1 3.14169E-1
-9999 -9999 -9999 -9999 -9999 -9999 -9999 -9999 -9999 -9999 -9999 -9999 -9999 -9999 -9999 2.11428E-1 2.61569E-1 3.53029E-1 2.94387E-1 3.15627E-1 3.28172E-1 2.42575E-1 2.68207E-1 3.14681E-1 2.8189E-1 2.7262E-1 2.67243E-1 3.49314E-1 5.46155E-1 2.6117E-1 2.61544E-1 1.79668E-1 1.57182E-1 1.38699E-1 1.85893E-1 2.79186E-1 1.10217E-1 2.88494E-1 2.97865E-1 3.20431E-1 3.68614E-1 3.83794E-1 3.87208E-1 9.4571E-2 5.47463E-2 5.67675E-2 7.29446E-2 8.27173E-2 2.45282E-1 6.17476E-1 8.54494E-1 4.40699E-1 3.30269E-1 3.82701E-1 3.36507E-1 3.26071E-1 3.03015E-1 2.58161E-1 2.90927E-1 3.25582E-1 3.06217E-1 3.64988E-1 4.80868E-1 3.95507E-1 3.54004E-1
-9999 -9999 -9999 -9999 -9999 -9999 -9999 -9999 -9999 -9999 -9999 -9999 -9999 -9999 -9999 2.03442E-1 4.37286E-2 1.57347E-1 1.83577E-1 2.38839E-1 3.49989E-1 2.78945E-1 2.55375E-1 3.36632E-1 3.54213E-1 3.11974E-1 2.31888E-1 3.14419E-1 3.87756E-1 3.76377E-1 4.35079E-1 2.27429E-1 1.6743E-1 1.23762E-1 1.3419E-1 2.61498E-1 2.68688E-1 3.20241E-1 3.24733E-1 2.93883E-1 2.86086E-1 2.62827E-1 3.04374E-1 7.11397E-2 1.72636E-2 2.44839E-2 3.47044E-2 8.85122E-2 3.25554E-1 5.25681E-1 6.16692E-1 4.06324E-1 2.60662E-1 2.87775E-1 2.9028E-1 2.71293E-1 2.906E-1 2.92992E-1 2.85092E-1 2.94042E-1 2.64357E-1 3.12175E-1 4.0262E-1 3.51681E-1 3.57641E-1
-9999 -9999 -9999 -9999 -9999 -9999 -9999 -9999 -9999 -9999 -9999 -9999 -9999 -9999 8.69374E-1 8.40524E-1 4.11298E-1 7.17005E-2 1.26934E-1 2.71421E-1 4.21539E-1 3.55399E-1 3.05709E-1 3.2563E-1 2.91006E-1 3.08519E-1 2.34191E-1 3.16992E-1 4.76347E-1 4.21935E-1 4.98024E-1 3.27263E-1 2.90853E-1 2.09067E-1 1.37906E-1 1.63115E-1 3.18102E-1 1.5137E-1 1.50029E-1 1.08528E-1 6.33989E-2 4.26587E-2 4.22165E-2 3.05572E-2 1.8192E-2 3.2944E-2 7.60838E-2 1.39443E-1 1.4674E-1 1.45136E-1 2.47118E-1 3.33769E-1 3.2173E-1 3.51544E-1 2.72044E-1 1.91661E-1 2.3203E-1 2.90431E-1 2.99507E-1 3.35823E-1 2.99969E-1 3.11058E-1 3.37904E-1 3.61122E-1 3.417E-1
-9999 -9999 -9999 -9999 -9999 -9999 -9999 -9999 -9999 -9999 -9999 -9999 -9999 -9999 -9999 8.16673E-1 8.54639E-1 7.48977E-1 3.39626E-1 1.58976E-1 3.17513E-1 3.47884E-1 3.70504E-1 3.14273E-1 3.04039E-1 2.95195E-1 2.56362E-1 3.81813E-1 5.81469E-1 6.1028E-1 5.33068E-1 3.48302E-1 2.72382E-1 2.4835E-1 1.6485E-1 1.33557E-1 2.51883E-1 2.77436E-1 1.09224E-1 5.63569E-2 4.27862E-2 3.73952E-2 2.64384E-2 2.08583E-2 2.67281E-2 5.22688E-2 1.07378E-1 5.57898E-2 5.36217E-2 1.09859E-1 1.83526E-1 2.79637E-1 4.49325E-1 3.8279E-1 1.72728E-1 1.68104E-1 2.18956E-1 2.73986E-1 3.39292E-1 3.55978E-1 3.23224E-1 3.22864E-1 2.89049E-1 3.25325E-1 3.70109E-1
-9999 -9999 -9999 -9999 -9999 -9999 -9999 -9999 -9999 -9999 -9999 -9999 -9999 -9999 -9999 -9999 7.33935E-1 9.73916E-1 7.57987E-1 1.85843E-1 2.19612E-1 3.6273E-1 3.23332E-1 3.36811E-1 3.22844E-1 3.03693E-1 3.48589E-1 4.26292E-1 5.41351E-1 6.64103E-1 6.73146E-1 4.70858E-1 3.42682E-1 3.17994E-1 2.49349E-1 2.08888E-1 2.55446E-1 3.26943E-1 2.36609E-1 8.20589E-2 5.53058E-2 3.4769E-2 2.16932E-2 2.3416E-2 3.84825E-2 5.13288E-2 5.69723E-2 3.83858E-2 1.37218E-1 2.57743E-1 2.00157E-1 1.6876E-1 3.50107E-1 4.92899E-1 1.7783E-1 3.52366E-1 3.52891E-1 3.93469E-1 3.50225E-1 3.29489E-1 3.23022E-1 3.17797E-1 2.82385E-1 3.3155E-1 4.21739E-1
-9999 -9999 -9999 -9999 -9999 -9999 -9999 -9999 -9999 -9999 -9999 -9999 -9999 -9999 -9999 -9999 3.77892E-2 6.75653E-1 8.01856E-1 5.10411E-1 3.75379E-1 5.12057E-1 4.03892E-1 3.32619E-1 3.32535E-1 3.04619E-1 3.51092E-1 2.82173E-1 3.59445E-1 5.80897E-1 7.49263E-1 6.51655E-1 4.58639E-1 3.5661E-1 3.42779E-1 2.95914E-1 2.29427E-1 1.89184E-1 1.66617E-1 8.9759E-2 3.07923E-2 2.5392E-2 1.55465E-2 8.26913E-3 1.36764E-2 4.01567E-2 4.22905E-2 5.4237E-2 4.58273E-1 6.98215E-1 6.28452E-1 5.08242E-1 2.40936E-1 2.5496E-1 5.2029E-1 5.0122E-1 5.13349E-1 4.71033E-1 4.05152E-1 3.52258E-1 3.5059E-1 3.20674E-1 2.72435E-1 3.99533E-1 5.6333E-1
-9999 -9999 -9999 -9999 -9999 -9999 -9999 -9999 -9999 -9999 -9999 -9999 -9999 -9999 -9999 -9999 -9999 6.0737E-2 2.60959E-1 5.55226E-1 8.33334E-1 7.1191E-1 6.11574E-1 4.40203E-1 3.44468E-1 2.73225E-1 2.52496E-1 2.20124E-1 3.69707E-1 5.61697E-1 6.26995E-1 4.75987E-1 3.61566E-1 3.16124E-1 3.57275E-1 3.387E-1 1.98944E-1 1.17299E-1 1.47812E-1 5.87275E-2 3.0232E-2 4.6159E-2 2.89565E-2 2.6538E-2 1.64522E-2 2.85278E-2 1.26115E-1 4.76706E-1 6.48741E-1 7.01435E-1 6.81009E-1 6.78056E-1 2.5604E-1 5.23022E-1 6.1121E-1 6.18344E-1 5.41411E-1 4.8133E-1 4.33721E-1 3.96483E-1 3.84042E-1 3.49237E-1 3.51731E-1 7.02969E-1 6.62209E-1
-9999 -9999 -9999 -9999 -9999 -9999 -9999 -9999 -9999 -9999 -9999 -9999 -9999 -9999 -9999 -9999 -9999 -9999 2.72454E-2 3.66515E-2 1.92717E-1 8.49513E-1 7.37549E-1 6.88787E-1 4.3404E-1 2.93667E-1 3.06622E-1 2.57372E-1 3.50822E-1 3.62489E-1 3.5996E-1 3.34009E-1 2.91881E-1 3.06549E-1 2.85206E-1 3.02376E-1 2.28851E-1 1.05163E-1 1.58001E-1 4.6707E-2 7.09239E-2 7.83804E-2 5.32295E-2 2.60131E-2 3.59292E-2 2.45889E-2 3.87215E-1 6.47419E-1 4.96774E-1 5.39287E-1 7.02062E-1 7.90002E-1 5.62671E-1 5.47599E-1 4.98163E-1 6.11798E-1 5.90364E-1 5.09215E-1 4.8928E-1 3.88658E-1 4.03505E-1 4.51345E-1 4.81383E-1 8.72358E-1 6.28715E-1
-9999 -9999 -9999 -9999 -9999 -9999 -9999 -9999 -9999 -9999 -9999 -9999 -9999 -9999 -9999 -9999 -9999 -9999 -9999 -9999 3.44389E-2 5.18662E-2 8.34796E-1 8.27055E-1 5.84842E-1 4.31083E-1 3.47767E-1 3.38655E-1 3.41535E-1 2.9156E-1 3.32787E-1 3.14434E-1 3.2028E-1 2.9134E-1 2.52647E-1 2.57898E-1 3.15617E-1 2.85719E-1 3.79672E-1 1.33594E-1 2.9508E-1 5.60001E-1 1.41453E-1 4.24314E-2 7.20003E-2 5.47046E-2 3.51457E-1 7.83268E-1 5.11238E-1 5.28365E-1 6.77619E-1 7.62985E-1 6.47171E-1 6.00044E-1 6.19723E-1 5.7054E-1 5.49938E-1 5.1554E-1 4.84601E-1 3.70047E-1 4.9998E-1 5.94221E-1 6.20318E-1 7.46638E-1 4.33857E-1
-9999 -9999 -9999 -9999 -9999 -9999 -9999 -9999 -9999 -9999 -9999 -9999 -9999 -9999 -9999 -9999 -9999 -9999 -9999 -9999 2.65256E-2 3.23493E-2 8.4585E-1 8.42755E-1 8.16346E-1 5.70146E-1 4.48765E-1 3.5558E-1 3.66219E-1 2.94002E-1 3.34617E-1 2.87643E-1 2.8003E-1 2.5969E-1 2.15765E-1 3.11996E-1 3.96007E-1 3.96229E-1 4.76113E-1 2.8943E-1 1.05274E-1 2.69118E-1 1.31512E-1 6.70467E-2 9.50165E-2 2.35864E-1 4.20896E-1 7.26578E-1 6.19367E-1 5.84896E-1 7.14582E-1 6.72487E-1 6.22291E-1 5.56017E-1 5.30258E-1 5.05651E-1 5.29162E-1 5.1133E-1 4.57261E-1 4.20237E-1 5.17477E-1 6.74108E-1 6.07852E-1 7.51704E-1 3.49381E-1
-9999 -9999 -9999 -9999 -9999 -9999 -9999 -9999 -9999 -9999 -9999 -9999 -9999 -9999 -9999 -9999 -9999 -9999 -9999 -9999 2.47778E-2 2.79004E-2 1.43841E-1 2.51538E-1 9.58907E-1 7.22292E-1 7.16497E-1 4.68792E-1 4.08423E-1 3.24927E-1 3.11037E-1 2.54442E-1 2.46051E-1 2.00012E-1 1.81992E-1 2.36736E-1 2.35206E-1 2.63019E-1 2.87156E-1 2.82356E-1 8.36923E-2 5.77652E-2 3.57015E-2 4.21421E-2 1.45735E-1 9.68537E-1 8.09883E-1 6.9919E-1 6.65884E-1 7.42754E-1 7.17719E-1 6.15681E-1 6.78673E-1 6.90494E-1 6.50919E-1 5.45407E-1 4.73909E-1 4.55844E-1 4.29571E-1 4.17065E-1 5.12721E-1 6.20149E-1 7.31187E-1 7.94869E-1 4.87532E-1
-9999 -9999 -9999 -9999 -9999 -9999 -9999 -9999 -9999 -9999 -9999 -9999 -9999 -9999 -9999 -9999 -9999 -9999 -9999 -9999 -9999 -9999 2.83376E-2 4.81059E-2 9.27147E-1 6.42476E-1 7.42138E-1 6.82263E-1 5.0495E-1 3.90488E-1 4.14082E-1 2.71821E-1 2.39383E-1 1.99429E-1 2.09752E-1 2.09148E-1 2.1337E-1 2.12354E-1 2.5896E-1 3.85884E-1 2.11246E-1 9.74228E-2 2.621E-2 6.62493E-2 2.27254E-1 7.47288E-1 7.43621E-1 7.27867E-1 6.61595E-1 6.72131E-1 7.03209E-1 7.60231E-1 7.73588E-1 7.02597E-1 6.58262E-1 5.82292E-1 4.63987E-1 3.92224E-1 3.25868E-1 5.0784E-1 6.42488E-1 6.71844E-1 6.87088E-1 6.22447E-1 6.41892E-1
-9999 -9999 -9999 -9999 -9999 -9999 -9999 -9999 -9999 -9999 -9999 -9999 -9999 -9999 -9999 -9999 -9999 -9999 -9999 -9999 -9999 -9999 -9999 3.89419E-2 3.43518E-1 2.95566E-1 6.45617E-1 8.59142E-1 6.33553E-1 4.01617E-1 4.18693E-1 3.78535E-1 2.8793E-1 2.47634E-1 2.36931E-1 1.68824E-1 2.37311E-1 2.1746E-1 2.65083E-1 3.78394E-1 3.28693E-1 2.5935E-1 1.65642E-1 1.25284E-1 1.96484E-1 4.83293E-1 2.27342E-1 3.16604E-1 6.81244E-1 7.42503E-1 7.90599E-1 7.87939E-1 7.67223E-1 7.7602E-1 6.5631E-1 5.00263E-1 4.42114E-1 3.53266E-1 3.22975E-1 6.82871E-1 5.89299E-1 4.32911E-1 4.70711E-1 4.48719E-1 5.47571E-1
-9999 -9999 -9999 -9999 -9999 -9999 -9999 -9999 -9999 -9999 -9999 -9999 -9999 -9999 -9999 -9999 -9999 -9999 -9999 -9999 -9999 -9999 -9999 -9999 -9999 3.87804E-2 8.4857E-1 8.29781E-1 5.52842E-1 2.73094E-1 3.36864E-1 4.24318E-1 3.91642E-1 2.8513E-1 2.42799E-1 1.12484E-1 1.72519E-1 1.93976E-1 2.86636E-1 4.01107E-1 2.28514E-1 2.40791E-1 4.21786E-1 1.09178E-1 1.77611E-1 3.52498E-1 1.57834E-1 2.83416E-1 7.71016E-1 8.15795E-1 7.20512E-1 6.63065E-1 7.5219E-1 7.86751E-1 5.49361E-1 3.6921E-1 3.31714E-1 3.03115E-1 3.62849E-1 6.82098E-1 5.7899E-1 4.08598E-1 3.0664E-1 3.49785E-1 4.63084E-1
-9999 -9999 -9999 -9999 -9999 -9999 -9999 -9999 -9999 -9999 -9999 -9999 -9999 -9999 -9999 -9999 -9999 -9999 -9999 -9999 -9999 -9999 -9999 -9999 -9999 1.07472E-1 6.98351E-1 7.97076E-1 5.46352E-1 3.44567E-1 3.16771E-1 2.78914E-1 3.94723E-1 3.04191E-1 2.30528E-1 1.4047E-1 1.33539E-1 2.4441E-1 2.32405E-1 4.25479E-1 1.47025E-1 1.13392E-1 4.71212E-1 1.46634E-1 1.5288E-1 2.13466E-1 9.9558E-2 1.6214E-1 6.49531E-1 6.84084E-1 7.38463E-1 6.77392E-1 8.16441E-1 6.00814E-1 4.52852E-1 3.28257E-1 2.53883E-1 2.40791E-1 4.00389E-1 4.60047E-1 6.5402E-1 5.29631E-1 3.25943E-1 3.34136E-1 2.20795E-1
-9999 -9999 -9999 -9999 -9999 -9999 -9999 -9999 -9999 -9999 -9999 -9999 -9999 -9999 -9999 -9999 -9999 -9999 -9999 -9999 -9999 -9999 -9999 -9999 -9999 3.70592E-1 9.7885E-1 9.07119E-1 1.56053E-1 3.2853E-1 3.43804E-1 2.66191E-1 3.05018E-1 3.5527E-1 2.16133E-1 1.88864E-1 1.58269E-1 2.46094E-1 2.06616E-1 3.90857E-1 2.90784E-1 5.69686E-2 1.65075E-1 1.71237E-1 1.75244E-1 2.7576E-1 2.87068E-1 2.4949E-1 4.00312E-1 5.33689E-1 7.69911E-1 7.66619E-1 7.21988E-1 1.13187E-1 1.14576E-1 6.5936E-2 1.2664E-1 3.21155E-1 4.0125E-1 4.40686E-1 4.85201E-1 4.57502E-1 3.39435E-1 3.37604E-1 6.45606E-2
-9999 -9999 -9999 -9999 -9999 -9999 -9999 -9999 -9999 -9999 -9999 -9999 -9999 -9999 -9999 -9999 -9999 -9999 -9999 -9999 -9999 -9999 -9999 -9999 -9999 6.68914E-2 9.85504E-1 6.39426E-1 2.59751E-1 3.02346E-1 3.38576E-1 2.46721E-1 2.7183E-1 4.033E-1 2.45369E-1 1.73873E-1 1.9469E-1 2.20113E-1 1.89364E-1 3.71194E-1 2.12792E-1 3.47553E-2 9.10872E-2 9.5678E-2 1.63049E-1 4.00469E-1 7.28822E-1 6.91218E-1 2.3324E-1 1.45133E-1 3.08377E-1 7.31856E-1 6.73767E-1 1.27779E-1 9.47504E-2 4.94701E-2 2.18773E-1 3.05948E-1 3.68216E-1 4.89599E-1 6.03879E-1 5.15383E-1 4.30161E-1 3.98576E-1 2.5504E-2
-9999 -9999 -9999 -9999 -9999 -9999 -9999 -9999 -9999 -9999 -9999 -9999 -9999 -9999 -9999 -9999 -9999 -9999 -9999 -9999 -9999 -9999 -9999 -9999 -9999 6.48523E-2 9.0712E-1 6.77769E-1 5.45E-1 3.9706E-1 3.34713E-1 2.38409E-1 2.80308E-1 4.28486E-1 2.75639E-1 1.99815E-1 2.09498E-1 2.00273E-1 2.59839E-1 2.57244E-1 1.17707E-1 5.84397E-2 1.06448E-1 8.93815E-2 1.12404E-1 1.10086E-1 7.509E-1 9.1494E-1 9.31868E-1 1.82977E-1 4.77293E-1 4.77022E-1 5.68528E-1 8.93899E-2 1.03079E-1 5.9324E-2 1.12986E-1 2.28994E-1 3.57156E-1 4.40284E-1 6.22462E-1 5.50716E-1 4.658E-1 8.47867E-2 4.23306E-2
-9999 -9999 -9999 -9999 -9999 -9999 -9999 -9999 -9999 -9999 -9999 -9999 -9999 -9999 -9999 -9999 -9999 -9999 -9999 -9999 -9999 -9999 -9999 -9999 -9999 4.09987E-2 6.69459E-2 4.55615E-1 7.62077E-1 5.96631E-1 3.60922E-1 3.53863E-1 3.08547E-1 4.11072E-1 3.38603E-1 2.21634E-1 2.30718E-1 2.30791E-1 2.5541E-1 2.17799E-1 2.69285E-1 1.77028E-1 7.26892E-2 2.62976E-2 1.54892E-1 3.51371E-1 6.73389E-1 8.55873E-1 9.8026E-1 5.73335E-1 1.25887E-1 6.70924E-2 5.72298E-1 1.64735E-1 9.30092E-2 3.56784E-2 1.12921E-1 2.45524E-1 3.56423E-1 4.62256E-1 6.62357E-1 7.2974E-1 1.95315E-1 3.54736E-2 1.25343E-1
-9999 -9999 -9999 -9999 -9999 -9999 -9999 -9999 -9999 -9999 -9999 -9999 -9999 -9999 -9999 -9999 -9999 -9999 -9999 -9999 -9999 -9999 -9999 -9999 -9999 -9999 4.19766E-2 6.25416E-2 9.18045E-1 6.72051E-1 3.94729E-1 3.85629E-1 3.33731E-1 4.06787E-1 3.61271E-1 2.36427E-1 2.19788E-1 2.53408E-1 2.48959E-1 2.72376E-1 2.54413E-1 2.00907E-1 4.80325E-2 1.59492E-2 5.07829E-2 2.70902E-1 5.92094E-1 5.34066E-1 8.17369E-1 8.183E-1 3.15145E-1 6.647E-2 1.22479E-1 1.26022E-1 9.14236E-2 5.81274E-2 8.41375E-2 2.50353E-1 3.66244E-1 4.74315E-1 7.85599E-1 6.95367E-1 1.13144E-1 6.82932E-2 1.26888E-1
-9999 -9999 -9999 -9999 -9999 -9999 -9999 -9999 -9999 -9999 -9999 -9999 -9999 -9999 -9999 -9999 -9999 -9999 -9999 -9999 -9999 -9999 -9999 -9999 -9999 -9999 -9999 -9999 7.03274E-1 7.49655E-1 4.50431E-1 3.83389E-1 3.87408E-1 3.90245E-1 3.54002E-1 2.76054E-1 2.20032E-1 2.15821E-1 2.25671E-1 2.78083E-1 2.25282E-1 1.55132E-1 9.64944E-2 3.07502E-2 2.61228E-2 6.87641E-2 2.87412E-1 3.40491E-1 3.09751E-1 1.56846E-1 2.3714E-1 3.68342E-1 1.77083E-1 4.48751E-2 6.964E-2 9.78004E-2 9.521E-2 3.00596E-1 4.57838E-1 6.43691E-1 9.05887E-1 6.28429E-1 1.6752E-1 1.27516E-1 1.62666E-1
-9999 -9999 -9999 -9999 -9999 -9999 -9999 -9999 -9999 -9999 -9999 -9999 -9999 -9999 -9999 -9999 -9999 -9999 -9999 -9999 -9999 -9999 -9999 -9999 -9999 -9999 4.52187E-1 9.2729E-1 9.44243E-1 6.83286E-1 3.66083E-1 3.9696E-1 3.61978E-1 3.75613E-1 3.73143E-1 2.76941E-1 2.13389E-1 2.12685E-1 2.48997E-1 3.38042E-1 2.35251E-1 2.20653E-1 2.09703E-1 6.50876E-2 2.83358E-2 5.58161E-2 4.67111E-1 7.81984E-1 7.41923E-1 2.4902E-1 1.44168E-1 1.59653E-1 1.56762E-1 5.2608E-2 8.91121E-2 1.38386E-1 8.8147E-2 2.76122E-1 6.09462E-1 8.84395E-1 9.38147E-1 5.18481E-1 1.08381E-1 1.03625E-1 2.29368E-1
-9999 -9999 -9999 -9999 -9999 -9999 -9999 -9999 -9999 -9999 -9999 -9999 -9999 -9999 -9999 -9999 -9999 -9999 -9999 -9999 -9999 -9999 -9999 -9999 -9999 2.94004E-1 8.94525E-1 9.51524E-1 7.62051E-1 3.75416E-1 3.66816E-1 3.25363E-1 3.67767E-1 4.12364E-1 4.10225E-1 2.78308E-1 2.05574E-1 2.27707E-1 2.30905E-1 2.81532E-1 2.47821E-1 1.9166E-1 1.68573E-1 5.0394E-2 4.0545E-2 1.10406E-1 5.23953E-1 8.62163E-1 7.73041E-1 3.10466E-1 2.01661E-1 2.15279E-1 1.61427E-1 5.51148E-2 1.00418E-1 1.45675E-1 3.03891E-1 3.8384E-1 6.15977E-1 9.42745E-1 8.34307E-1 2.74609E-1 1.50641E-1 1.8118E-1 2.14624E-1
-9999 -9999 -9999 -9999 -9999 -9999 -9999 -9999 -9999 -9999 -9999 -9999 -9999 -9999 -9999 -9999 -9999 -9999 -9999 -9999 -9999 -9999 -9999 -9999 4.0797E-2 4.63042E-1 9.18722E-1 8.6199E-1 7.61638E-1 2.9037E-1 2.73267E-1 3.36367E-1 3.38105E-1 3.9896E-1 4.23019E-1 2.86379E-1 1.98906E-1 2.24237E-1 1.95923E-1 2.14725E-1 2.50753E-1 2.15548E-1 1.42492E-1 4.89216E-2 6.60548E-2 1.21036E-1 3.71771E-1 4.94309E-1 6.4559E-1 6.58717E-1 2.30895E-1 1.24738E-1 2.53948E-2 1.08113E-2 5.42589E-2 2.5669E-1 4.69101E-1 4.47354E-1 6.83967E-1 9.48582E-1 9.72643E-1 5.40034E-1 2.75177E-1 3.75019E-1 4.05092E-1
-9999 -9999 -9999 -9999 -9999 -9999 -9999 -9999 -9999 -9999 -9999 -9999 -9999 -9999 -9999 -9999 -9999 -9999 -9999 -9999 -9999 -9999 -9999 -9999 3.42383E-2 4.93737E-2 4.98346E-1 5.59984E-1 7.7474E-1 3.9942E-1 2.94114E-1 3.3702E-1 4.00822E-1 3.58706E-1 3.67508E-1 2.75416E-1 1.84699E-1 2.00253E-1 2.19647E-1 2.39437E-1 1.68383E-1 1.09464E-1 2.80658E-1 9.75274E-3 8.88762E-2 1.65476E-1 5.70543E-1 5.61887E-1 8.70271E-1 7.93453E-1 2.24538E-1 1.72599E-1 7.12278E-2 4.01489E-2 8.11636E-2 1.61862E-1 3.76992E-1 5.11262E-1 7.42114E-1 9.77054E-1 9.90772E-1 6.91084E-1 5.6105E-1 6.27897E-1 6.08513E-1
-9999 -9999 -9999 -9999 -9999 -9999 -9999 -9999 -9999 -9999 -9999 -9999 -9999 -9999 -9999 -9999 -9999 -9999 -9999 -9999 -9999 -9999 -9999 -9999 -9999 -9999 3.64396E-2 7.32319E-2 8.36701E-1 8.21228E-1 5.87401E-1 3.6627E-1 4.37774E-1 3.60356E-1 4.20736E-1 3.02953E-1 2.24129E-1 2.63035E-1 2.86926E-1 2.39519E-1 1.27039E-1 4.1138E-2 2.97716E-1 1.43938E-1 2.26892E-2 2.25318E-1 7.4704E-1 7.09987E-1 9.52981E-1 8.97692E-1 5.04334E-1 4.45646E-1 1.18848E-1 7.28413E-2 6.78996E-2 1.27E-1 2.67448E-1 6.5785E-1 8.9594E-1 9.96886E-1 9.95769E-1 4.96149E-1 3.52384E-1 6.8155E-1 6.71579E-1
-9999 -9999 -9999 -9999 -9999 -9999 -9999 -9999 -9999 -9999 -9999 -9999 -9999 -9999 -9999 -9999 -9999 -9999 -9999 -9999 -9999 -9999 -9999 -9999 -9999 -9999 4.54767E-2 7.89508E-2 9.5882E-1 8.54111E-1 6.45641E-1 4.92803E-1 4.65521E-1 3.89043E-1 4.03284E-1 3.45154E-1 2.64278E-1 2.74583E-1 2.9895E-1 2.37012E-1 1.95042E-1 6.87207E-2 2.74392E-2 1.18832E-1 3.36997E-2 1.91749E-1 7.72419E-1 7.33513E-1 8.82682E-1 8.49595E-1 2.64001E-1 1.68995E-1 4.68362E-2 3.12707E-2 9.74193E-2 1.84271E-1 1.87891E-1 7.74187E-1 8.74239E-1 9.90922E-1 9.91351E-1 5.84217E-1 3.04044E-1 7.1016E-1 7.42957E-1
-9999 -9999 -9999 -9999 -9999 -9999 -9999 -9999 -9999 -9999 -9999 -9999 -9999 -9999 -9999 -9999 -9999 -9999 -9999 -9999 -9999 -9999 -9999 -9999 -9999 -9999 4.58128E-2 8.5116E-2 9.66301E-1 7.67944E-1 6.30863E-1 5.24858E-1 4.83981E-1 4.6778E-1 3.95942E-1 2.94411E-1 2.27113E-1 2.03643E-1 2.62488E-1 1.50295E-1 6.24329E-2 5.41325E-2 2.28448E-2 2.77389E-2 5.30423E-2 4.67794E-1 8.97777E-1 9.65658E-1 7.56612E-1 8.34549E-1 3.53019E-1 1.88657E-1 7.74385E-2 5.33051E-2 1.12547E-1 2.61709E-1 1.82915E-1 7.53347E-1 9.01807E-1 9.9189E-1 9.07826E-1 6.82832E-1 4.07283E-1 7.01422E-1 5.37619E-1
