layers/suit.asc
ncols         638
nrows         825
xllcorner     -2985163.8955
yllcorner     -3022031.214
cellsize      10000.0
NODATA_value  -9999
[rows 261 to 289 of 825, columns 390 to 454 of 638]
5.9065E-1 4.84143E-1 4.91993E-1 4.73315E-1 4.94544E-1 5.77009E-1 6.40283E-1 6.3615E-1 5.42425E-1 5.31526E-1 5.45392E-1 5.59737E-1 5.80663E-1 6.11812E-1 6.7296E-1 6.19027E-1 6.71301E-1 7.21895E-1 7.26546E-1 6.24277E-1 5.15538E-1 4.76186E-1 4.45332E-1 4.3832E-1 4.3228E-1 4.30367E-1 4.23783E-1 4.74117E-1 4.51156E-1 5.83177E-1 6.16606E-1 6.12943E-1 5.82153E-1 6.22375E-1 7.21166E-1 7.79763E-1 8.76816E-1 8.3015E-1 7.96324E-1 7.13499E-1 6.70815E-1 6.41114E-1 6.46656E-1 6.47001E-1 6.32018E-1 6.21855E-1 5.31562E-1 4.89264E-1 4.71533E-1 4.54878E-1 3.85212E-1 3.30791E-1 3.29672E-1 3.28563E-1 3.22949E-1 3.01847E-1 3.03965E-1 4.71467E-1 5.00076E-1 4.79264E-1 4.50898E-1 4.56858E-1 4.45142E-1 4.34386E-1 3.00523E-1
6.02962E-1 5.12831E-1 4.957E-1 4.94847E-1 5.13241E-1 5.68207E-1 6.43823E-1 6.5338E-1 6.37293E-1 5.19102E-1 5.08566E-1 5.05829E-1 5.30978E-1 5.54718E-1 6.25151E-1 6.63862E-1 7.69565E-1 8.43769E-1 7.37676E-1 5.65018E-1 4.45866E-1 4.21061E-1 4.31206E-1 4.23195E-1 4.12546E-1 4.07958E-1 4.17794E-1 5.03404E-1 4.63076E-1 5.74322E-1 6.0964E-1 5.93445E-1 6.20223E-1 7.36664E-1 8.21228E-1 8.49857E-1 9.21813E-1 9.11426E-1 8.31756E-1 7.24523E-1 6.48198E-1 6.39669E-1 6.67466E-1 6.33827E-1 6.11461E-1 6.00631E-1 5.2665E-1 4.69005E-1 4.95689E-1 3.83043E-1 3.3609E-1 3.14681E-1 3.30342E-1 2.92981E-1 3.36757E-1 3.87629E-1 4.28116E-1 5.14673E-1 5.59415E-1 4.92933E-1 4.27375E-1 4.58735E-1 4.35236E-1 4.24735E-1 2.21462E-1
5.83397E-1 5.59863E-1 5.63495E-1 5.14755E-1 4.93417E-1 5.32158E-1 5.60978E-1 6.60249E-1 6.66184E-1 5.18084E-1 5.05572E-1 4.97789E-1 5.35909E-1 6.45867E-1 6.826E-1 7.20194E-1 8.40932E-1 7.8052E-1 6.65432E-1 5.05047E-1 4.48456E-1 4.07261E-1 4.12676E-1 4.03346E-1 3.88637E-1 3.92915E-1 4.0489E-1 5.44717E-1 5.08975E-1 5.7419E-1 6.23786E-1 6.27133E-1 6.99081E-1 8.0164E-1 9.17788E-1 8.37375E-1 8.45877E-1 9.36669E-1 8.4053E-1 7.57888E-1 6.57085E-1 6.2582E-1 6.47911E-1 6.39385E-1 6.20081E-1 5.92788E-1 5.19711E-1 4.48239E-1 5.22096E-1 5.17195E-1 3.81143E-1 3.36094E-1 3.87619E-1 3.32273E-1 3.73186E-1 3.20427E-1 3.77223E-1 4.12951E-1 5.07778E-1 4.53632E-1 3.88282E-1 4.46481E-1 3.79003E-1 3.14549E-1 2.76225E-1
5.93772E-1 5.84402E-1 5.51362E-1 5.54134E-1 5.40732E-1 5.57193E-1 5.60186E-1 5.29323E-1 5.83917E-1 5.07073E-1 5.23732E-1 5.49917E-1 6.34626E-1 7.37448E-1 7.41055E-1 7.82642E-1 8.09181E-1 6.54309E-1 5.65644E-1 4.80491E-1 4.32312E-1 3.92415E-1 3.88677E-1 3.85433E-1 3.78223E-1 3.66429E-1 4.02527E-1 4.78187E-1 5.44803E-1 5.7162E-1 6.4459E-1 6.59818E-1 7.06513E-1 8.14923E-1 9.04591E-1 8.42505E-1 8.05393E-1 9.35678E-1 9.06816E-1 8.18503E-1 7.09645E-1 6.33714E-1 6.44355E-1 6.28097E-1 6.26059E-1 6.13651E-1 5.60544E-1 4.81109E-1 5.04524E-1 5.09286E-1 4.17959E-1 4.09268E-1 4.65711E-1 4.62834E-1 4.51252E-1 4.18166E-1 3.67893E-1 3.83635E-1 4.44011E-1 4.01888E-1 4.00526E-1 4.03779E-1 3.14972E-1 2.4089E-1 3.01599E-1
6.31159E-1 6.07975E-1 5.59509E-1 5.92659E-1 6.17684E-1 6.31355E-1 5.5465E-1 5.5753E-1 5.80135E-1 5.50742E-1 5.62413E-1 5.33961E-1 6.2179E-1 7.02039E-1 7.81275E-1 8.17041E-1 7.70515E-1 6.04293E-1 5.36351E-1 4.7515E-1 3.95698E-1 3.77785E-1 3.97187E-1 3.73288E-1 3.6076E-1 3.53121E-1 3.99901E-1 4.93497E-1 5.20492E-1 5.35312E-1 6.04227E-1 7.15402E-1 7.89385E-1 8.40129E-1 9.23758E-1 8.40152E-1 7.67636E-1 8.78384E-1 9.45209E-1 9.04859E-1 7.93948E-1 6.39606E-1 6.61458E-1 6.33323E-1 6.48253E-1 6.21295E-1 5.94894E-1 5.30126E-1 4.46047E-1 4.86365E-1 3.98178E-1 3.65546E-1 4.88639E-1 4.89217E-1 4.39675E-1 3.9778E-1 3.64927E-1 3.60457E-1 4.18842E-1 3.98829E-1 4.05286E-1 3.6443E-1 3.04257E-1 3.09636E-1 2.74663E-1
6.43107E-1 6.13782E-1 5.90766E-1 6.10326E-1 5.52074E-1 6.0186E-1 5.42518E-1 5.90123E-1 5.60623E-1 5.38461E-1 5.38419E-1 5.19263E-1 5.91814E-1 6.06988E-1 7.25282E-1 7.66991E-1 7.34691E-1 5.98914E-1 5.11243E-1 4.87153E-1 4.12908E-1 3.83121E-1 3.85986E-1 3.76314E-1 3.58307E-1 3.75412E-1 4.37855E-1 4.88809E-1 4.89716E-1 5.28546E-1 5.86401E-1 7.56426E-1 8.38053E-1 9.4579E-1 9.49819E-1 8.19987E-1 6.90895E-1 8.65329E-1 9.51158E-1 9.33001E-1 7.85432E-1 6.407E-1 6.57963E-1 6.6805E-1 6.49122E-1 6.29882E-1 5.95091E-1 5.06888E-1 4.36629E-1 4.58932E-1 4.4178E-1 2.60669E-1 4.70467E-1 4.66087E-1 4.15563E-1 3.82441E-1 3.35838E-1 4.15384E-1 3.96091E-1 3.80676E-1 3.75335E-1 3.92859E-1 3.47647E-1 3.0327E-1 2.65791E-1
6.31589E-1 6.29484E-1 6.14719E-1 5.46964E-1 5.8293E-1 5.08415E-1 4.84507E-1 5.1541E-1 5.3335E-1 5.07095E-1 4.62701E-1 5.16087E-1 6.07967E-1 6.47415E-1 7.27806E-1 6.77405E-1 6.13213E-1 5.16273E-1 5.13143E-1 5.23579E-1 4.6237E-1 4.20702E-1 3.69497E-1 3.50395E-1 3.50821E-1 3.78558E-1 4.46833E-1 5.12798E-1 5.19008E-1 5.58564E-1 6.20252E-1 7.84143E-1 8.49169E-1 9.46024E-1 8.60706E-1 7.67515E-1 6.96818E-1 8.72017E-1 9.388E-1 8.9444E-1 7.49815E-1 6.22672E-1 6.64821E-1 6.58306E-1 6.13745E-1 5.98714E-1 5.87273E-1 5.28554E-1 4.71169E-1 4.23184E-1 4.78477E-1 3.38839E-1 3.21655E-1 3.41606E-1 3.54221E-1 3.72234E-1 3.5647E-1 3.7633E-1 3.89886E-1 3.38239E-1 3.86136E-1 3.5158E-1 2.99551E-1 2.49301E-1 1.92231E-1
6.30725E-1 6.21923E-1 5.87331E-1 5.49392E-1 5.76738E-1 5.37453E-1 5.23032E-1 6.24161E-1 6.47317E-1 5.01908E-1 4.26448E-1 4.95155E-1 6.19854E-1 6.90843E-1 6.65873E-1 6.06427E-1 5.41401E-1 4.89247E-1 4.85678E-1 4.64085E-1 3.90605E-1 3.98997E-1 3.72532E-1 3.39824E-1 3.40111E-1 3.5748E-1 4.06938E-1 5.15542E-1 5.49093E-1 5.60943E-1 6.26123E-1 8.02789E-1 8.89097E-1 9.55076E-1 8.88662E-1 7.88911E-1 7.15177E-1 8.77913E-1 9.53731E-1 9.12351E-1 7.66281E-1 6.16692E-1 6.62503E-1 6.5263E-1 6.09403E-1 5.91502E-1 5.77521E-1 5.47255E-1 5.22169E-1 5.06964E-1 5.05539E-1 4.5352E-1 3.52098E-1 2.9197E-1 2.76523E-1 2.69495E-1 2.76459E-1 2.82537E-1 2.98668E-1 2.98794E-1 3.3997E-1 2.90628E-1 2.14549E-1 1.68731E-1 1.92668E-1
5.77358E-1 5.99972E-1 5.45488E-1 4.87597E-1 5.22609E-1 5.54213E-1 5.76211E-1 6.02309E-1 5.69403E-1 5.45488E-1 5.83805E-1 5.62403E-1 6.29444E-1 6.86417E-1 6.89955E-1 6.05825E-1 5.58681E-1 5.11917E-1 4.75049E-1 4.45864E-1 3.98459E-1 4.09491E-1 3.94454E-1 3.38838E-1 3.47141E-1 3.73405E-1 4.01078E-1 5.2954E-1 5.518E-1 5.58116E-1 6.33861E-1 7.59682E-1 9.19093E-1 9.72594E-1 9.44593E-1 8.06609E-1 7.57557E-1 8.89224E-1 9.60729E-1 9.23605E-1 7.89126E-1 6.37311E-1 6.35789E-1 6.56887E-1 6.25047E-1 5.9309E-1 5.57633E-1 5.22025E-1 5.561E-1 6.33728E-1 5.24552E-1 4.81415E-1 4.09494E-1 3.46999E-1 3.46066E-1 3.19251E-1 2.42519E-1 2.21035E-1 1.95833E-1 2.45953E-1 2.93595E-1 2.68687E-1 2.08358E-1 1.84353E-1 1.92603E-1
5.51157E-1 5.75907E-1 5.90372E-1 5.32288E-1 4.97113E-1 4.99386E-1 5.24033E-1 5.34178E-1 5.40972E-1 5.11054E-1 5.98652E-1 6.91862E-1 6.01142E-1 6.0396E-1 7.53393E-1 7.40336E-1 6.49839E-1 5.73652E-1 5.02055E-1 4.9796E-1 4.5077E-1 4.11845E-1 3.89984E-1 3.80165E-1 3.81762E-1 3.98614E-1 4.32419E-1 5.36987E-1 5.56469E-1 5.29146E-1 6.2119E-1 6.72166E-1 8.85111E-1 9.63592E-1 9.09209E-1 8.22429E-1 7.90177E-1 9.03638E-1 9.57248E-1 9.18138E-1 7.85362E-1 6.38495E-1 6.1983E-1 6.41894E-1 6.1717E-1 5.72958E-1 5.63049E-1 5.46702E-1 5.14273E-1 5.08032E-1 4.36889E-1 4.1453E-1 4.24543E-1 3.83301E-1 3.12146E-1 2.6004E-1 2.43959E-1 1.89346E-1 2.15574E-1 2.73204E-1 2.83574E-1 2.62028E-1 1.75681E-1 1.30199E-1 1.67609E-1
5.04276E-1 5.66016E-1 5.57251E-1 5.46646E-1 5.13264E-1 5.33471E-1 5.51427E-1 5.3082E-1 5.28561E-1 5.67332E-1 6.41198E-1 7.26221E-1 5.92471E-1 5.59922E-1 6.79105E-1 8.23287E-1 7.53546E-1 6.47046E-1 5.10752E-1 4.83262E-1 4.55688E-1 3.98821E-1 3.9274E-1 4.07954E-1 4.138E-1 4.30262E-1 4.81998E-1 5.05132E-1 5.59238E-1 5.18548E-1 6.02917E-1 6.94667E-1 9.06585E-1 9.57612E-1 8.96775E-1 7.85982E-1 7.5407E-1 8.20808E-1 9.38158E-1 9.09203E-1 7.85181E-1 6.47527E-1 6.29321E-1 6.41693E-1 6.03517E-1 5.59642E-1 5.76185E-1 5.04326E-1 4.58569E-1 4.31042E-1 4.29012E-1 5.11862E-1 5.10824E-1 3.73904E-1 3.12735E-1 2.66727E-1 2.8084E-1 2.23393E-1 2.50185E-1 3.29552E-1 2.59821E-1 2.26109E-1 1.80081E-1 1.43332E-1 1.52243E-1
4.87182E-1 5.64506E-1 5.60923E-1 5.72146E-1 4.87492E-1 5.30298E-1 5.51386E-1 5.03631E-1 5.03388E-1 6.56505E-1 7.73001E-1 6.6591E-1 5.28828E-1 5.3588E-1 5.72466E-1 7.55815E-1 8.20043E-1 6.77994E-1 5.41164E-1 4.83706E-1 4.7235E-1 4.55852E-1 4.19863E-1 4.2433E-1 4.43294E-1 4.83943E-1 5.21822E-1 5.65414E-1 5.6735E-1 5.64959E-1 5.94697E-1 7.1101E-1 9.206E-1 9.60046E-1 9.03461E-1 7.61609E-1 6.83101E-1 7.76562E-1 8.59578E-1 8.49398E-1 7.46955E-1 6.50223E-1 5.87726E-1 6.06203E-1 6.03961E-1 5.86292E-1 5.8243E-1 4.71463E-1 4.2669E-1 4.30008E-1 4.37799E-1 4.60542E-1 4.67469E-1 4.26602E-1 3.66373E-1 2.88203E-1 2.62102E-1 2.41665E-1 2.53071E-1 3.20641E-1 2.26959E-1 1.93389E-1 1.91301E-1 1.77301E-1 1.5189E-1
5.20178E-1 5.52588E-1 5.21206E-1 5.13403E-1 5.02088E-1 5.28536E-1 5.62247E-1 5.43056E-1 5.66248E-1 7.21105E-1 8.41336E-1 7.57858E-1 5.73806E-1 5.82705E-1 5.06413E-1 6.84353E-1 8.1417E-1 7.51896E-1 6.11222E-1 5.08888E-1 4.43916E-1 4.43218E-1 4.22636E-1 4.41747E-1 4.51696E-1 5.01593E-1 5.30688E-1 5.93941E-1 5.8343E-1 5.94879E-1 5.97513E-1 7.10474E-1 8.95702E-1 9.5216E-1 8.98482E-1 7.3268E-1 6.59555E-1 6.24426E-1 7.23834E-1 7.41253E-1 7.12498E-1 6.52267E-1 6.01883E-1 6.24818E-1 6.04237E-1 5.87374E-1 5.70971E-1 4.86937E-1 4.43364E-1 4.4445E-1 4.11647E-1 3.7495E-1 3.73709E-1 4.5841E-1 4.66399E-1 3.0986E-1 2.76259E-1 1.86892E-1 2.59481E-1 3.32071E-1 2.24426E-1 1.86793E-1 1.89186E-1 1.98857E-1 1.77074E-1
5.27475E-1 5.50273E-1 5.7636E-1 5.4283E-1 5.3722E-1 5.04903E-1 5.78066E-1 5.63526E-1 6.53492E-1 6.49215E-1 7.76193E-1 6.78898E-1 5.49805E-1 5.60153E-1 4.81805E-1 6.88021E-1 8.07911E-1 7.49246E-1 6.07723E-1 5.01174E-1 4.74305E-1 4.57191E-1 4.59265E-1 4.45015E-1 4.58036E-1 4.94714E-1 5.31248E-1 6.2346E-1 6.12824E-1 6.11967E-1 6.0895E-1 6.81726E-1 8.61863E-1 9.02102E-1 8.42563E-1 6.946E-1 6.46027E-1 6.46308E-1 6.6924E-1 7.03638E-1 7.04725E-1 6.61034E-1 5.93045E-1 5.80962E-1 6.12206E-1 5.80529E-1 5.39967E-1 4.76868E-1 4.76839E-1 4.41571E-1 3.74555E-1 3.03888E-1 2.68936E-1 3.45001E-1 4.77932E-1 4.06679E-1 3.33011E-1 1.94319E-1 2.36767E-1 2.68786E-1 2.02792E-1 1.75223E-1 2.01362E-1 2.06699E-1 1.90226E-1
5.44626E-1 6.14163E-1 6.38055E-1 5.87532E-1 5.69519E-1 5.71982E-1 6.25019E-1 6.29919E-1 8.00761E-1 8.35808E-1 8.25419E-1 6.19128E-1 4.80924E-1 4.92509E-1 4.89816E-1 6.88355E-1 7.7993E-1 6.91763E-1 5.61283E-1 4.80435E-1 4.73505E-1 4.79201E-1 4.77111E-1 4.71883E-1 4.625E-1 4.8968E-1 5.3163E-1 5.71365E-1 6.39134E-1 6.31907E-1 6.47299E-1 7.06951E-1 8.342E-1 8.88838E-1 7.84422E-1 6.80954E-1 6.72658E-1 6.02907E-1 6.24151E-1 7.05292E-1 6.90603E-1 6.91003E-1 5.93574E-1 6.04732E-1 6.00269E-1 5.68643E-1 5.14114E-1 5.23236E-1 5.33843E-1 4.57667E-1 3.61187E-1 2.64068E-1 2.40094E-1 3.11631E-1 3.88919E-1 3.95747E-1 3.70576E-1 3.35984E-1 2.87069E-1 2.29802E-1 2.0328E-1 1.80017E-1 2.02497E-1 2.1582E-1 2.20765E-1
6.45067E-1 6.57042E-1 6.72118E-1 6.46083E-1 5.70886E-1 5.88694E-1 6.52332E-1 7.41775E-1 8.4071E-1 8.90988E-1 7.23006E-1 5.45201E-1 4.38861E-1 4.55544E-1 5.05146E-1 7.02597E-1 7.84847E-1 7.27579E-1 5.67483E-1 4.78943E-1 4.85777E-1 4.8288E-1 4.73689E-1 4.92278E-1 4.9012E-1 5.16734E-1 5.95434E-1 5.36075E-1 6.06938E-1 5.98001E-1 6.1181E-1 7.2737E-1 8.51297E-1 8.53342E-1 7.83857E-1 6.73885E-1 6.76503E-1 6.44722E-1 6.73937E-1 7.00127E-1 6.69168E-1 6.51038E-1 6.12305E-1 5.80719E-1 5.55337E-1 5.18439E-1 5.16853E-1 5.56854E-1 5.72657E-1 4.71137E-1 3.8121E-1 2.77659E-1 2.4097E-1 2.46625E-1 2.56087E-1 2.76726E-1 3.40758E-1 3.25325E-1 3.1353E-1 2.31339E-1 2.03725E-1 2.67367E-1 2.63943E-1 2.65442E-1 2.1995E-1
6.24594E-1 6.65498E-1 6.40991E-1 5.90242E-1 5.16075E-1 5.44196E-1 5.48184E-1 7.22844E-1 8.02547E-1 8.3771E-1 6.26751E-1 5.34704E-1 4.33035E-1 4.33037E-1 4.97903E-1 7.09431E-1 7.869E-1 6.92859E-1 5.416E-1 4.78853E-1 4.83073E-1 4.85318E-1 4.88806E-1 4.98154E-1 5.04167E-1 4.90046E-1 4.65012E-1 5.11866E-1 5.88489E-1 6.33046E-1 5.91633E-1 7.43644E-1 8.57588E-1 8.24701E-1 7.85286E-1 6.67277E-1 6.7158E-1 6.68273E-1 6.78024E-1 6.85079E-1 6.28362E-1 5.9132E-1 5.96123E-1 5.7072E-1 5.4172E-1 5.0703E-1 5.23779E-1 5.31918E-1 4.97055E-1 5.71895E-1 4.43381E-1 3.01483E-1 2.347E-1 2.03661E-1 1.89936E-1 1.80231E-1 1.83011E-1 1.3434E-1 3.09345E-1 3.24578E-1 2.62739E-1 1.41578E-1 2.39733E-1 2.53346E-1 1.95369E-1
4.78479E-1 5.46552E-1 4.86091E-1 4.35629E-1 4.65203E-1 4.78393E-1 5.56293E-1 6.80965E-1 8.61406E-1 7.85401E-1 5.96448E-1 4.53034E-1 4.06986E-1 4.06471E-1 5.12812E-1 7.50385E-1 8.02849E-1 6.99025E-1 5.45366E-1 4.93366E-1 5.02576E-1 4.96702E-1 4.95217E-1 5.08831E-1 5.22799E-1 4.96399E-1 4.8166E-1 4.89412E-1 6.0741E-1 6.57226E-1 6.47611E-1 7.86184E-1 8.56004E-1 7.91161E-1 7.7581E-1 7.13019E-1 6.87664E-1 6.7971E-1 6.7504E-1 6.71685E-1 6.17532E-1 5.74827E-1 5.80697E-1 5.71245E-1 5.58124E-1 5.28305E-1 5.159E-1 5.04703E-1 4.85629E-1 3.95762E-1 3.57146E-1 4.40869E-1 2.66818E-1 2.00926E-1 1.83143E-1 1.74632E-1 1.64646E-1 1.26683E-1 1.1629E-1 1.04499E-1 9.71943E-2 8.97056E-2 1.35368E-1 2.27821E-1 2.36116E-1
3.97201E-1 5.56708E-1 5.55728E-1 4.08226E-1 4.21652E-1 4.44503E-1 5.75375E-1 7.48097E-1 8.07224E-1 6.10121E-1 5.16949E-1 4.08778E-1 4.01943E-1 4.16461E-1 5.07041E-1 6.69951E-1 8.01257E-1 7.02846E-1 5.93791E-1 5.44806E-1 5.22396E-1 4.98305E-1 5.10805E-1 5.27982E-1 5.31517E-1 5.28304E-1 5.06785E-1 5.13466E-1 6.65487E-1 6.65528E-1 7.01918E-1 8.13736E-1 8.6608E-1 7.67374E-1 6.90509E-1 7.15753E-1 6.68219E-1 6.54607E-1 6.71563E-1 6.56808E-1 5.54915E-1 5.80584E-1 5.65379E-1 5.67931E-1 5.70302E-1 5.31034E-1 5.06848E-1 4.93E-1 4.65092E-1 3.57145E-1 3.62299E-1 4.53342E-1 3.07625E-1 1.95999E-1 1.88914E-1 1.71441E-1 1.46831E-1 1.14819E-1 1.18834E-1 7.81194E-2 7.54075E-2 7.47774E-2 8.08491E-2 1.19286E-1 2.94808E-1
3.25102E-1 4.22687E-1 4.30515E-1 3.86245E-1 4.22936E-1 4.98116E-1 5.2992E-1 6.227E-1 8.04199E-1 5.97287E-1 4.32122E-1 4.12213E-1 4.2876E-1 4.60428E-1 5.53358E-1 7.41513E-1 8.36595E-1 7.69399E-1 6.58561E-1 5.75604E-1 5.29475E-1 4.9876E-1 5.25095E-1 5.49682E-1 5.49153E-1 5.3455E-1 5.24287E-1 5.42457E-1 6.41996E-1 6.57393E-1 7.28313E-1 8.26772E-1 9.25381E-1 8.24157E-1 6.84263E-1 7.14608E-1 6.38859E-1 6.15871E-1 6.64685E-1 6.4567E-1 5.52264E-1 5.38377E-1 5.78767E-1 5.62471E-1 5.51251E-1 4.88373E-1 4.64055E-1 5.20766E-1 4.44111E-1 3.50728E-1 3.49446E-1 3.99595E-1 2.88067E-1 2.06533E-1 1.92282E-1 1.8438E-1 1.4282E-1 1.17815E-1 1.01123E-1 8.34845E-2 1.00894E-1 7.83563E-2 6.55131E-2 8.65942E-2 2.30039E-1
3.12402E-1 3.26563E-1 3.58269E-1 3.73174E-1 4.22928E-1 4.52091E-1 4.89521E-1 6.27948E-1 7.99816E-1 5.84008E-1 4.29116E-1 4.2991E-1 4.47512E-1 4.42791E-1 5.32659E-1 6.72195E-1 7.3471E-1 7.52938E-1 6.28155E-1 5.22966E-1 5.15417E-1 5.1365E-1 5.25582E-1 5.65347E-1 5.80584E-1 5.4995E-1 5.50162E-1 6.52582E-1 6.7375E-1 6.8158E-1 7.56218E-1 8.70839E-1 9.25882E-1 8.41756E-1 6.9032E-1 7.06527E-1 6.22044E-1 6.03528E-1 6.67671E-1 6.63177E-1 5.86705E-1 5.53068E-1 5.67046E-1 5.47509E-1 5.02844E-1 4.61193E-1 4.40058E-1 5.14687E-1 4.49328E-1 3.75019E-1 3.51173E-1 3.78249E-1 3.29786E-1 2.36004E-1 1.90131E-1 1.77871E-1 1.43436E-1 1.07036E-1 8.23808E-2 1.06662E-1 1.1004E-1 6.95595E-2 9.73351E-2 8.21592E-2 2.04795E-1
3.25008E-1 3.50104E-1 3.75421E-1 3.81526E-1 4.21385E-1 4.5764E-1 6.00309E-1 6.74072E-1 8.02234E-1 5.62605E-1 4.34796E-1 4.33137E-1 4.26173E-1 4.1429E-1 4.46005E-1 5.49493E-1 5.81734E-1 6.03499E-1 5.49607E-1 5.04133E-1 5.04861E-1 5.27663E-1 5.29696E-1 5.8016E-1 5.92314E-1 5.61747E-1 5.60216E-1 6.613E-1 8.01807E-1 8.1745E-1 8.54298E-1 8.82261E-1 9.20223E-1 7.86384E-1 6.62864E-1 7.06238E-1 6.23526E-1 6.45617E-1 6.6791E-1 6.63477E-1 6.518E-1 5.3921E-1 5.15767E-1 5.19227E-1 4.62979E-1 4.50299E-1 4.33428E-1 4.33868E-1 4.66749E-1 3.86173E-1 3.19376E-1 2.75768E-1 3.48639E-1 2.9338E-1 2.06329E-1 1.73263E-1 1.38316E-1 9.66049E-2 1.06639E-1 9.36542E-2 5.77146E-2 5.3044E-2 1.26751E-1 6.89069E-2 1.67612E-1
3.33727E-1 3.42821E-1 3.60891E-1 3.81142E-1 4.26927E-1 5.25256E-1 6.57336E-1 7.8295E-1 7.52868E-1 5.48722E-1 4.31738E-1 4.07388E-1 4.04587E-1 3.92035E-1 4.13218E-1 4.49318E-1 4.75343E-1 4.97705E-1 5.00389E-1 4.98832E-1 5.03016E-1 5.44226E-1 5.45877E-1 5.81647E-1 5.64679E-1 5.49746E-1 5.28354E-1 6.75883E-1 8.53836E-1 8.11239E-1 8.51628E-1 8.81832E-1 8.94202E-1 7.53244E-1 5.99319E-1 6.83212E-1 6.84284E-1 6.24089E-1 6.62024E-1 6.61469E-1 6.49384E-1 6.07507E-1 5.18689E-1 4.98164E-1 4.37654E-1 4.65123E-1 4.46323E-1 4.05457E-1 4.58443E-1 3.94914E-1 3.37261E-1 3.39994E-1 3.5697E-1 2.83723E-1 2.09803E-1 1.76476E-1 1.40698E-1 1.25351E-1 1.16871E-1 9.01894E-2 5.18535E-2 7.15548E-2 1.33798E-1 1.07425E-1 1.36923E-1
3.58454E-1 3.90357E-1 3.99603E-1 4.13063E-1 4.49792E-1 5.36288E-1 6.8655E-1 7.7216E-1 6.01387E-1 4.87119E-1 4.18884E-1 3.857E-1 3.8765E-1 3.84881E-1 3.95792E-1 4.25252E-1 4.50422E-1 4.75325E-1 4.41393E-1 4.32579E-1 4.43105E-1 4.84358E-1 5.4806E-1 5.60825E-1 5.35513E-1 5.34904E-1 5.07655E-1 6.16358E-1 7.04706E-1 7.43308E-1 8.53027E-1 8.52923E-1 8.44198E-1 7.17473E-1 5.01008E-1 5.63857E-1 6.78299E-1 6.44854E-1 6.63477E-1 6.5719E-1 6.47231E-1 5.99293E-1 5.39719E-1 4.81109E-1 4.43957E-1 4.45993E-1 4.42625E-1 3.64151E-1 4.19527E-1 3.99509E-1 3.04366E-1 2.61386E-1 2.60794E-1 2.49713E-1 2.52971E-1 1.61966E-1 1.82148E-1 1.5508E-1 1.46381E-1 1.33285E-1 1.01599E-1 1.01342E-1 1.33141E-1 1.06094E-1 1.56242E-1
3.78181E-1 3.89619E-1 4.14568E-1 4.08049E-1 4.46067E-1 5.62932E-1 7.22694E-1 7.71159E-1 5.46864E-1 4.16381E-1 4.07022E-1 3.75524E-1 3.70714E-1 3.70871E-1 3.82726E-1 3.97454E-1 4.03303E-1 4.09221E-1 3.8883E-1 4.30488E-1 4.38329E-1 4.4415E-1 5.41037E-1 5.58393E-1 5.2897E-1 5.1928E-1 5.38007E-1 5.9808E-1 5.66029E-1 7.58197E-1 9.18519E-1 9.23451E-1 8.18792E-1 6.48191E-1 4.84804E-1 4.11561E-1 5.04442E-1 6.44804E-1 6.67833E-1 6.4712E-1 6.01885E-1 5.46359E-1 5.58574E-1 5.30282E-1 5.16022E-1 4.62341E-1 3.96619E-1 3.52855E-1 4.01885E-1 3.8401E-1 2.91574E-1 2.64549E-1 2.75522E-1 2.27737E-1 1.29761E-1 1.25039E-1 1.27465E-1 1.45886E-1 1.386E-1 1.44682E-1 1.30954E-1 1.1227E-1 1.14061E-1 1.2299E-1 1.34373E-1
3.97429E-1 3.93281E-1 4.20684E-1 4.04068E-1 4.85994E-1 6.33355E-1 7.18349E-1 7.2904E-1 5.29659E-1 4.30717E-1 3.9441E-1 3.66897E-1 3.61087E-1 3.57727E-1 3.71272E-1 3.88118E-1 3.98312E-1 4.07995E-1 4.19645E-1 4.13274E-1 4.45944E-1 4.91118E-1 5.33542E-1 5.74225E-1 5.71948E-1 5.7773E-1 5.88935E-1 6.13205E-1 5.89487E-1 7.9335E-1 9.07665E-1 9.29837E-1 7.83706E-1 5.78283E-1 4.90569E-1 4.18561E-1 4.34469E-1 5.8575E-1 6.65134E-1 6.48936E-1 5.98965E-1 5.3984E-1 4.98128E-1 6.3025E-1 6.32958E-1 5.50642E-1 4.14065E-1 3.48655E-1 4.01627E-1 3.70462E-1 2.97264E-1 3.14435E-1 2.09711E-1 1.42067E-1 1.40214E-1 1.3139E-1 1.83693E-1 1.63611E-1 1.10833E-1 1.25645E-1 1.328E-1 1.24373E-1 9.7365E-2 9.72764E-2 1.28294E-1
4.3452E-1 4.3131E-1 5.09441E-1 4.22788E-1 5.07712E-1 6.56955E-1 7.73363E-1 7.38577E-1 5.39412E-1 4.22865E-1 3.84636E-1 3.70625E-1 3.72098E-1 3.61163E-1 3.48887E-1 3.72328E-1 3.97217E-1 3.7477E-1 3.81217E-1 3.99537E-1 4.75446E-1 5.31806E-1 5.57392E-1 5.69214E-1 5.76497E-1 6.18831E-1 6.01619E-1 6.16965E-1 6.72629E-1 8.33822E-1 9.15633E-1 8.53045E-1 6.25349E-1 5.51892E-1 5.22657E-1 4.86255E-1 4.96041E-1 5.64611E-1 6.4083E-1 6.43478E-1 6.2258E-1 5.69201E-1 5.49778E-1 5.54219E-1 5.25959E-1 4.5803E-1 3.87509E-1 3.6972E-1 4.17792E-1 3.5776E-1 3.38635E-1 3.4153E-1 2.6565E-1 2.3099E-1 2.568E-1 2.55352E-1 1.96837E-1 1.55267E-1 1.33007E-1 1.38952E-1 1.41198E-1 1.41398E-1 9.9699E-2 8.46295E-2 1.0993E-1
4.7926E-1 4.38873E-1 4.26882E-1 4.0837E-1 4.80791E-1 6.552E-1 7.607E-1 7.25069E-1 5.27073E-1 4.05623E-1 3.74709E-1 3.7598E-1 3.72276E-1 3.59262E-1 3.52133E-1 3.54953E-1 3.64617E-1 3.60616E-1 3.98987E-1 3.94002E-1 4.92549E-1 5.56049E-1 5.93452E-1 5.81195E-1 5.80153E-1 6.33691E-1 6.5554E-1 7.35572E-1 7.85725E-1 8.64523E-1 8.47075E-1 7.69081E-1 6.17357E-1 5.23258E-1 5.34434E-1 5.0893E-1 5.40238E-1 5.69609E-1 5.99757E-1 6.18633E-1 6.36701E-1 6.14063E-1 5.82819E-1 5.15401E-1 4.63737E-1 3.87009E-1 3.7715E-1 3.49692E-1 4.02249E-1 3.85242E-1 4.43228E-1 3.40998E-1 3.30884E-1 3.32087E-1 2.88479E-1 2.45104E-1 2.12975E-1 1.18978E-1 1.24871E-1 1.38487E-1 1.51752E-1 1.58701E-1 1.21847E-1 9.81828E-2 1.27575E-1
4.54362E-1 4.298E-1 3.92048E-1 4.14026E-1 4.80401E-1 6.30821E-1 7.61518E-1 7.20267E-1 5.18123E-1 4.03273E-1 3.85364E-1 3.92821E-1 3.74784E-1 3.59533E-1 3.78769E-1 3.72029E-1 3.34046E-1 3.29985E-1 3.90216E-1 4.25034E-1 5.07161E-1 5.5978E-1 5.95836E-1 5.95998E-1 6.15826E-1 6.3044E-1 7.29708E-1 8.52681E-1 8.81686E-1 8.55666E-1 7.77569E-1 6.76127E-1 6.2277E-1 5.45984E-1 4.98918E-1 5.3505E-1 5.4476E-1 5.51906E-1 5.43082E-1 5.90175E-1 6.24565E-1 6.37215E-1 6.11495E-1 3.94E-1 3.36233E-1 3.2491E-1 3.63502E-1 3.4224E-1 3.28876E-1 4.3193E-1 4.95564E-1 3.67736E-1 3.92914E-1 3.68549E-1 3.18314E-1 2.62204E-1 1.47557E-1 1.28536E-1 1.91327E-1 1.69545E-1 1.63729E-1 1.53729E-1 1.4551E-1 1.37681E-1 1.46222E-1
