layers/suitall.asc
ncols         638
nrows         825
xllcorner     -2985163.8955
yllcorner     -3022031.214
cellsize      10000.0
NODATA_value  -9999
[rows 406 to 434 of 825, columns 195 to 259 of 638]
-9999 -9999 -9999 2.39001E-3 3.96784E-3 2.67074E-3 1.67887E-3 1.71566E-3 2.93332E-3 5.14274E-3 4.79125E-3 2.69488E-3 2.16037E-3 2.71908E-3 3.0717E-3 3.54785E-3 3.03575E-3 1.98805E-3 2.97635E-3 2.79691E-3 4.94983E-3 6.73525E-3 6.15136E-3 7.17383E-3 4.20085E-3 3.23186E-3 3.55624E-3 2.79831E-3 3.40727E-3 7.80549E-3 3.23879E-3 3.20411E-3 7.17011E-3 5.2553E-3 6.28741E-3 9.9991E-3 1.01977E-2 9.70535E-3 1.10208E-2 1.21426E-2 1.27715E-2 1.38051E-2 1.3761E-2 1.31896E-2 7.19407E-3 9.62614E-3 2.22829E-2 1.9302E-2 1.23016E-2 3.65218E-2 4.30479E-2 2.84745E-2 6.94643E-2 8.58907E-2 7.54175E-2 2.76296E-2 9.94388E-2 1.36678E-1 6.61663E-2 2.00251E-1 2.0364E-1 1.60131E-1 2.001E-1 1.72051E-1 3.61871E-1
-9999 -9999 -9999 2.13681E-3 5.08093E-3 2.618E-3 1.79903E-3 1.71243E-3 3.19227E-3 5.49549E-3 3.24813E-3 1.85822E-3 2.1712E-3 2.84149E-3 2.37073E-3 2.14263E-3 2.54878E-3 3.51384E-3 3.85899E-3 3.32467E-3 5.97364E-3 6.09569E-3 6.04902E-3 7.00841E-3 6.80491E-3 3.5665E-3 2.71959E-3 4.62541E-3 3.54329E-3 3.45192E-3 4.02329E-3 3.32266E-3 7.67624E-3 6.72369E-3 6.62343E-3 9.67257E-3 9.56698E-3 1.06633E-2 7.79836E-3 8.4117E-3 1.24209E-2 1.27296E-2 1.44087E-2 9.71373E-3 7.54602E-3 5.49874E-3 1.40435E-2 1.22714E-2 1.1133E-2 2.77493E-2 2.55505E-2 2.0387E-2 7.12284E-2 7.99056E-2 7.87038E-2 5.52326E-2 2.67108E-2 2.67696E-2 5.53057E-2 2.4102E-1 2.20341E-1 1.10193E-1 1.82776E-1 2.49261E-1 3.68379E-1
-9999 -9999 4.3262E-5 2.19158E-3 4.2085E-3 2.4584E-3 1.88272E-3 2.18924E-3 3.77896E-3 4.1015E-3 2.09275E-3 1.65624E-3 2.12806E-3 3.51361E-3 2.01284E-3 1.74372E-3 3.35257E-3 3.4643E-3 2.10757E-3 2.07672E-3 4.84058E-3 6.33809E-3 6.62074E-3 7.08255E-3 6.78686E-3 5.86338E-3 2.82272E-3 5.69443E-3 3.12556E-3 2.10738E-3 2.21676E-3 2.43669E-3 8.84695E-3 7.06258E-3 4.15098E-3 4.84642E-3 6.73726E-3 7.11458E-3 5.40372E-3 4.55386E-3 9.67541E-3 1.28146E-2 1.53633E-2 9.23177E-3 6.80607E-3 3.98126E-3 1.17044E-2 1.21793E-2 9.7088E-3 1.42537E-2 1.69905E-2 2.13525E-2 6.72044E-2 7.21907E-2 2.08275E-2 4.33366E-2 1.7222E-2 2.40619E-2 6.7037E-2 2.39153E-1 1.75336E-1 8.53242E-2 2.45016E-1 2.86378E-1 3.5105E-1
-9999 4.08845E-5 4.69827E-5 3.08895E-3 3.26627E-3 2.70567E-3 1.99545E-3 1.97904E-3 3.14573E-3 2.35127E-3 1.50013E-3 1.48687E-3 1.88866E-3 3.16765E-3 1.98079E-3 1.6488E-3 2.41046E-3 4.30796E-3 2.66077E-3 2.15258E-3 4.14643E-3 6.7035E-3 7.30719E-3 6.53031E-3 6.34191E-3 7.02893E-3 4.13093E-3 6.42271E-3 3.07541E-3 6.65315E-3 1.85331E-3 2.64613E-3 4.36293E-3 4.07552E-3 1.96845E-3 2.31207E-3 4.63711E-3 1.02387E-2 1.08775E-2 6.14966E-3 1.0756E-2 1.25731E-2 1.43896E-2 1.05E-2 7.47067E-3 3.79306E-3 1.37498E-2 1.77889E-2 8.72176E-3 1.15109E-2 1.28759E-2 3.63301E-2 4.33133E-2 5.97485E-2 2.55142E-2 1.82E-2 9.6541E-3 4.31253E-2 6.61626E-2 2.32604E-1 2.04416E-1 1.28958E-1 2.91807E-1 3.07436E-1 3.45018E-1
-9999 4.08783E-5 6.78332E-5 4.54868E-3 4.22445E-3 2.8272E-3 2.13237E-3 1.82219E-3 1.84982E-3 1.32361E-3 1.05079E-3 1.40216E-3 2.30342E-3 2.38615E-3 1.79656E-3 2.06041E-3 2.36314E-3 3.00813E-3 2.29792E-3 1.92221E-3 2.96817E-3 3.48909E-3 2.8173E-3 6.98453E-3 7.20221E-3 6.93764E-3 7.65189E-3 1.47314E-3 1.38669E-3 2.17126E-3 3.01787E-3 3.74019E-3 5.27639E-3 6.30894E-3 2.24287E-3 3.25027E-3 4.78494E-3 1.0651E-2 1.10202E-2 7.8501E-3 9.24359E-3 1.17569E-2 1.35222E-2 1.27046E-2 6.58144E-3 4.23188E-3 1.40788E-2 1.42258E-2 1.22896E-2 1.03656E-2 1.13369E-2 3.33951E-2 3.61861E-2 1.00077E-2 2.09177E-2 1.93285E-2 4.21619E-2 1.73462E-1 1.13382E-1 2.84647E-1 1.97769E-1 2.68516E-1 3.17418E-1 3.18441E-1 3.32647E-1
-9999 -9999 6.45112E-5 4.98475E-3 3.65864E-3 2.42934E-3 2.2237E-3 2.15231E-3 2.02247E-3 1.14449E-3 1.14259E-3 2.03988E-3 2.40841E-3 2.23476E-3 2.10622E-3 2.47085E-3 2.64076E-3 2.11039E-3 1.66712E-3 1.69981E-3 1.841E-3 1.76769E-3 2.63157E-3 4.87901E-3 7.11104E-3 6.89645E-3 7.71988E-3 2.09288E-3 1.99901E-3 3.85501E-3 3.29703E-3 4.32115E-3 4.71991E-3 5.79125E-3 5.06775E-3 5.64263E-3 6.70078E-3 7.8293E-3 9.91304E-3 9.12131E-3 5.72405E-3 1.13173E-2 1.51803E-2 1.04443E-2 3.29562E-3 5.27447E-3 1.71135E-2 1.00083E-2 1.09983E-2 7.84528E-3 1.22106E-2 3.70549E-2 3.79334E-2 1.99318E-2 2.90274E-2 1.68394E-2 3.45701E-2 8.59794E-2 2.21401E-1 2.94233E-1 1.9771E-1 3.17828E-1 3.6871E-1 3.38549E-1 3.37693E-1
-9999 -9999 6.13478E-5 4.58144E-3 3.36615E-3 2.37E-3 2.42816E-3 1.6421E-3 1.48048E-3 1.23739E-3 1.22386E-3 1.46515E-3 1.53014E-3 3.04969E-3 3.30656E-3 4.20205E-3 4.33669E-3 1.80432E-3 1.50249E-3 1.53723E-3 1.5489E-3 2.19658E-3 3.20143E-3 4.09723E-3 5.99856E-3 7.14084E-3 3.96285E-3 2.93384E-3 3.28904E-3 4.39733E-3 4.73535E-3 3.81764E-3 2.75255E-3 3.20006E-3 5.89067E-3 7.91829E-3 9.37547E-3 9.43785E-3 9.75765E-3 7.77421E-3 4.25297E-3 1.24348E-2 1.61462E-2 7.00602E-3 1.56995E-3 5.18652E-3 1.68697E-2 7.75478E-3 6.3151E-3 1.44834E-2 1.72986E-2 4.2171E-2 1.78094E-2 1.12112E-2 1.0966E-2 1.61907E-2 5.8818E-2 4.38403E-2 2.90039E-1 2.49565E-1 2.60913E-1 3.70617E-1 3.86122E-1 3.5224E-1 3.33413E-1
-9999 -9999 2.06837E-4 4.4139E-3 3.59009E-3 2.51341E-3 2.62019E-3 1.58728E-3 1.27075E-3 1.60213E-3 1.49049E-3 1.31387E-3 1.57103E-3 3.44381E-3 3.94625E-3 3.74211E-3 2.48474E-3 1.53628E-3 1.41225E-3 1.30987E-3 1.44506E-3 2.0878E-3 2.90192E-3 3.75013E-3 4.23438E-3 4.88803E-3 6.82877E-3 3.43266E-3 3.26708E-3 1.58597E-3 2.80166E-3 1.87203E-3 2.31663E-3 5.2036E-3 7.20441E-3 5.88885E-3 8.28436E-3 9.09911E-3 1.0049E-2 9.74087E-3 6.94213E-3 1.20517E-2 1.47254E-2 5.72064E-3 2.58501E-3 5.10621E-3 1.52859E-2 5.43658E-3 1.44535E-2 2.97628E-2 3.06443E-2 2.31726E-2 3.77631E-3 4.32317E-3 6.82741E-3 1.25791E-2 6.428E-2 1.46589E-1 2.50815E-1 2.17362E-1 3.82807E-1 3.9078E-1 2.56662E-1 4.21176E-1 3.39342E-1
-9999 -9999 3.50995E-4 4.29698E-3 4.70568E-3 2.76355E-3 2.75476E-3 1.7521E-3 1.5485E-3 1.64605E-3 1.59919E-3 1.62576E-3 2.44774E-3 3.18678E-3 3.57144E-3 3.0471E-3 1.99239E-3 1.56386E-3 1.18875E-3 1.2519E-3 1.88569E-3 3.19701E-3 3.25417E-3 4.43135E-3 3.5787E-3 2.7822E-3 7.10375E-3 6.99324E-3 6.35483E-3 1.23652E-3 1.59103E-3 9.38746E-4 2.0506E-3 3.18603E-3 8.10257E-3 7.82353E-3 1.87258E-3 3.6476E-3 5.98018E-3 1.02687E-2 1.04154E-2 1.05695E-2 1.1704E-2 6.2813E-3 3.29312E-3 1.35389E-2 1.83583E-2 5.81638E-3 1.33518E-2 3.33653E-2 3.80013E-2 5.69967E-2 5.81257E-3 3.18971E-3 7.54244E-3 1.30312E-2 5.23959E-2 1.57789E-1 2.08688E-1 2.78168E-1 4.23725E-1 3.53933E-1 2.40346E-1 4.77311E-1 3.28647E-1
-9999 -9999 4.87016E-4 4.29765E-3 5.87989E-3 2.83149E-3 2.54595E-3 1.63571E-3 1.69772E-3 1.57998E-3 9.78957E-4 1.27769E-3 1.7189E-3 2.75264E-3 2.59895E-3 2.19761E-3 2.40078E-3 1.68793E-3 1.33937E-3 1.27853E-3 2.04161E-3 2.76706E-3 3.88233E-3 5.24543E-3 7.01162E-3 5.83575E-3 7.04253E-3 7.11892E-3 3.67839E-3 3.60885E-3 3.45972E-3 3.42978E-3 2.64715E-3 2.39823E-3 5.75817E-3 4.0289E-3 1.61696E-3 2.67937E-3 3.04981E-3 9.69619E-3 8.63631E-3 1.09339E-2 9.65745E-3 9.36512E-3 1.29191E-2 1.0505E-2 1.36491E-2 5.0849E-3 1.36947E-2 3.71429E-2 4.35172E-2 5.50333E-2 8.11807E-3 2.7483E-3 7.99234E-3 1.30769E-2 3.69952E-2 2.27666E-1 2.62563E-1 4.70197E-1 5.50247E-1 2.30674E-1 2.73074E-1 5.09708E-1 3.21872E-1
-9999 -9999 9.55229E-4 3.99454E-3 5.65702E-3 2.70101E-3 2.99547E-3 2.12472E-3 1.78309E-3 1.52322E-3 9.68767E-4 1.23326E-3 1.57656E-3 2.11859E-3 1.9861E-3 2.53955E-3 2.99922E-3 1.6582E-3 1.47865E-3 1.18366E-3 1.46813E-3 1.728E-3 2.80859E-3 6.70642E-3 4.24255E-3 5.82133E-3 7.03642E-3 4.8233E-3 6.99474E-3 6.92958E-3 4.55146E-3 6.0527E-3 7.48018E-3 2.82511E-3 3.80685E-3 3.31813E-3 1.73823E-3 1.702E-3 4.09243E-3 9.75799E-3 1.06238E-2 1.08746E-2 8.54754E-3 1.58479E-2 1.27672E-2 4.97678E-3 6.5348E-3 8.02955E-3 1.72853E-2 5.10794E-2 5.51852E-2 6.1464E-2 1.78529E-2 2.41549E-3 4.27423E-3 1.04324E-2 6.02068E-2 3.57674E-1 4.69428E-1 5.02436E-1 5.96252E-1 2.21008E-1 3.1385E-1 4.82896E-1 3.05732E-1
-9999 -9999 1.21722E-3 4.12768E-3 5.92958E-3 3.36084E-3 2.23946E-3 2.02553E-3 1.71859E-3 1.35432E-3 1.19432E-3 1.30414E-3 1.68592E-3 1.72136E-3 1.92913E-3 3.07159E-3 2.81447E-3 1.36245E-3 1.30806E-3 1.11198E-3 1.38502E-3 2.27264E-3 2.5815E-3 3.89448E-3 2.6808E-3 5.47377E-3 7.01324E-3 3.29493E-3 1.89884E-3 4.89106E-3 2.54256E-3 1.26664E-3 3.49964E-3 3.24996E-3 3.03281E-3 3.40899E-3 4.10219E-3 4.66736E-3 6.89133E-3 9.45781E-3 1.07415E-2 8.33962E-3 1.15922E-2 1.71898E-2 1.7907E-2 5.66181E-3 3.06747E-3 8.71675E-3 2.07726E-2 6.66552E-2 8.34067E-2 7.91545E-2 5.04831E-2 4.71466E-3 3.76711E-3 8.05327E-3 5.69531E-2 5.27903E-1 5.13608E-1 5.30987E-1 6.53304E-1 3.51498E-1 3.68782E-1 4.60115E-1 2.97168E-1
-9999 -9999 9.95272E-4 4.86804E-3 4.07413E-3 3.17916E-3 2.19748E-3 1.81827E-3 1.55742E-3 1.05797E-3 1.04774E-3 1.51659E-3 1.69592E-3 1.56493E-3 1.76769E-3 2.13125E-3 1.90826E-3 1.2147E-3 1.36521E-3 1.13326E-3 1.5977E-3 3.41768E-3 1.77771E-3 2.69688E-3 1.38072E-3 2.56555E-3 6.21411E-3 5.36367E-3 1.66149E-3 4.21838E-3 2.2631E-3 7.44021E-4 1.75734E-3 1.29883E-3 3.01966E-3 7.81153E-3 7.06507E-3 8.72878E-3 7.28078E-3 8.47779E-3 1.089E-2 1.25176E-2 1.51069E-2 1.77929E-2 2.07685E-2 1.21491E-2 7.37224E-3 2.13278E-2 3.48674E-2 3.21095E-2 7.59061E-2 7.7898E-2 5.88826E-2 1.53804E-2 6.63322E-3 5.90369E-3 4.04302E-2 5.67544E-1 5.04632E-1 4.94102E-1 6.53069E-1 5.06766E-1 4.23029E-1 4.20019E-1 2.50167E-1
-9999 4.43574E-5 7.80263E-5 3.80155E-3 2.94468E-3 2.54633E-3 2.27238E-3 2.06285E-3 1.59689E-3 1.16012E-3 1.20344E-3 1.791E-3 2.07278E-3 1.59754E-3 1.52752E-3 1.45239E-3 1.4181E-3 1.48463E-3 1.88088E-3 1.10125E-3 1.76609E-3 2.36286E-3 1.4896E-3 9.68404E-4 7.27954E-4 1.59922E-3 2.56959E-3 4.47276E-3 3.38734E-3 3.04494E-3 2.79136E-3 1.05995E-3 9.25477E-4 4.44998E-4 2.87779E-3 8.3469E-3 7.51591E-3 7.21041E-3 5.58628E-3 5.26902E-3 1.01135E-2 1.22682E-2 1.47281E-2 1.33867E-2 1.36597E-2 4.06963E-3 6.28248E-3 3.35072E-2 6.39229E-2 4.30924E-2 7.76304E-2 7.32166E-2 5.95012E-2 3.64982E-2 6.20731E-3 4.36639E-3 2.33451E-2 5.33513E-1 4.13323E-1 4.22626E-1 6.19172E-1 5.41624E-1 4.89236E-1 4.90057E-1 2.15106E-1
-9999 7.58073E-5 7.60953E-5 3.87284E-3 3.34178E-3 2.37184E-3 2.25795E-3 2.03882E-3 1.84032E-3 1.27692E-3 1.28158E-3 1.6984E-3 2.06673E-3 1.66891E-3 1.49227E-3 1.67227E-3 1.71459E-3 1.93812E-3 2.46309E-3 1.68415E-3 3.02726E-3 2.25171E-3 1.05073E-3 4.93222E-4 3.19374E-4 1.30343E-3 3.90412E-3 5.16456E-3 4.96852E-3 3.86413E-3 3.63553E-3 3.00141E-3 7.47346E-4 3.8202E-4 1.54967E-3 4.23783E-3 4.88829E-3 4.6023E-3 2.90679E-3 2.0978E-3 7.8023E-3 9.26324E-3 7.99974E-3 9.53908E-3 1.57133E-2 4.2235E-3 5.43908E-3 4.93216E-2 6.18719E-2 6.86324E-2 5.59044E-2 6.04051E-2 6.86717E-2 3.84344E-2 8.59804E-3 6.70768E-3 1.22851E-2 5.45816E-1 3.81742E-1 4.48387E-1 4.80377E-1 3.95203E-1 5.05437E-1 5.28678E-1 2.32947E-1
9.57126E-4 2.63855E-3 7.55804E-4 5.00048E-3 3.12463E-3 2.69676E-3 2.17483E-3 1.8706E-3 1.64105E-3 1.23972E-3 1.75982E-3 1.67221E-3 1.51036E-3 1.76601E-3 1.68818E-3 2.28445E-3 1.68941E-3 1.80974E-3 2.83463E-3 3.08745E-3 5.3778E-3 1.33904E-3 1.03561E-3 2.62574E-4 2.35385E-4 1.0025E-3 2.49893E-3 4.09679E-3 6.54155E-3 5.31494E-3 2.52175E-3 4.30652E-3 1.32109E-3 5.23468E-4 9.7517E-4 2.80292E-3 3.35634E-3 4.3036E-3 2.08325E-3 1.56814E-3 7.36875E-3 5.96373E-3 6.04112E-3 7.00376E-3 2.47231E-2 8.71626E-3 6.07705E-3 5.06738E-2 6.67676E-2 7.29967E-2 5.15013E-2 6.82195E-2 7.42686E-2 1.77762E-2 7.85223E-3 8.46569E-3 1.03597E-2 4.80791E-1 5.28649E-1 4.94043E-1 3.77109E-1 3.87114E-1 4.98428E-1 4.89061E-1 2.49971E-1
2.35321E-3 3.07257E-3 2.45855E-3 3.46651E-3 3.13128E-3 2.59365E-3 2.24917E-3 1.9768E-3 1.40616E-3 1.17904E-3 1.30448E-3 1.4717E-3 1.85854E-3 1.9321E-3 1.93714E-3 2.3503E-3 1.42642E-3 1.48797E-3 1.37294E-3 2.41663E-3 2.12506E-3 1.12959E-3 6.11619E-4 2.09137E-4 2.12983E-4 6.70743E-4 2.40896E-3 2.73426E-3 7.03898E-3 6.72431E-3 3.38167E-3 2.90968E-3 1.48914E-3 9.89565E-4 7.90509E-4 1.44885E-3 3.55833E-3 3.91951E-3 1.3069E-3 1.56242E-3 7.17787E-3 3.86521E-3 8.51625E-3 8.23341E-3 2.37636E-2 2.33689E-2 5.98213E-3 3.56034E-2 6.71009E-2 6.15335E-2 2.81991E-2 1.01791E-1 5.47425E-2 7.68049E-3 4.31144E-3 1.16786E-2 1.60765E-2 4.38937E-1 6.03293E-1 5.03103E-1 3.21651E-1 2.59079E-1 3.34446E-1 3.78196E-1 3.3979E-1
2.87346E-3 5.50542E-3 2.6379E-3 2.29716E-3 3.14871E-3 2.65108E-3 2.24405E-3 1.94044E-3 1.26795E-3 1.87108E-3 1.90939E-3 2.61976E-3 2.19045E-3 1.72707E-3 2.00748E-3 2.19247E-3 1.4856E-3 1.21815E-3 9.08226E-4 1.68695E-3 8.42699E-4 9.69996E-4 4.58647E-4 1.86887E-4 1.91068E-4 5.55977E-4 2.25511E-3 3.45472E-3 7.24352E-3 6.89029E-3 6.39819E-3 2.28774E-3 1.62054E-3 1.09331E-3 6.16372E-4 6.65431E-4 3.187E-3 4.3628E-3 7.73532E-4 1.62223E-3 6.49582E-3 5.92268E-3 1.1763E-2 1.93255E-2 1.43331E-2 1.91234E-2 6.42308E-3 1.37442E-2 3.47311E-2 4.98743E-2 1.97363E-2 8.55344E-2 1.94847E-2 6.96399E-3 3.58815E-3 1.20354E-2 1.68888E-2 1.9513E-1 6.34812E-1 5.93949E-1 3.97485E-1 3.4308E-1 3.15951E-1 1.54904E-1 1.52965E-1
2.31824E-3 2.75131E-3 2.07485E-3 1.89657E-3 3.39774E-3 2.37206E-3 2.0824E-3 1.84981E-3 1.85058E-3 1.99863E-3 2.26638E-3 3.38341E-3 2.10041E-3 1.47535E-3 1.75169E-3 2.34992E-3 2.17964E-3 1.39549E-3 1.08634E-3 1.59172E-3 7.60284E-4 7.90631E-4 2.5387E-4 1.72388E-4 1.62392E-4 5.46595E-4 2.61801E-3 6.24092E-3 6.72303E-3 4.35036E-3 1.70123E-3 2.46196E-3 1.62408E-3 5.53403E-4 6.60147E-4 8.80713E-4 1.87131E-3 4.18143E-3 6.69279E-4 3.02936E-3 5.87624E-3 4.7553E-3 1.15614E-2 1.81307E-2 5.00902E-3 5.74092E-3 4.19519E-3 1.19203E-2 3.0089E-2 4.41556E-2 1.79264E-2 8.45715E-2 1.15521E-2 4.50446E-3 6.02477E-3 2.1027E-2 1.24795E-2 6.45207E-2 5.57482E-1 6.52977E-1 6.66908E-1 4.90053E-1 2.51857E-1 9.86849E-2 8.77844E-2
2.50662E-3 4.55658E-3 2.46215E-3 1.78211E-3 3.77998E-3 2.5165E-3 2.21114E-3 1.65692E-3 2.44459E-3 1.98568E-3 3.44825E-3 4.27099E-3 2.13492E-3 1.60418E-3 1.60475E-3 2.05823E-3 1.87285E-3 1.02836E-3 1.14308E-3 1.52589E-3 8.34344E-4 5.36817E-4 2.14342E-4 1.9214E-4 1.43254E-4 5.09292E-4 3.44379E-3 7.4317E-3 6.00206E-3 3.31589E-3 5.7737E-4 1.80812E-3 8.81941E-4 4.14806E-4 6.05917E-4 2.01492E-3 2.35514E-3 3.11167E-3 7.30249E-4 5.94836E-3 6.38065E-3 4.59052E-3 1.32783E-2 9.71704E-3 3.13385E-3 2.7071E-3 4.88251E-3 1.57853E-2 5.89316E-2 3.8334E-2 2.78482E-2 8.61275E-2 1.00446E-2 4.89273E-3 2.29731E-2 4.29864E-2 1.53472E-2 9.03011E-2 6.51625E-1 6.17344E-1 5.53612E-1 2.51373E-1 1.70616E-1 7.30344E-2 8.16617E-2
2.8691E-3 6.07979E-3 3.74353E-3 3.06096E-3 2.85508E-3 3.57671E-3 2.35619E-3 1.38857E-3 1.83376E-3 2.1976E-3 3.36101E-3 3.47852E-3 2.04773E-3 2.14954E-3 1.39892E-3 1.65573E-3 1.56473E-3 1.32271E-3 1.0814E-3 1.79488E-3 9.00698E-4 2.77081E-4 3.15995E-4 1.74746E-4 1.43007E-4 5.80846E-4 2.15316E-3 4.1211E-3 6.60968E-3 5.81626E-3 7.61863E-4 8.50409E-4 5.58036E-4 5.20685E-4 6.06447E-4 2.41195E-3 3.07274E-3 1.88111E-3 1.22596E-3 7.95697E-3 7.71478E-3 5.15374E-3 1.22628E-2 3.1967E-3 1.78694E-3 2.60844E-3 5.41073E-3 2.28053E-2 6.40086E-2 2.75464E-2 4.12452E-2 6.35802E-2 9.57974E-3 7.25908E-3 4.45539E-2 3.5147E-2 7.94072E-2 4.36363E-1 5.50782E-1 5.65804E-1 5.00136E-1 2.89662E-1 1.61053E-1 6.72419E-2 9.30438E-2
2.82364E-3 4.70563E-3 3.37387E-3 4.46471E-3 2.44133E-3 3.15967E-3 2.20117E-3 2.15112E-3 2.17023E-3 3.21299E-3 3.01189E-3 2.64672E-3 1.97869E-3 1.8882E-3 1.37792E-3 2.29442E-3 1.92866E-3 1.17667E-3 1.27705E-3 2.59864E-3 1.00626E-3 3.06205E-4 8.15599E-4 2.31174E-4 1.6002E-4 8.90411E-4 2.1331E-3 1.67965E-3 4.04125E-3 7.21057E-3 3.73921E-3 1.77272E-3 8.17516E-4 7.52705E-4 1.16824E-3 2.23672E-3 5.09042E-3 3.98857E-3 1.23953E-3 5.86451E-3 5.63505E-3 7.69978E-3 6.90174E-3 2.23273E-3 3.24399E-3 5.06344E-3 7.46006E-3 2.51379E-2 6.84528E-2 2.96449E-2 2.75037E-2 3.2685E-2 1.25393E-2 2.54297E-2 1.14736E-1 1.75832E-1 3.55101E-1 2.70621E-1 3.77616E-1 4.68084E-1 3.83703E-1 2.57967E-1 1.69213E-1 8.09557E-2 9.58574E-2
5.0512E-4 1.35156E-3 2.10114E-3 4.85806E-3 2.67956E-3 2.23252E-3 3.02501E-3 2.25689E-3 1.42066E-3 2.3788E-3 3.04172E-3 2.44734E-3 2.33208E-3 1.59691E-3 1.69957E-3 2.82292E-3 1.7757E-3 1.28266E-3 2.83131E-3 2.39532E-3 1.34984E-3 8.30669E-4 3.56663E-3 5.62986E-4 3.90372E-4 1.22234E-3 1.60263E-3 1.57749E-3 5.28441E-3 6.974E-3 7.07238E-3 4.14908E-3 2.13896E-3 9.67602E-4 1.36187E-3 2.40377E-3 6.41613E-3 4.93367E-3 1.74764E-3 6.94296E-3 2.65177E-3 4.21341E-3 6.25782E-3 2.37329E-3 3.65013E-3 8.30937E-3 1.52461E-2 2.56691E-2 6.24333E-2 3.47288E-2 2.59479E-2 2.15217E-2 3.39254E-2 7.10866E-2 2.29287E-1 3.63882E-1 3.22991E-1 1.66423E-1 2.63359E-1 2.83448E-1 4.2211E-1 2.35571E-1 1.75756E-1 1.16261E-1 1.08105E-1
4.22784E-5 6.0043E-5 2.20937E-3 5.15155E-3 2.31367E-3 2.15535E-3 2.37253E-3 1.59959E-3 1.42034E-3 2.22835E-3 4.63664E-3 2.70353E-3 2.29318E-3 1.79859E-3 2.76971E-3 2.66554E-3 1.87712E-3 2.36641E-3 1.56331E-3 2.31866E-3 1.44802E-3 9.77276E-4 2.75926E-3 1.35461E-3 7.02171E-4 1.22952E-3 1.29127E-3 1.39127E-3 6.17426E-3 6.49619E-3 6.07188E-3 3.78313E-3 1.91763E-3 1.2153E-3 7.66057E-4 1.28982E-3 5.15848E-3 4.66114E-3 2.22528E-3 8.27639E-3 2.33247E-3 4.19912E-3 1.30163E-2 3.4249E-3 8.20921E-3 2.42857E-2 4.26754E-2 2.95024E-2 4.76878E-2 1.66524E-2 2.56677E-2 6.32106E-2 9.02117E-2 8.82898E-2 2.78232E-1 3.14424E-1 2.70927E-1 1.32704E-1 1.54002E-1 1.74705E-1 2.12168E-1 3.06837E-1 1.97634E-1 1.38832E-1 1.06645E-1
6.62078E-5 9.37676E-4 4.03324E-3 3.43682E-3 2.59178E-3 2.72038E-3 2.68638E-3 1.60141E-3 1.50428E-3 2.35226E-3 6.18733E-3 2.20282E-3 2.43022E-3 2.55608E-3 3.36897E-3 2.44017E-3 2.72546E-3 2.6002E-3 1.15483E-3 2.64334E-3 1.49899E-3 1.59534E-3 2.02415E-3 2.2681E-3 1.17426E-3 1.6607E-3 2.09833E-3 1.64349E-3 2.75472E-3 3.68055E-3 4.61999E-3 3.92729E-3 2.66219E-3 3.16127E-3 6.67642E-4 1.14552E-3 5.0444E-3 2.58278E-3 3.09917E-3 8.78953E-3 5.90433E-3 9.16207E-3 1.26262E-2 4.69522E-3 2.54477E-2 3.48194E-2 4.24376E-2 3.90449E-2 3.28556E-2 7.18367E-3 1.50028E-2 1.64924E-1 1.45951E-1 7.95799E-2 2.94852E-1 3.15009E-1 2.30982E-1 1.14981E-1 8.61376E-2 1.53657E-1 7.64672E-2 3.7729E-1 3.41993E-1 1.90072E-1 1.05152E-1
6.38965E-5 1.72285E-3 4.7762E-3 3.56908E-3 3.10534E-3 2.71814E-3 2.63037E-3 2.2124E-3 1.81551E-3 1.84681E-3 2.59236E-3 2.21781E-3 2.25737E-3 2.72011E-3 2.43432E-3 1.57258E-3 1.83567E-3 1.67284E-3 1.8107E-3 2.05681E-3 1.78814E-3 2.2739E-3 1.42114E-3 1.38845E-3 1.63981E-3 1.70258E-3 3.28675E-3 5.52478E-3 3.09768E-3 2.61325E-3 6.77159E-3 4.74276E-3 5.08721E-3 6.4788E-3 6.21802E-4 5.40593E-4 7.58516E-3 2.28906E-3 2.81926E-3 9.08397E-3 9.5115E-3 1.24085E-2 1.524E-2 4.74758E-3 2.71543E-2 3.30049E-2 3.86767E-2 3.05004E-2 2.6451E-2 7.01377E-3 1.50785E-2 2.00953E-1 2.06901E-1 2.31347E-1 2.88545E-1 3.51117E-1 2.24452E-1 9.21755E-2 7.0851E-2 1.39947E-1 1.23783E-1 4.31062E-1 3.22766E-1 2.55919E-1 1.05098E-1
6.08388E-5 3.03399E-3 2.95973E-3 3.2837E-3 3.06347E-3 3.33873E-3 2.53816E-3 2.47418E-3 2.48246E-3 1.68069E-3 2.15804E-3 2.41656E-3 1.98831E-3 2.09355E-3 1.7915E-3 1.4082E-3 1.75945E-3 3.2867E-3 3.13689E-3 1.6862E-3 1.62016E-3 2.10492E-3 1.13142E-3 1.53559E-3 1.97804E-3 2.32473E-3 5.89148E-3 6.87627E-3 6.13108E-3 3.33278E-3 4.45035E-3 6.24395E-3 2.45892E-3 5.85962E-3 1.55142E-3 5.95459E-4 2.33239E-3 2.65723E-3 4.12178E-3 7.68901E-3 8.90621E-3 9.13298E-3 1.07847E-2 4.83672E-3 1.85068E-2 3.47604E-2 4.57301E-2 4.04364E-2 3.52123E-2 6.01582E-3 1.77711E-2 2.84896E-1 2.27098E-1 2.05712E-1 2.29942E-1 2.90353E-1 1.8976E-1 7.33709E-2 6.67004E-2 1.09087E-1 1.74462E-1 3.11656E-1 3.05195E-1 2.51842E-1 9.0646E-2
4.72783E-5 1.64215E-3 4.36741E-3 4.11016E-3 3.14305E-3 3.50928E-3 2.87061E-3 2.42305E-3 2.73202E-3 1.54691E-3 2.71152E-3 2.39107E-3 1.76089E-3 1.75298E-3 2.47343E-3 2.53258E-3 2.42487E-3 4.42983E-3 2.49985E-3 1.15219E-3 1.75406E-3 2.70575E-3 1.28671E-3 1.5308E-3 2.68663E-3 6.73417E-3 7.20196E-3 6.3485E-3 6.19303E-3 2.07856E-3 8.8551E-4 5.36968E-3 4.97389E-3 5.45278E-3 5.4639E-3 6.59529E-3 3.19027E-3 5.65637E-3 9.8157E-3 6.59645E-3 1.0148E-2 1.16589E-2 9.83431E-3 7.18075E-3 2.40589E-2 3.66781E-2 4.98271E-2 4.72496E-2 3.60277E-2 1.32972E-2 1.10194E-2 3.01001E-1 1.76708E-1 1.01623E-1 2.02672E-1 2.27275E-1 1.30295E-1 6.53126E-2 7.16867E-2 1.53352E-1 1.81114E-1 2.2882E-1 3.06693E-1 1.68641E-1 6.87367E-2
4.10821E-5 1.34927E-3 4.46684E-3 4.41215E-3 3.09161E-3 3.70651E-3 3.75698E-3 2.76287E-3 1.66035E-3 1.38281E-3 2.34116E-3 3.50709E-3 2.35243E-3 2.0341E-3 3.06714E-3 2.69653E-3 2.36922E-3 1.96252E-3 1.86866E-3 1.07001E-3 2.89303E-3 4.38849E-3 1.31072E-3 1.65661E-3 3.36994E-3 8.00315E-3 6.61042E-3 4.80819E-3 8.19586E-3 3.86378E-3 1.34029E-3 5.77216E-3 3.51541E-3 3.56222E-3 4.28334E-3 3.46151E-3 4.21139E-3 6.94319E-3 9.43572E-3 1.17381E-2 9.82135E-3 1.15278E-2 1.0883E-2 1.62744E-2 2.94113E-2 3.23712E-2 4.2944E-2 4.68546E-2 4.24617E-2 2.59323E-2 7.92443E-3 2.67389E-1 2.05041E-1 8.40637E-2 9.84276E-2 1.38276E-1 1.33947E-1 5.10188E-2 6.21061E-2 1.36098E-1 1.30626E-1 1.0694E-1 2.85076E-1 1.31562E-1 6.10565E-2
