layers/tupi.asc
ncols         638
nrows         825
xllcorner     -2985163.8955
yllcorner     -3022031.214
cellsize      10000.0
NODATA_value  -9999
[rows 290 to 318 of 825, columns 130 to 194 of 638]
8.40836E-4 7.38712E-4 1.75719E-3 4.6833E-3 1.46557E-2 4.25595E-2 7.55011E-2 1.84972E-2 3.34994E-3 2.62589E-3 6.19313E-3 8.69975E-2 2.02218E-1 4.32267E-1 6.03249E-1 5.71661E-1 6.82978E-1 9.4159E-1 9.69622E-1 7.79238E-1 7.20649E-1 5.76705E-1 4.44906E-1 5.08564E-1 3.37702E-1 1.09572E-1 9.42568E-2 1.11825E-1 4.723E-1 9.41972E-1 9.20414E-1 6.82086E-1 6.24715E-1 6.00975E-1 6.02114E-1 6.44296E-1 6.60984E-1 6.51207E-1 6.20792E-1 6.38552E-1 5.97145E-1 5.67875E-1 5.5658E-1 5.57524E-1 5.87702E-1 6.18551E-1 6.37846E-1 6.74003E-1 6.83098E-1 6.47439E-1 6.24449E-1 6.01974E-1 5.96951E-1 5.71464E-1 5.6836E-1 5.38835E-1 4.67783E-1 4.18439E-1 4.00637E-1 4.01205E-1 3.21282E-1 1.99519E-1 1.50334E-1 1.20124E-1 1.16632E-1
9.20344E-4 9.49106E-4 1.42943E-3 1.48013E-3 3.48098E-3 4.90689E-3 1.85286E-2 2.8773E-3 6.65813E-4 1.01522E-3 1.99651E-3 2.14833E-2 4.71863E-2 9.86924E-2 4.03939E-1 6.18245E-1 6.22451E-1 7.58271E-1 9.66561E-1 9.09786E-1 7.98028E-1 8.26933E-1 5.43159E-1 2.68499E-1 6.32317E-2 3.79584E-2 8.86224E-2 1.3294E-1 7.65453E-1 9.38963E-1 9.36535E-1 7.70315E-1 6.54429E-1 6.19311E-1 6.22459E-1 6.46591E-1 6.50417E-1 6.60207E-1 6.18927E-1 6.54089E-1 6.41404E-1 6.42743E-1 6.34772E-1 6.56589E-1 6.88094E-1 6.05634E-1 6.35896E-1 6.66332E-1 6.81687E-1 6.45853E-1 6.15902E-1 5.91994E-1 5.76637E-1 5.44005E-1 5.22582E-1 4.67837E-1 3.24311E-1 2.35072E-1 1.83662E-1 2.93394E-1 3.15585E-1 1.88556E-1 1.33698E-1 9.96993E-2 8.87025E-2
8.5693E-4 8.78727E-4 6.65741E-4 4.16543E-4 2.83456E-4 1.04564E-3 3.97893E-3 6.06822E-4 1.70382E-4 1.60377E-4 2.92974E-4 7.37714E-3 4.69317E-3 3.2803E-3 8.63206E-2 4.44034E-1 5.95545E-1 6.38779E-1 7.39371E-1 9.24156E-1 9.58068E-1 7.37973E-1 3.61079E-1 1.7899E-1 6.00754E-2 5.94254E-2 1.72657E-1 4.12426E-1 7.31748E-1 9.56415E-1 9.41326E-1 9.55626E-1 7.78678E-1 6.74875E-1 6.69357E-1 6.74659E-1 6.82795E-1 6.78625E-1 6.33584E-1 6.57643E-1 6.39002E-1 6.16069E-1 6.11973E-1 7.15239E-1 7.35623E-1 6.11496E-1 6.31434E-1 6.69369E-1 6.45398E-1 6.27437E-1 6.03917E-1 5.78856E-1 5.51344E-1 5.19754E-1 5.00682E-1 3.56985E-1 2.1675E-1 1.38907E-1 9.45775E-2 9.09787E-2 8.72489E-2 8.59048E-2 7.96707E-2 6.36571E-2 6.03012E-2
3.88289E-4 2.85559E-4 5.02422E-4 2.70083E-4 6.38909E-5 1.39131E-4 7.08835E-4 1.97204E-4 5.73403E-5 3.86561E-5 5.35711E-5 2.25245E-4 2.11769E-4 3.18717E-4 5.25446E-3 3.53998E-2 6.26577E-2 1.39624E-1 6.81697E-1 9.73128E-1 9.56766E-1 4.36388E-1 3.81546E-1 2.5761E-1 1.32512E-1 1.067E-1 1.45473E-1 4.14382E-1 7.04142E-1 7.43293E-1 9.73005E-1 9.47923E-1 7.2825E-1 6.51414E-1 6.89848E-1 7.3188E-1 7.26708E-1 7.36354E-1 6.72508E-1 5.9271E-1 5.40568E-1 5.63084E-1 5.77606E-1 5.92604E-1 6.97819E-1 6.99561E-1 6.93564E-1 7.12504E-1 6.27962E-1 6.14525E-1 5.87718E-1 5.48477E-1 5.32848E-1 4.82671E-1 3.63769E-1 2.24006E-1 1.25953E-1 7.65349E-2 4.84426E-2 3.08268E-2 2.49587E-2 3.7477E-2 3.89789E-2 3.56687E-2 3.68831E-2
1.1547E-4 9.5369E-5 5.11673E-4 2.99801E-4 2.76058E-5 1.07786E-4 5.95782E-4 2.06321E-4 3.784E-5 1.36471E-5 9.09703E-6 4.97303E-6 8.01317E-6 2.79226E-5 2.15849E-4 8.22358E-4 1.66753E-3 1.17679E-2 4.49154E-1 9.80853E-1 9.74515E-1 8.90696E-1 5.13033E-1 2.35663E-1 1.57618E-1 5.08291E-2 1.47745E-1 3.02005E-1 6.99479E-1 7.31673E-1 8.61882E-1 9.7129E-1 7.58434E-1 7.18892E-1 7.52216E-1 7.79001E-1 7.28211E-1 7.16499E-1 7.58725E-1 7.57173E-1 6.56954E-1 6.28498E-1 6.09955E-1 6.95821E-1 6.98401E-1 6.95443E-1 7.10316E-1 7.07277E-1 6.62538E-1 6.02957E-1 5.59737E-1 5.29223E-1 4.35577E-1 2.3862E-1 1.33088E-1 7.85574E-2 5.25981E-2 3.74203E-2 2.82377E-2 1.83396E-2 1.35682E-2 1.64865E-2 1.50756E-2 1.3231E-2 1.45023E-2
2.60392E-4 1.66353E-4 4.12492E-4 4.60331E-4 1.11798E-4 1.36143E-4 2.50136E-4 7.01432E-5 1.72882E-5 1.44442E-5 1.28519E-5 9.16945E-6 2.63979E-5 4.20802E-5 1.16798E-4 7.68216E-4 5.80313E-3 4.93995E-2 3.34971E-1 7.68921E-1 9.78372E-1 9.31233E-1 6.57037E-1 3.39774E-1 1.71208E-1 5.82046E-2 9.57026E-2 3.35585E-1 7.00308E-1 7.15477E-1 8.56958E-1 9.71281E-1 8.22044E-1 8.37336E-1 7.34996E-1 4.84796E-1 3.17616E-1 1.36152E-1 7.15642E-2 7.1187E-2 3.36025E-1 6.465E-1 6.85004E-1 7.6932E-1 7.61763E-1 6.65096E-1 6.20582E-1 6.20696E-1 6.73677E-1 6.19657E-1 5.31647E-1 4.6603E-1 2.04422E-1 7.71144E-2 3.49973E-2 2.10482E-2 1.98564E-2 1.79343E-2 1.65441E-2 1.13281E-2 8.33279E-3 8.44657E-3 8.02755E-3 7.33189E-3 8.18179E-3
3.39195E-4 4.03712E-4 3.45978E-4 2.76288E-4 2.08276E-4 1.93353E-4 1.48689E-4 8.03466E-5 2.7152E-5 1.79934E-5 1.29562E-5 1.25086E-5 9.85689E-5 1.44497E-4 1.04904E-4 6.35984E-4 7.03984E-3 4.18404E-2 1.49016E-1 4.6415E-1 9.23231E-1 9.13375E-1 6.15661E-1 2.2347E-1 8.02328E-2 3.97126E-2 1.27914E-1 1.1487E-1 5.10363E-1 6.37279E-1 8.19833E-1 9.81678E-1 9.75884E-1 9.85242E-1 5.75375E-1 2.7735E-1 1.30905E-1 3.74451E-2 1.39782E-2 5.60086E-3 3.09303E-2 1.11291E-1 1.46279E-1 4.07975E-1 6.93294E-1 7.1776E-1 6.79633E-1 6.13266E-1 5.49367E-1 5.74864E-1 4.76747E-1 2.73679E-1 1.14755E-1 5.04211E-2 2.4984E-2 1.62119E-2 1.2946E-2 1.10859E-2 1.06976E-2 8.84155E-3 7.612E-3 7.69086E-3 7.79294E-3 7.7829E-3 7.4075E-3
3.19067E-4 4.97181E-4 3.82569E-4 3.62573E-4 3.72676E-4 5.22538E-4 4.87316E-4 3.09228E-4 1.38186E-4 2.34687E-5 1.87496E-5 1.03958E-5 1.82886E-4 7.73154E-4 2.36045E-4 4.97098E-4 4.00946E-3 8.02538E-3 6.98913E-3 1.91663E-1 9.24069E-1 9.1087E-1 6.01987E-1 1.32662E-1 3.23749E-2 1.972E-2 8.78818E-2 4.52651E-2 1.94008E-1 5.99855E-1 6.01018E-1 8.16111E-1 9.87746E-1 9.72692E-1 7.21383E-1 2.59495E-1 7.80835E-2 2.48911E-2 6.16446E-3 1.64306E-3 5.87152E-3 1.09349E-2 1.77481E-2 6.34803E-2 3.0218E-1 4.5534E-1 5.08769E-1 5.4203E-1 5.4E-1 4.91383E-1 3.02032E-1 8.53359E-2 5.29368E-2 8.61409E-2 3.6433E-2 2.331E-2 9.43928E-3 7.21726E-3 7.40686E-3 7.21184E-3 6.87339E-3 7.24439E-3 7.54887E-3 7.60643E-3 7.50232E-3
2.04302E-4 3.32009E-4 3.76328E-4 4.099E-4 5.34482E-4 6.08415E-4 5.49965E-4 5.42646E-4 3.76157E-4 5.363E-5 5.1757E-5 4.26954E-5 3.95216E-4 3.4468E-3 1.15588E-3 9.02893E-4 1.23075E-2 5.1689E-3 1.42271E-3 2.88898E-1 9.82295E-1 8.53643E-1 4.34931E-1 9.30597E-2 1.8802E-2 4.72923E-3 3.04185E-2 6.19009E-2 4.53774E-2 1.66329E-1 4.31105E-1 7.67698E-1 9.95958E-1 9.84659E-1 3.76349E-1 9.10866E-2 5.24495E-2 3.06034E-2 8.08994E-3 1.16695E-3 1.08453E-3 1.74847E-3 5.48484E-3 1.7088E-2 6.45721E-2 1.55319E-1 3.82935E-1 4.00765E-1 4.26327E-1 2.71674E-1 8.9477E-2 1.41677E-2 1.42405E-2 3.07534E-2 2.23611E-2 2.05431E-2 7.80846E-3 8.34214E-3 7.00107E-3 6.74254E-3 6.49004E-3 6.64789E-3 5.9009E-3 5.29727E-3 6.80465E-3
9.04467E-5 1.3088E-4 2.34715E-4 2.86544E-4 4.69618E-4 3.92584E-4 3.41025E-4 4.30994E-4 8.49798E-4 1.77057E-4 9.54766E-5 3.16163E-4 1.23252E-3 6.52604E-3 2.72639E-3 2.59431E-3 5.58298E-2 2.42374E-2 1.18658E-3 1.9669E-1 9.88976E-1 8.3294E-1 4.81869E-1 1.6101E-1 1.37478E-2 1.05643E-3 7.64483E-3 2.65674E-2 1.38673E-2 5.44178E-2 2.24468E-1 6.63256E-1 9.87955E-1 9.49222E-1 1.72136E-1 3.89193E-2 6.01684E-3 2.25023E-3 1.0241E-3 5.01739E-4 7.47498E-4 1.1849E-3 1.09022E-3 3.08522E-3 1.03235E-2 2.57773E-2 6.61622E-2 2.5367E-1 1.752E-1 6.90676E-2 2.25949E-2 4.74722E-3 3.31532E-3 4.67887E-3 5.05804E-3 1.41384E-2 1.22811E-2 1.38597E-2 6.41491E-3 7.16208E-3 7.59295E-3 8.34564E-3 8.46613E-3 7.45699E-3 5.1068E-3
6.47698E-5 6.47573E-5 1.23835E-4 2.96348E-4 2.74927E-4 2.33445E-4 3.0094E-4 6.01767E-4 6.27217E-4 3.48607E-4 1.8687E-4 3.18725E-4 1.37167E-3 2.44559E-3 1.1474E-3 1.57136E-3 2.1956E-2 4.17467E-2 1.836E-2 2.50057E-1 9.89586E-1 9.95399E-1 6.02896E-1 1.28029E-1 2.84387E-2 3.87921E-3 4.8589E-3 6.61889E-3 2.00153E-2 8.50826E-2 2.15901E-1 5.84106E-1 9.06573E-1 7.58815E-1 2.34054E-1 3.08046E-2 8.98306E-3 3.72801E-3 2.15586E-3 1.12014E-3 6.94645E-4 5.71023E-4 4.84635E-4 8.23184E-4 4.17891E-3 1.8969E-2 4.42481E-2 8.00244E-2 1.55686E-1 4.97169E-2 9.65289E-3 3.98437E-3 2.24223E-3 2.52777E-3 3.48964E-3 4.91851E-3 1.31489E-2 1.49628E-2 1.4845E-2 1.16894E-2 1.5455E-2 1.86384E-2 1.59052E-2 7.32304E-3 7.25554E-3
5.77009E-5 5.40168E-5 8.53155E-5 2.0678E-4 2.02374E-4 2.14984E-4 4.52073E-4 3.69168E-4 2.48364E-4 5.18228E-4 4.86946E-4 5.85145E-4 1.64866E-3 1.3019E-3 5.85137E-4 4.96776E-4 4.77496E-3 2.25667E-2 1.91201E-1 5.17456E-1 8.83258E-1 9.64223E-1 9.37908E-1 3.69352E-1 6.94769E-2 6.39839E-3 8.06163E-3 1.38357E-2 3.89339E-2 9.19303E-2 2.87778E-1 8.79691E-1 9.02155E-1 3.6101E-1 1.0652E-1 2.2468E-2 1.23149E-2 7.37784E-3 5.63164E-3 3.35328E-3 1.22972E-3 5.03493E-4 3.1752E-4 7.23814E-4 2.12639E-3 2.68393E-2 6.24792E-2 1.41808E-1 2.80513E-1 6.91702E-2 8.96098E-3 3.35068E-3 2.47022E-3 2.41524E-3 2.58524E-3 2.98168E-3 4.32388E-3 6.20078E-3 1.4043E-2 1.59725E-2 1.52743E-2 1.43063E-2 1.43021E-2 1.50047E-2 1.6095E-2
2.45053E-5 2.46265E-5 3.83577E-5 9.44356E-5 1.28138E-4 1.88913E-4 3.41706E-4 4.27375E-4 2.93042E-4 3.19964E-4 4.67611E-4 5.503E-4 5.39755E-4 9.96526E-4 7.29361E-4 6.06422E-4 1.85514E-3 5.72616E-3 3.0523E-2 6.49759E-2 1.96794E-1 4.78813E-1 9.92729E-1 3.96053E-1 1.03338E-1 3.56124E-2 1.03068E-2 7.60097E-3 7.7122E-2 1.92715E-1 5.43102E-1 8.0747E-1 2.80972E-1 1.68347E-1 6.82666E-2 1.82382E-2 1.03638E-2 1.02673E-2 6.86706E-3 3.55356E-3 5.24833E-3 2.91185E-3 4.33223E-4 4.92252E-4 1.7256E-3 2.03519E-2 1.19993E-1 2.39671E-1 4.54584E-1 9.15768E-2 1.15256E-2 4.3341E-3 2.30104E-3 2.20675E-3 2.51446E-3 2.42589E-3 2.59337E-3 3.30194E-3 4.04033E-3 4.08065E-3 3.95119E-3 3.83343E-3 3.57124E-3 4.53871E-3 1.14914E-2
2.65625E-5 1.52698E-5 3.6443E-5 9.46241E-5 1.20159E-4 1.71365E-4 1.92625E-4 4.42793E-4 3.90846E-4 2.62531E-4 2.74551E-4 2.72803E-4 2.06622E-4 2.74856E-4 4.62387E-4 1.13216E-3 6.39116E-4 2.8697E-3 6.29832E-3 8.15443E-3 1.09686E-2 1.05923E-1 9.60637E-1 9.62055E-1 2.65706E-1 1.14586E-1 2.66414E-2 1.28961E-2 1.13095E-1 2.94238E-1 4.64053E-1 2.51519E-1 1.11477E-1 1.26734E-1 7.99663E-2 2.57751E-2 1.61209E-2 1.69167E-2 9.42852E-3 5.47577E-3 1.10695E-2 5.13272E-3 3.97864E-4 3.32437E-4 1.25583E-3 1.19195E-2 1.21457E-1 3.30499E-1 3.88337E-1 8.29182E-2 1.43236E-2 6.6184E-3 4.39454E-3 3.95165E-3 2.69738E-3 2.70233E-3 2.79669E-3 2.64351E-3 2.6188E-3 2.54248E-3 2.81846E-3 2.88753E-3 2.73493E-3 3.16788E-3 4.14804E-3
5.1994E-5 1.63714E-5 3.42589E-5 9.22423E-5 1.27575E-4 1.44477E-4 1.19054E-4 3.64132E-4 2.30239E-4 2.75714E-4 1.43786E-4 1.44156E-4 2.06802E-4 2.73823E-4 2.26511E-4 4.13496E-4 9.88718E-4 9.09588E-4 1.29584E-3 1.29398E-3 1.387E-3 1.07764E-2 1.8224E-1 9.78889E-1 7.976E-1 1.32391E-1 4.33442E-2 3.6182E-2 1.45367E-1 1.94579E-1 1.17686E-1 4.81829E-2 4.12902E-2 1.10181E-1 8.41694E-2 5.55563E-2 3.6658E-2 1.95058E-2 9.81777E-3 7.02685E-3 3.16896E-3 1.12981E-3 3.0102E-4 2.84606E-4 8.6036E-4 6.99677E-3 2.27415E-1 3.21863E-1 3.27421E-1 1.11212E-1 1.28009E-2 1.02593E-2 1.08234E-2 1.05178E-2 7.29677E-3 5.83012E-3 5.60659E-3 4.73852E-3 5.65669E-3 6.25919E-3 4.83672E-3 2.69934E-3 2.28625E-3 2.24002E-3 2.321E-3
4.4239E-5 2.36173E-5 4.30586E-5 3.28505E-5 8.31468E-5 1.08959E-4 8.83169E-5 1.24674E-4 1.51996E-4 1.82144E-4 1.97E-4 2.0097E-4 3.6011E-4 6.92812E-4 2.77072E-4 3.08676E-4 1.26694E-3 1.18045E-3 4.84765E-4 6.44959E-4 7.80582E-4 2.36023E-3 1.76214E-2 3.72429E-1 8.8148E-1 4.08323E-1 3.85037E-2 2.53329E-2 8.16324E-2 9.26584E-2 2.26884E-2 2.63807E-2 2.00806E-2 2.85525E-2 5.75659E-2 3.58222E-2 1.81663E-2 1.0125E-2 5.28195E-3 2.39683E-3 6.17377E-4 3.83152E-4 8.80846E-4 6.69134E-4 8.07104E-4 3.50563E-3 6.44024E-2 4.15588E-1 4.52456E-1 2.06503E-1 1.43498E-2 8.04646E-3 7.3147E-3 7.46189E-3 1.02149E-2 9.02215E-3 8.70172E-3 8.00175E-3 9.53806E-3 9.86351E-3 9.49609E-3 5.17332E-3 3.24887E-3 2.30691E-3 2.27374E-3
4.85156E-5 4.17471E-5 2.73791E-5 3.17015E-5 3.68346E-5 8.40948E-5 8.36937E-5 6.91342E-5 8.07429E-5 1.2086E-4 1.57059E-4 4.61221E-4 4.55988E-4 6.60998E-4 9.23098E-4 7.93389E-4 1.08648E-3 1.89188E-3 7.4025E-4 8.72697E-4 1.2133E-3 9.44971E-4 2.32359E-3 2.06804E-2 1.19746E-1 4.64038E-1 5.37316E-2 1.20503E-2 3.25851E-2 2.74629E-2 8.3919E-3 2.62854E-3 1.02492E-3 7.54764E-3 1.95274E-2 6.50058E-3 2.53082E-3 2.19467E-3 1.3833E-3 5.79383E-4 2.04294E-4 2.87705E-4 2.41397E-3 2.65782E-3 1.33611E-3 4.01217E-3 1.42378E-2 1.51655E-1 4.33425E-1 2.62119E-1 3.91333E-2 1.54506E-2 8.79681E-3 5.53959E-3 7.81598E-3 1.07526E-2 1.93358E-2 1.8514E-2 1.3923E-2 1.101E-2 1.05369E-2 7.33293E-3 5.66121E-3 2.69719E-3 2.52935E-3
1.17381E-4 7.81076E-5 2.25705E-5 3.91825E-5 3.20247E-5 1.07749E-4 1.2301E-4 8.46257E-5 7.88345E-5 9.47031E-5 8.87852E-5 2.35782E-4 3.7346E-4 6.0697E-4 1.1956E-3 1.40818E-3 1.21872E-3 1.6021E-3 2.2491E-3 9.51707E-4 6.98912E-4 4.39806E-4 1.33695E-3 9.29762E-3 1.42201E-2 6.88562E-2 7.81534E-2 1.61642E-2 7.6251E-3 2.92899E-3 1.37091E-3 8.47166E-4 7.45314E-4 2.23736E-3 4.86327E-3 2.24394E-3 2.02477E-3 1.18297E-3 7.61093E-4 2.45343E-4 2.00339E-4 3.37902E-4 6.84079E-4 9.6519E-4 1.11437E-3 4.18204E-3 1.81634E-2 2.0593E-2 4.50519E-2 5.72233E-2 5.23065E-2 3.62271E-2 1.36307E-2 5.20213E-3 6.7655E-3 7.75629E-3 9.80621E-3 1.05805E-2 1.19021E-2 1.43462E-2 1.56878E-2 1.4396E-2 1.10776E-2 7.28654E-3 5.73656E-3
1.80535E-4 1.5032E-4 2.76483E-5 1.97495E-5 4.42185E-5 1.03276E-4 1.22425E-4 1.15145E-4 9.16889E-5 6.76016E-5 1.08733E-4 2.29456E-4 4.79282E-4 6.54882E-4 1.0281E-3 1.43162E-3 1.39123E-3 1.34532E-3 2.77623E-3 1.01172E-3 3.68303E-4 2.39245E-4 4.20554E-4 2.72165E-3 7.54075E-3 2.11273E-2 7.33302E-2 7.69685E-3 6.80565E-4 2.08076E-4 2.24568E-4 4.31336E-4 1.00432E-3 1.237E-3 1.66476E-3 1.20544E-3 1.44894E-3 1.14295E-3 3.18887E-4 1.27722E-4 2.09601E-4 2.51595E-4 1.04558E-4 1.83727E-4 7.50727E-4 3.23667E-3 1.30618E-2 1.19338E-2 7.25602E-3 2.50103E-2 5.16094E-2 5.26578E-2 1.59834E-2 1.44839E-2 6.81206E-3 8.70638E-3 1.38449E-2 1.42366E-2 1.77782E-2 1.22396E-2 1.11329E-2 1.0871E-2 9.88727E-3 8.73896E-3 1.05664E-2
2.60891E-4 7.8694E-5 2.13693E-5 2.6697E-5 7.48834E-5 6.50134E-5 5.50682E-5 7.7671E-5 7.74706E-5 7.03672E-5 8.79436E-5 6.63555E-5 9.80702E-5 2.59474E-4 3.65115E-4 8.91822E-4 1.56794E-3 1.47348E-3 2.17332E-3 8.74379E-4 4.55231E-4 5.02487E-4 5.79907E-4 6.13622E-4 2.21725E-3 1.67717E-2 2.84514E-2 8.03383E-3 3.34978E-4 6.4621E-5 4.44244E-5 7.32595E-5 1.59325E-4 3.52906E-4 6.02463E-4 4.03839E-4 3.12971E-4 5.45619E-4 2.7001E-4 2.06322E-4 2.38495E-4 1.93313E-4 8.45151E-5 8.74208E-5 3.31496E-4 7.72253E-4 1.46327E-3 1.09762E-3 5.91459E-4 1.46911E-3 2.76985E-3 4.35635E-3 3.27388E-3 6.43165E-3 1.05451E-2 1.27261E-2 6.37425E-3 1.14621E-2 1.37972E-2 1.54651E-2 1.90541E-2 1.45486E-2 8.20433E-3 3.83655E-3 5.82324E-3
1.67143E-4 1.02944E-4 3.97677E-5 3.61149E-5 4.7955E-5 3.43198E-5 4.84664E-5 7.20552E-5 6.29277E-5 7.12388E-5 6.19437E-5 4.81836E-5 1.24671E-4 1.28112E-4 1.76384E-4 3.67435E-4 1.06979E-3 1.36706E-3 1.65391E-3 8.03624E-4 6.7013E-4 1.34959E-3 6.22474E-4 1.89851E-4 5.77026E-4 8.1137E-3 5.20934E-3 1.45061E-3 6.82351E-4 1.58972E-4 4.18974E-5 3.1829E-5 6.15283E-5 1.09299E-4 1.29425E-4 1.11665E-4 1.65827E-4 3.00124E-4 2.39672E-4 3.12741E-4 4.13267E-4 3.96479E-4 8.19538E-5 8.70984E-5 2.91933E-4 5.82569E-4 5.34783E-4 3.76406E-4 2.99532E-4 3.61526E-4 2.94756E-4 6.39783E-4 6.58868E-4 1.13994E-3 5.43738E-3 6.71497E-3 1.64575E-3 2.12481E-3 2.58126E-3 4.70102E-3 9.24396E-3 6.91226E-3 6.06147E-3 5.00727E-3 4.86478E-3
1.57969E-4 5.67343E-5 5.08302E-5 5.56978E-5 2.98429E-5 2.15526E-5 4.09068E-5 7.16847E-5 6.92492E-5 9.86547E-5 9.06739E-5 9.0384E-5 7.92908E-5 7.63478E-5 1.03534E-4 3.33886E-4 4.86216E-4 4.9306E-4 6.79008E-4 6.89877E-4 7.56491E-4 1.43732E-3 7.50104E-4 1.81244E-4 4.45293E-4 6.62759E-3 1.53812E-3 7.25289E-4 1.94457E-3 1.73706E-3 1.43419E-4 2.09057E-4 1.34021E-3 4.94379E-4 4.61843E-4 2.3321E-4 1.08567E-4 1.22743E-4 1.80386E-4 3.59837E-4 3.75256E-4 1.01404E-3 5.84573E-4 3.67566E-4 3.80958E-4 4.75802E-4 4.8415E-4 4.29147E-4 2.33826E-4 1.62826E-4 1.71021E-4 3.82263E-4 2.71244E-4 1.66689E-4 1.34192E-3 2.32383E-3 7.65293E-4 1.04442E-3 1.885E-3 5.36881E-3 1.14645E-2 1.43311E-2 1.73764E-2 1.72079E-2 8.71854E-3
2.36507E-4 1.42737E-4 1.08859E-4 7.98375E-5 2.8487E-5 1.7678E-5 4.8792E-5 5.63489E-5 9.70828E-5 1.09315E-4 1.06153E-4 1.33848E-4 7.61236E-5 7.06125E-5 1.04556E-4 1.81457E-4 2.85343E-4 4.49674E-4 6.63615E-4 9.31484E-4 7.68364E-4 8.22584E-4 7.56943E-4 1.63668E-4 4.0989E-4 1.444E-3 1.00899E-3 6.30687E-4 6.59593E-4 2.40543E-3 8.7972E-4 1.12245E-3 4.32205E-3 3.06348E-3 2.00795E-3 8.95663E-4 2.09573E-4 2.54759E-4 3.91651E-4 1.06113E-3 1.39068E-3 1.21707E-3 1.41615E-3 1.08123E-3 5.30871E-4 2.55969E-4 3.92729E-4 5.22483E-4 2.71997E-4 2.00964E-4 1.47819E-4 1.41895E-4 1.04762E-4 7.75799E-5 4.94912E-4 5.52098E-4 2.75221E-4 3.35566E-4 8.87631E-4 1.55088E-3 3.26339E-3 5.49834E-3 1.08524E-2 2.13728E-2 1.36454E-2
1.2938E-3 8.06873E-4 5.09277E-4 1.79203E-4 3.36367E-5 2.90005E-5 1.09433E-4 3.59689E-5 4.75387E-5 1.01681E-4 1.36138E-4 1.44003E-4 8.56197E-5 6.64523E-5 9.13258E-5 7.94094E-5 1.07824E-4 2.52368E-4 6.56354E-4 8.14891E-4 8.27712E-4 5.83607E-4 4.13272E-4 2.52247E-4 2.24583E-4 2.30471E-4 2.66583E-4 6.37622E-4 1.35172E-3 2.50386E-3 2.94593E-3 2.78843E-3 3.221E-3 1.46791E-3 3.42761E-3 2.51073E-3 1.57545E-3 1.99553E-3 9.97791E-4 2.70255E-3 1.90912E-3 1.12975E-3 8.72243E-4 7.96753E-4 5.69202E-4 3.04314E-4 4.03284E-4 5.91238E-4 4.5758E-4 4.89135E-4 2.45909E-4 7.50671E-5 8.6673E-5 3.40511E-5 1.18421E-4 1.36145E-4 1.20849E-4 1.72159E-4 4.76268E-4 3.02055E-4 1.07666E-3 1.19722E-3 1.87604E-3 7.80855E-3 2.03567E-2
4.82001E-3 2.44595E-3 1.00118E-3 2.33068E-4 4.90403E-5 6.3484E-5 1.02432E-4 5.20531E-5 1.17312E-4 1.11329E-4 1.30932E-4 1.55412E-4 1.31414E-4 9.70399E-5 8.80394E-5 7.03282E-5 1.45943E-4 4.19966E-4 1.89737E-3 1.13911E-3 7.76078E-4 8.0026E-4 3.67105E-4 2.83677E-4 2.41862E-4 3.49396E-4 3.95793E-4 3.13954E-4 1.03468E-3 2.70771E-3 1.34258E-3 1.40877E-3 9.44436E-4 4.11592E-4 7.15003E-4 1.54842E-3 1.39507E-3 5.77778E-4 5.1773E-4 9.01087E-4 1.19551E-3 1.14814E-3 8.0404E-4 5.11826E-4 3.75821E-4 2.33885E-4 2.10093E-4 3.14999E-4 5.34696E-4 6.6784E-4 3.4863E-4 8.16251E-5 1.17795E-5 1.43064E-5 3.09411E-5 4.85846E-5 5.31707E-5 9.97842E-5 2.66342E-4 1.14872E-4 4.56564E-4 3.26013E-4 3.36489E-4 1.10682E-3 2.68757E-3
8.07764E-3 5.67647E-3 2.26389E-3 5.03784E-4 1.52049E-4 1.19184E-4 8.39399E-5 1.24171E-4 3.24183E-4 8.31519E-5 1.21582E-4 1.21555E-4 1.84307E-4 1.48312E-4 7.59775E-5 5.3678E-5 1.17244E-4 2.93914E-4 1.49938E-3 9.51398E-4 5.67176E-4 5.9525E-4 4.88202E-4 4.02056E-4 1.87637E-4 5.06474E-4 7.93724E-4 5.02098E-4 1.05753E-3 2.58968E-3 1.25641E-3 1.01528E-3 8.84059E-4 1.75584E-4 1.37661E-4 7.95673E-4 5.52051E-4 1.85317E-4 9.06995E-5 3.30578E-4 2.66362E-4 4.30752E-4 5.47458E-4 3.35109E-4 1.80771E-4 1.25684E-4 1.19408E-4 1.39257E-4 2.37843E-4 3.99529E-4 1.33702E-4 2.70904E-5 1.75155E-5 2.06453E-5 1.79718E-5 2.59892E-5 4.00964E-5 9.99791E-5 4.65791E-4 7.85624E-5 1.09481E-4 1.40996E-4 1.83645E-4 5.29988E-4 4.53165E-4
4.79116E-3 1.0065E-2 3.20614E-3 8.24345E-4 3.3183E-4 2.01197E-4 7.90708E-5 1.05379E-4 1.62642E-4 9.81898E-5 1.04286E-4 1.3007E-4 1.55707E-4 1.80773E-4 1.15384E-4 1.3036E-4 1.82323E-4 1.74541E-4 1.83032E-4 1.34892E-4 2.15449E-4 4.54586E-4 5.12281E-4 5.6017E-4 4.54375E-4 6.79723E-4 1.07618E-3 1.52514E-3 1.70671E-3 1.28585E-3 5.12199E-4 3.24704E-4 2.23839E-4 3.32402E-4 3.18666E-4 2.10091E-4 1.60795E-4 8.36514E-5 8.23636E-5 3.7659E-4 3.80424E-4 3.2124E-4 3.46101E-4 3.36792E-4 2.27966E-4 1.17925E-4 1.632E-4 1.57829E-4 7.53244E-5 9.09389E-5 5.74236E-5 3.93526E-5 3.11224E-5 3.0414E-5 5.17233E-5 4.41433E-5 4.75412E-5 1.91834E-4 6.3891E-4 8.27624E-5 3.20653E-5 9.92979E-5 1.48376E-4 4.31338E-4 3.41796E-4
2.86318E-3 6.26675E-3 5.58101E-3 1.16762E-3 4.08779E-4 2.25261E-4 8.90089E-5 7.06045E-5 8.88071E-5 8.09626E-5 9.28474E-5 1.09844E-4 1.91868E-4 2.59995E-4 2.79373E-4 3.51317E-4 4.16126E-4 4.4962E-4 2.85065E-4 8.41441E-5 3.88052E-4 4.80448E-4 3.68178E-4 3.6203E-4 4.32109E-4 6.35178E-4 9.84198E-4 1.31933E-3 8.03726E-4 6.28914E-4 2.38407E-4 1.17733E-4 8.5187E-5 3.46208E-4 9.02693E-4 1.63784E-4 9.98394E-5 9.0897E-5 9.78251E-5 2.8329E-4 4.12793E-4 4.13482E-4 4.99622E-4 5.92306E-4 2.55141E-4 1.50129E-4 1.57269E-4 2.52802E-4 9.33472E-5 6.55743E-5 4.26231E-5 3.1091E-5 5.97263E-5 5.9457E-5 6.1847E-5 4.77474E-5 3.76894E-5 1.28415E-4 3.94934E-4 1.7408E-4 8.7971E-5 6.44412E-5 6.58242E-5 1.61855E-4 2.19315E-4
3.16092E-3 5.48281E-3 9.03185E-3 3.74438E-3 1.10811E-3 3.48354E-4 9.54651E-5 8.23087E-5 7.54861E-5 5.39302E-5 8.29923E-5 1.18193E-4 1.99761E-4 2.36094E-4 3.61596E-4 2.90392E-4 3.08366E-4 3.57074E-4 3.82927E-4 1.75759E-4 6.11618E-4 5.01203E-4 2.89928E-4 3.74081E-4 2.71888E-4 2.33528E-4 5.87605E-4 1.23253E-3 6.43724E-4 4.00127E-4 2.9211E-4 2.45548E-4 3.19619E-4 7.87438E-4 4.33492E-4 2.03724E-4 1.45307E-4 9.51045E-5 1.51701E-4 3.89307E-4 3.14901E-4 2.92016E-4 4.84526E-4 4.06075E-4 1.43962E-4 1.28004E-4 1.36541E-4 2.82445E-4 4.21484E-4 2.70607E-4 1.35179E-4 6.54983E-5 5.81674E-5 7.2925E-5 5.52173E-5 3.56126E-5 2.79848E-5 5.60518E-5 1.05028E-4 1.85731E-4 1.42206E-4 6.85093E-5 3.27995E-5 3.39891E-5 2.79436E-5
