layers/tupi.asc
ncols         638
nrows         825
xllcorner     -2985163.8955
yllcorner     -3022031.214
cellsize      10000.0
NODATA_value  -9999
[rows 551 to 579 of 825, columns 260 to 324 of 638]
2.6901E-2 2.91035E-2 3.12749E-2 3.34277E-2 3.65092E-2 3.9769E-2 5.91041E-2 7.70101E-2 9.26683E-2 1.02108E-1 1.07831E-1 1.08942E-1 1.05968E-1 1.10016E-1 1.10483E-1 1.14622E-1 1.2297E-1 1.19455E-1 1.04042E-1 1.09486E-1 1.12495E-1 1.17942E-1 1.29333E-1 1.39501E-1 1.45331E-1 1.49517E-1 1.48644E-1 1.56217E-1 1.51884E-1 1.1297E-1 1.14067E-1 1.13151E-1 1.4836E-1 1.58542E-1 1.63439E-1 1.65355E-1 1.7717E-1 2.37068E-1 2.47948E-1 2.10943E-1 2.14976E-1 2.24067E-1 2.84814E-1 3.70258E-1 3.90554E-1 4.19126E-1 4.33984E-1 5.90053E-1 6.81848E-1 8.77601E-1 8.77176E-1 9.5026E-1 -9999 -9999 -9999 -9999 -9999 2.66302E-1 2.75215E-1 6.47343E-1 6.68306E-1 5.5887E-1 5.79676E-1 3.3878E-1 4.16901E-1
2.52113E-2 2.68213E-2 3.0354E-2 3.46607E-2 3.75789E-2 4.07609E-2 6.19652E-2 8.65933E-2 9.67068E-2 1.02032E-1 1.08457E-1 1.05942E-1 1.06113E-1 1.10538E-1 1.10653E-1 1.18164E-1 1.27774E-1 1.1058E-1 1.10737E-1 1.11788E-1 1.12468E-1 1.17805E-1 1.28577E-1 1.34876E-1 1.39227E-1 1.44622E-1 1.51954E-1 1.70705E-1 1.54076E-1 1.74559E-1 1.86702E-1 1.77189E-1 1.89812E-1 1.37816E-1 1.49907E-1 1.53242E-1 1.6821E-1 2.03534E-1 2.08821E-1 1.82306E-1 1.89126E-1 2.19617E-1 3.15261E-1 3.65085E-1 4.11284E-1 4.87165E-1 4.76551E-1 5.18445E-1 7.95158E-1 7.72204E-1 7.9872E-1 8.99664E-1 5.31108E-1 -9999 -9999 -9999 -9999 -9999 -9999 1.20091E-1 1.57085E-1 1.35604E-1 1.22238E-1 5.01993E-1 6.63891E-1
2.45648E-2 2.62218E-2 2.93325E-2 3.42405E-2 3.60973E-2 4.06968E-2 7.24809E-2 8.56942E-2 9.61144E-2 1.01916E-1 9.95213E-2 1.02881E-1 1.03644E-1 1.07197E-1 1.14241E-1 1.24682E-1 1.19938E-1 1.11451E-1 1.16914E-1 1.17931E-1 1.1563E-1 1.21644E-1 1.28468E-1 1.35307E-1 1.41219E-1 1.43628E-1 1.62259E-1 1.75463E-1 1.60928E-1 1.77446E-1 1.92044E-1 1.86961E-1 1.6256E-1 1.32207E-1 1.35518E-1 1.42799E-1 1.57406E-1 1.69815E-1 1.72023E-1 1.62868E-1 1.78092E-1 2.1193E-1 3.3543E-1 3.75275E-1 4.29062E-1 4.7462E-1 4.50501E-1 5.56945E-1 5.86952E-1 6.28925E-1 6.58532E-1 7.68546E-1 8.13714E-1 4.74223E-1 -9999 -9999 -9999 -9999 -9999 -9999 -9999 -9999 -9999 -9999 -9999
2.42181E-2 2.634E-2 2.95424E-2 3.39346E-2 3.73818E-2 6.36939E-2 8.16891E-2 8.60039E-2 9.16579E-2 9.18532E-2 9.56935E-2 9.97694E-2 1.03799E-1 1.0919E-1 1.16608E-1 1.11294E-1 1.11589E-1 1.14401E-1 1.14536E-1 1.16834E-1 1.17647E-1 1.20242E-1 1.27459E-1 1.33221E-1 1.44379E-1 1.52216E-1 1.65363E-1 1.73855E-1 1.70491E-1 1.61868E-1 1.78843E-1 1.83228E-1 2.02666E-1 1.80142E-1 1.24175E-1 1.27119E-1 1.34782E-1 1.38968E-1 1.47716E-1 1.56152E-1 1.80365E-1 2.19877E-1 2.84862E-1 3.48086E-1 3.81015E-1 3.74399E-1 4.01406E-1 4.00561E-1 5.08118E-1 5.00909E-1 6.60232E-1 7.83197E-1 7.18155E-1 7.10647E-1 -9999 -9999 -9999 -9999 -9999 -9999 -9999 -9999 -9999 -9999 -9999
2.44033E-2 2.60072E-2 2.9017E-2 3.2165E-2 3.75604E-2 6.95083E-2 7.88977E-2 8.23985E-2 8.50948E-2 9.06016E-2 9.67637E-2 1.00559E-1 1.07775E-1 1.10015E-1 1.13667E-1 1.08433E-1 1.13356E-1 1.17821E-1 1.15823E-1 1.19961E-1 1.18847E-1 1.19118E-1 1.25107E-1 1.29012E-1 1.50332E-1 1.63986E-1 1.66772E-1 1.72343E-1 1.59531E-1 1.56834E-1 1.61086E-1 1.92884E-1 2.23389E-1 2.0875E-1 1.7473E-1 1.26472E-1 1.31943E-1 1.41663E-1 1.50921E-1 1.49488E-1 1.70717E-1 2.06289E-1 2.47346E-1 2.95916E-1 3.22365E-1 3.36565E-1 3.57791E-1 3.7073E-1 5.05454E-1 4.37239E-1 6.52825E-1 7.45232E-1 6.58982E-1 6.52039E-1 6.85935E-1 6.57564E-1 5.74587E-1 -9999 -9999 -9999 -9999 -9999 -9999 -9999 -9999
2.37048E-2 2.61828E-2 2.83877E-2 3.24732E-2 3.86516E-2 6.20801E-2 6.81636E-2 8.29454E-2 8.67946E-2 9.21457E-2 9.94082E-2 1.01034E-1 1.09496E-1 1.10797E-1 1.06471E-1 1.09409E-1 1.11303E-1 1.10787E-1 1.13767E-1 1.21065E-1 1.1931E-1 1.17532E-1 1.20313E-1 1.2478E-1 1.48194E-1 1.19777E-1 1.68359E-1 1.613E-1 1.58577E-1 1.66917E-1 1.71053E-1 2.08364E-1 2.39516E-1 2.57275E-1 2.36663E-1 1.64282E-1 1.76175E-1 1.94592E-1 1.82657E-1 1.40326E-1 1.50235E-1 1.81378E-1 2.22343E-1 2.68315E-1 3.06218E-1 3.21442E-1 3.19849E-1 3.46385E-1 4.6389E-1 5.02444E-1 5.70687E-1 5.89572E-1 5.72538E-1 5.72607E-1 6.37816E-1 6.97054E-1 7.39278E-1 9.01934E-1 -9999 -9999 -9999 -9999 -9999 -9999 -9999
2.46368E-2 2.67224E-2 2.844E-2 3.49324E-2 3.92984E-2 4.25486E-2 4.74E-2 7.31197E-2 8.76211E-2 9.8739E-2 1.00601E-1 1.05925E-1 1.0899E-1 1.07356E-1 1.04911E-1 1.04221E-1 1.05236E-1 1.09757E-1 1.09588E-1 1.16721E-1 1.14697E-1 1.1507E-1 1.17758E-1 1.34696E-1 1.53693E-1 1.54035E-1 1.55387E-1 1.52091E-1 1.5792E-1 1.72044E-1 1.81953E-1 2.11021E-1 2.48371E-1 2.50277E-1 2.55082E-1 2.52491E-1 2.64373E-1 2.87658E-1 1.91708E-1 1.48955E-1 1.5296E-1 1.78862E-1 2.21517E-1 2.76766E-1 3.05464E-1 3.08283E-1 2.94058E-1 3.04137E-1 3.18139E-1 3.38191E-1 3.33174E-1 3.83936E-1 3.96204E-1 4.11597E-1 4.23381E-1 4.75531E-1 5.64778E-1 5.21984E-1 4.05432E-1 -9999 -9999 -9999 -9999 -9999 -9999
2.56994E-2 2.77477E-2 3.00235E-2 3.42185E-2 3.88592E-2 4.34471E-2 4.54383E-2 5.75131E-2 7.16843E-2 9.8274E-2 1.03144E-1 1.05419E-1 1.01758E-1 1.01866E-1 1.0348E-1 1.04259E-1 1.04057E-1 1.05057E-1 1.07945E-1 1.12285E-1 1.11864E-1 1.13049E-1 1.19999E-1 1.41912E-1 1.43635E-1 1.52929E-1 1.47912E-1 1.51543E-1 1.58282E-1 1.66294E-1 1.86396E-1 2.11488E-1 2.27211E-1 2.29765E-1 2.54226E-1 2.70736E-1 2.83989E-1 2.92524E-1 2.63047E-1 2.27616E-1 2.33304E-1 1.91413E-1 2.34968E-1 2.84227E-1 2.9265E-1 2.97229E-1 2.9592E-1 2.83618E-1 2.95469E-1 2.92956E-1 2.82851E-1 3.93699E-1 4.04501E-1 4.38222E-1 4.07886E-1 3.80291E-1 3.8287E-1 4.0425E-1 3.66261E-1 2.65048E-1 -9999 -9999 -9999 -9999 -9999
2.58736E-2 2.87652E-2 3.09857E-2 3.53121E-2 3.8134E-2 4.14644E-2 4.46536E-2 5.07592E-2 5.56202E-2 7.51685E-2 1.03573E-1 1.0257E-1 9.66258E-2 1.01686E-1 1.0325E-1 1.03899E-1 1.05594E-1 1.09187E-1 1.10714E-1 1.13708E-1 1.12095E-1 1.15904E-1 1.27119E-1 1.44328E-1 1.38746E-1 1.40836E-1 1.41729E-1 1.48686E-1 1.57326E-1 1.67204E-1 1.83304E-1 1.80318E-1 1.93084E-1 1.92571E-1 2.0235E-1 2.28837E-1 2.50494E-1 2.36449E-1 2.40639E-1 2.36109E-1 2.36697E-1 2.57681E-1 2.33029E-1 2.69278E-1 2.83942E-1 3.04972E-1 3.2194E-1 3.00954E-1 2.91117E-1 2.75579E-1 2.80324E-1 2.94492E-1 3.15269E-1 3.41363E-1 3.37366E-1 2.97931E-1 2.7372E-1 2.62457E-1 2.71807E-1 2.89483E-1 3.91525E-1 -9999 -9999 -9999 -9999
2.58274E-2 2.9847E-2 3.18347E-2 3.51634E-2 3.7522E-2 4.14566E-2 4.66468E-2 4.96655E-2 5.49083E-2 6.04228E-2 9.11017E-2 9.53086E-2 9.16001E-2 1.01201E-1 1.0339E-1 9.8453E-2 1.09671E-1 1.13888E-1 1.14243E-1 1.14699E-1 1.17683E-1 1.20903E-1 1.29911E-1 1.37634E-1 1.32622E-1 1.29702E-1 1.35166E-1 1.43512E-1 1.52646E-1 1.66949E-1 1.72371E-1 1.63552E-1 1.76502E-1 1.69218E-1 1.64369E-1 1.78322E-1 1.94436E-1 1.90586E-1 2.04268E-1 2.25161E-1 2.45662E-1 2.68455E-1 3.049E-1 3.39183E-1 3.58105E-1 3.10135E-1 3.22439E-1 3.0844E-1 2.91711E-1 2.78521E-1 2.73279E-1 3.05656E-1 3.30998E-1 3.35607E-1 3.46107E-1 3.23972E-1 2.8121E-1 2.56769E-1 2.69317E-1 3.75328E-1 3.93875E-1 3.97028E-1 -9999 -9999 -9999
2.77344E-2 3.12761E-2 3.39616E-2 3.53036E-2 3.77785E-2 4.25409E-2 4.51789E-2 4.86154E-2 5.2465E-2 5.55169E-2 6.03738E-2 6.35613E-2 6.588E-2 9.49216E-2 1.02083E-1 7.39957E-2 1.08822E-1 1.14605E-1 1.1469E-1 1.18643E-1 1.28084E-1 1.31418E-1 1.30418E-1 1.26935E-1 1.24856E-1 1.22254E-1 1.26928E-1 1.34006E-1 1.46989E-1 1.60793E-1 1.54782E-1 1.57389E-1 1.69393E-1 1.65458E-1 1.76197E-1 1.74652E-1 1.7942E-1 1.81858E-1 1.90154E-1 2.28363E-1 2.99851E-1 3.41658E-1 3.85209E-1 3.66214E-1 3.61649E-1 3.74041E-1 3.87771E-1 2.82191E-1 2.83602E-1 2.87453E-1 2.81107E-1 2.75867E-1 2.82661E-1 2.80808E-1 2.96626E-1 2.98793E-1 2.79329E-1 2.77096E-1 2.87906E-1 3.92069E-1 3.78584E-1 4.13E-1 3.17929E-1 -9999 -9999
2.96119E-2 3.26917E-2 3.37121E-2 3.49563E-2 3.73709E-2 4.25243E-2 4.47089E-2 4.602E-2 4.99906E-2 5.23026E-2 5.73058E-2 6.22734E-2 6.57548E-2 6.62257E-2 6.94354E-2 7.43111E-2 1.08925E-1 1.16198E-1 1.17279E-1 1.24964E-1 1.35057E-1 1.3824E-1 1.26915E-1 1.18328E-1 1.20384E-1 1.21015E-1 1.21339E-1 1.28684E-1 1.42682E-1 1.48535E-1 1.53504E-1 1.51374E-1 1.61529E-1 1.61177E-1 1.66308E-1 1.69207E-1 1.84652E-1 2.07236E-1 2.46657E-1 2.7965E-1 5.45968E-1 5.83053E-1 6.38859E-1 4.10351E-1 4.32493E-1 4.63864E-1 4.77619E-1 3.85581E-1 2.79569E-1 3.967E-1 3.76249E-1 3.56187E-1 2.63323E-1 2.6954E-1 2.68455E-1 2.77636E-1 2.7821E-1 2.99548E-1 3.10638E-1 4.02761E-1 3.74784E-1 4.08954E-1 4.44914E-1 7.56515E-1 -9999
3.31254E-2 3.46574E-2 3.4968E-2 3.52927E-2 3.71546E-2 4.32048E-2 4.46799E-2 4.39327E-2 4.8088E-2 5.10577E-2 5.57896E-2 6.10434E-2 6.7152E-2 6.37444E-2 6.71864E-2 7.22789E-2 1.02899E-1 1.13924E-1 1.22115E-1 1.34316E-1 1.40607E-1 1.29313E-1 1.21216E-1 1.12937E-1 1.15934E-1 1.23126E-1 1.26379E-1 1.30429E-1 1.34061E-1 1.37211E-1 1.44416E-1 1.38139E-1 1.43743E-1 1.5142E-1 1.65461E-1 1.66859E-1 1.94175E-1 2.47216E-1 5.24316E-1 5.36972E-1 5.56867E-1 3.24807E-1 6.39967E-1 6.89285E-1 7.31388E-1 7.9279E-1 8.03211E-1 4.77514E-1 4.53127E-1 4.2544E-1 4.22526E-1 3.88194E-1 2.79614E-1 2.83356E-1 2.63597E-1 2.74828E-1 2.9627E-1 3.05488E-1 3.26749E-1 4.27468E-1 4.19442E-1 3.93867E-1 4.68064E-1 7.51049E-1 -9999
3.27371E-2 3.48739E-2 3.55192E-2 3.51074E-2 3.67361E-2 4.36622E-2 4.36569E-2 4.29793E-2 4.62654E-2 4.99787E-2 5.60398E-2 6.02032E-2 6.52857E-2 6.52267E-2 6.79143E-2 7.18805E-2 7.1966E-2 1.1241E-1 1.22775E-1 1.31937E-1 1.34844E-1 1.21532E-1 1.15729E-1 1.18923E-1 1.15531E-1 1.23075E-1 1.34418E-1 1.26475E-1 1.27712E-1 1.29561E-1 1.30854E-1 1.29696E-1 1.33092E-1 1.41721E-1 1.56322E-1 1.59461E-1 2.26763E-1 4.69785E-1 5.3422E-1 2.91587E-1 3.49317E-1 3.10464E-1 3.75012E-1 3.98637E-1 4.36101E-1 7.69065E-1 7.70129E-1 7.42961E-1 7.54353E-1 4.63321E-1 4.7832E-1 4.7259E-1 4.51472E-1 2.99577E-1 2.61769E-1 2.61909E-1 3.99786E-1 3.07405E-1 3.08433E-1 3.35564E-1 3.55968E-1 3.42837E-1 4.18446E-1 -9999 -9999
3.09759E-2 3.38831E-2 3.59284E-2 3.63932E-2 3.70038E-2 4.25531E-2 4.26129E-2 4.31273E-2 4.50058E-2 4.90425E-2 5.54599E-2 6.04197E-2 6.44414E-2 6.8858E-2 7.05389E-2 7.0841E-2 7.47285E-2 8.01091E-2 1.19386E-1 1.21904E-1 1.23945E-1 1.18134E-1 1.12264E-1 1.2023E-1 1.24525E-1 1.23963E-1 1.25129E-1 1.20061E-1 1.23592E-1 1.23735E-1 1.21321E-1 1.26914E-1 1.27993E-1 1.32361E-1 1.52999E-1 1.57433E-1 1.95415E-1 2.59332E-1 5.13472E-1 2.65893E-1 2.75883E-1 3.48436E-1 3.08567E-1 3.11882E-1 4.15564E-1 7.3515E-1 7.20444E-1 4.38991E-1 7.42716E-1 7.24375E-1 7.62357E-1 7.46096E-1 7.53973E-1 4.75708E-1 4.60654E-1 3.92457E-1 4.30367E-1 4.14808E-1 2.64699E-1 3.40045E-1 3.02551E-1 3.34805E-1 -9999 -9999 -9999
3.04746E-2 3.26238E-2 3.82115E-2 3.88702E-2 3.8087E-2 4.09085E-2 4.13976E-2 4.40642E-2 4.51679E-2 4.9157E-2 5.40023E-2 5.86788E-2 6.31299E-2 6.66273E-2 7.00262E-2 7.44041E-2 7.59515E-2 7.67932E-2 1.14371E-1 1.14965E-1 1.23029E-1 1.22937E-1 1.14052E-1 1.15335E-1 1.26745E-1 1.21694E-1 1.16612E-1 1.20806E-1 1.20185E-1 1.20983E-1 1.18318E-1 1.17944E-1 1.24581E-1 1.32973E-1 1.3296E-1 1.47188E-1 1.7043E-1 1.96696E-1 2.40178E-1 2.318E-1 2.60566E-1 3.01462E-1 2.82396E-1 2.77566E-1 3.81822E-1 6.84939E-1 4.00121E-1 3.50874E-1 4.20268E-1 7.36358E-1 7.30821E-1 7.89873E-1 7.92544E-1 7.63113E-1 7.16872E-1 4.2506E-1 3.7592E-1 3.84062E-1 3.07837E-1 3.70893E-1 5.82816E-1 6.03562E-1 -9999 -9999 -9999
2.98552E-2 3.23225E-2 3.84785E-2 4.00935E-2 4.01653E-2 4.06103E-2 4.12737E-2 4.39859E-2 4.63624E-2 4.98081E-2 5.38123E-2 5.75871E-2 5.95818E-2 6.50081E-2 6.84143E-2 8.20604E-2 9.66921E-2 1.33986E-1 1.20312E-1 1.11725E-1 1.17628E-1 1.14204E-1 1.12398E-1 1.14661E-1 1.20278E-1 1.19502E-1 1.13289E-1 1.15955E-1 1.19904E-1 1.19092E-1 1.1591E-1 1.1104E-1 1.26122E-1 1.31953E-1 1.23505E-1 1.59509E-1 1.70457E-1 1.71466E-1 1.8174E-1 2.21481E-1 2.35018E-1 2.68091E-1 2.64828E-1 2.65955E-1 2.95977E-1 3.66302E-1 3.20114E-1 3.07193E-1 3.49552E-1 4.15943E-1 4.41049E-1 4.56181E-1 7.69709E-1 7.31652E-1 7.20265E-1 4.16428E-1 4.38813E-1 3.88707E-1 5.64839E-1 6.18957E-1 5.84057E-1 3.30738E-1 -9999 -9999 -9999
3.05039E-2 3.43707E-2 4.00308E-2 4.09924E-2 4.11115E-2 4.07311E-2 4.19667E-2 4.37179E-2 4.56534E-2 4.88179E-2 5.20156E-2 5.55004E-2 5.66859E-2 6.07536E-2 6.61848E-2 9.38699E-2 1.80678E-1 2.28419E-1 1.37631E-1 1.07186E-1 1.14028E-1 1.09247E-1 1.09573E-1 1.13779E-1 1.158E-1 1.17284E-1 1.17418E-1 1.22889E-1 1.20175E-1 1.21401E-1 1.16501E-1 1.13715E-1 1.21397E-1 1.2286E-1 1.52177E-1 1.57683E-1 1.63251E-1 1.7144E-1 1.81808E-1 2.10434E-1 2.29865E-1 2.636E-1 2.63256E-1 2.68368E-1 2.82104E-1 2.80221E-1 2.89946E-1 3.10013E-1 3.31798E-1 3.24297E-1 3.31905E-1 3.73854E-1 4.41289E-1 4.31637E-1 7.00363E-1 6.85252E-1 6.92722E-1 5.85894E-1 5.65332E-1 4.4106E-1 4.26213E-1 2.4377E-1 -9999 -9999 -9999
3.22369E-2 3.54938E-2 3.77588E-2 4.05481E-2 4.09895E-2 4.24428E-2 4.24613E-2 4.40479E-2 4.54253E-2 4.77658E-2 5.01882E-2 5.36709E-2 5.37903E-2 5.61804E-2 6.1818E-2 6.99143E-2 8.045E-2 1.07258E-1 1.03664E-1 9.69559E-2 9.83639E-2 1.01497E-1 1.0466E-1 1.07507E-1 1.06526E-1 1.07095E-1 1.16915E-1 1.18603E-1 1.17396E-1 1.19453E-1 1.18565E-1 1.17665E-1 1.18998E-1 1.25346E-1 1.38262E-1 1.60757E-1 1.6704E-1 1.73996E-1 1.75959E-1 1.89644E-1 2.19855E-1 2.44616E-1 2.46578E-1 2.64764E-1 2.75755E-1 2.69847E-1 2.92916E-1 2.98557E-1 3.16711E-1 3.25557E-1 3.36696E-1 3.57299E-1 3.67949E-1 4.05573E-1 4.48673E-1 6.13175E-1 6.14095E-1 4.49943E-1 4.56859E-1 4.20565E-1 3.54545E-1 3.62361E-1 -9999 -9999 -9999
3.40285E-2 3.66296E-2 3.65474E-2 3.82604E-2 4.17539E-2 4.32174E-2 4.3215E-2 4.46366E-2 4.63174E-2 4.8265E-2 5.08606E-2 5.03961E-2 5.19709E-2 5.34867E-2 5.64794E-2 5.7192E-2 5.57547E-2 5.65683E-2 8.48375E-2 8.44896E-2 8.67921E-2 9.5586E-2 1.05371E-1 1.01277E-1 9.68752E-2 1.01E-1 1.05392E-1 1.10366E-1 1.15546E-1 1.16501E-1 1.19284E-1 1.22758E-1 1.22991E-1 1.29509E-1 1.38219E-1 1.69778E-1 1.80539E-1 1.68668E-1 1.6498E-1 1.7262E-1 1.87572E-1 2.09695E-1 2.27744E-1 2.47586E-1 2.44979E-1 2.50554E-1 2.62897E-1 2.87577E-1 3.27039E-1 3.19011E-1 3.40411E-1 3.70076E-1 4.0433E-1 4.58978E-1 4.72656E-1 5.08682E-1 5.15514E-1 4.78786E-1 4.88011E-1 4.33357E-1 3.63799E-1 2.9293E-1 -9999 -9999 -9999
3.80493E-2 3.71849E-2 3.92237E-2 4.04408E-2 4.17742E-2 4.47829E-2 4.4432E-2 4.47142E-2 4.67443E-2 4.68707E-2 4.79288E-2 5.1239E-2 5.29651E-2 5.16687E-2 5.14705E-2 5.2777E-2 7.49654E-2 7.785E-2 8.05952E-2 8.30352E-2 8.46393E-2 8.84248E-2 8.8835E-2 8.98884E-2 9.27032E-2 9.62059E-2 9.94675E-2 1.07679E-1 1.19433E-1 1.20274E-1 1.18097E-1 1.30862E-1 1.26659E-1 1.24376E-1 1.30458E-1 1.41647E-1 1.53804E-1 1.5567E-1 1.50115E-1 1.53753E-1 1.60287E-1 1.73427E-1 1.97738E-1 2.12551E-1 2.19385E-1 2.16908E-1 2.3404E-1 2.46038E-1 2.58715E-1 2.7384E-1 2.92612E-1 3.34068E-1 3.83955E-1 4.25434E-1 4.30469E-1 4.37517E-1 4.1782E-1 4.2015E-1 4.32899E-1 4.5291E-1 3.66242E-1 3.20062E-1 -9999 -9999 -9999
6.56399E-2 4.31871E-2 4.34427E-2 4.05295E-2 4.03236E-2 4.3048E-2 4.45077E-2 4.52795E-2 4.53184E-2 4.52411E-2 5.16938E-2 7.14433E-2 6.93533E-2 5.06408E-2 7.11116E-2 7.49084E-2 7.70547E-2 7.72805E-2 7.73722E-2 8.06087E-2 8.19169E-2 7.73028E-2 7.67729E-2 8.12474E-2 8.41185E-2 8.94703E-2 9.6089E-2 1.0446E-1 1.14552E-1 1.16573E-1 1.1898E-1 1.22411E-1 1.22357E-1 1.2228E-1 1.26719E-1 1.29583E-1 1.36772E-1 1.38256E-1 1.41828E-1 1.39831E-1 1.44569E-1 1.55787E-1 1.60734E-1 1.70304E-1 1.80814E-1 1.85819E-1 1.97048E-1 2.07977E-1 2.18413E-1 2.29888E-1 2.47581E-1 2.91062E-1 3.3556E-1 3.83051E-1 4.03915E-1 4.1941E-1 3.99413E-1 3.91282E-1 4.15782E-1 4.23862E-1 3.4794E-1 3.07025E-1 2.72098E-1 3.00855E-1 4.01719E-1
6.28034E-2 4.47565E-2 4.59009E-2 4.20443E-2 4.04521E-2 4.17587E-2 4.38589E-2 4.43608E-2 4.3953E-2 4.21355E-2 4.4572E-2 7.07504E-2 7.04825E-2 6.80879E-2 6.9472E-2 7.14342E-2 7.23237E-2 7.581E-2 7.59507E-2 7.42542E-2 7.18968E-2 7.08892E-2 7.5144E-2 7.30353E-2 7.7969E-2 8.43875E-2 8.91151E-2 9.77024E-2 1.05568E-1 1.12524E-1 1.22832E-1 1.25116E-1 1.20206E-1 1.20369E-1 1.20212E-1 1.21552E-1 1.22609E-1 1.25619E-1 1.33548E-1 1.33276E-1 1.31816E-1 1.38268E-1 1.50779E-1 1.57675E-1 1.64193E-1 1.73093E-1 1.82291E-1 1.94037E-1 2.00063E-1 2.19084E-1 2.49823E-1 2.81904E-1 3.14627E-1 3.55909E-1 3.95994E-1 4.24942E-1 4.33777E-1 4.41287E-1 4.52277E-1 4.65264E-1 4.62575E-1 4.24741E-1 4.26813E-1 7.0948E-1 6.08195E-1
3.88792E-2 4.39915E-2 4.28741E-2 3.88667E-2 3.79415E-2 3.72158E-2 3.97017E-2 4.14655E-2 4.201E-2 4.18906E-2 4.27307E-2 7.03725E-2 6.56159E-2 6.9739E-2 6.73803E-2 6.76105E-2 6.71239E-2 7.04642E-2 7.45706E-2 6.9395E-2 6.62815E-2 6.56354E-2 7.40715E-2 6.84906E-2 7.37934E-2 7.84398E-2 8.5318E-2 9.2316E-2 9.92734E-2 1.0826E-1 1.20895E-1 1.22818E-1 1.20529E-1 1.14781E-1 1.13048E-1 1.15391E-1 1.14574E-1 1.13186E-1 1.1769E-1 1.20152E-1 1.22236E-1 1.25131E-1 1.32315E-1 1.41956E-1 1.42183E-1 1.5442E-1 1.65338E-1 1.72344E-1 1.81137E-1 2.11092E-1 2.44587E-1 2.71121E-1 2.92522E-1 3.3013E-1 3.84781E-1 4.18626E-1 4.48743E-1 4.48934E-1 4.131E-1 4.72587E-1 4.51902E-1 4.30365E-1 5.21893E-1 8.16879E-1 5.08827E-1
3.00032E-2 3.25911E-2 3.4145E-2 3.6219E-2 3.82003E-2 3.78622E-2 3.76119E-2 3.63148E-2 3.87866E-2 4.22072E-2 6.2593E-2 6.21264E-2 6.15239E-2 6.86719E-2 6.41486E-2 6.37859E-2 6.46869E-2 6.50093E-2 6.8351E-2 6.67768E-2 6.28947E-2 6.03085E-2 6.24405E-2 6.31841E-2 6.83242E-2 7.35474E-2 8.0418E-2 8.665E-2 9.59592E-2 1.05907E-1 1.11793E-1 1.13198E-1 1.14385E-1 1.14514E-1 1.07594E-1 1.03747E-1 1.0561E-1 1.05168E-1 1.06635E-1 1.10797E-1 1.13067E-1 1.18352E-1 1.19169E-1 1.22259E-1 1.24567E-1 1.3163E-1 1.40967E-1 1.43696E-1 1.6364E-1 2.00575E-1 2.20286E-1 2.46962E-1 2.63557E-1 3.0031E-1 3.29208E-1 3.63509E-1 4.09988E-1 4.50141E-1 4.58046E-1 4.54547E-1 4.35222E-1 4.11993E-1 4.86405E-1 7.76989E-1 4.87341E-1
3.55706E-2 3.43229E-2 3.51125E-2 3.53827E-2 3.31928E-2 3.23517E-2 3.21055E-2 3.4841E-2 3.77845E-2 4.04432E-2 6.14389E-2 5.82535E-2 5.86817E-2 5.79312E-2 5.93836E-2 6.09988E-2 6.1419E-2 6.20426E-2 6.13845E-2 6.00919E-2 6.05434E-2 6.16692E-2 6.17865E-2 6.21946E-2 6.64916E-2 6.92569E-2 7.43426E-2 8.30783E-2 9.42268E-2 9.974E-2 1.04524E-1 1.05656E-1 1.33347E-1 1.16687E-1 1.11341E-1 9.80679E-2 9.90396E-2 1.02349E-1 1.01584E-1 1.07206E-1 1.09938E-1 1.10715E-1 1.11688E-1 1.10361E-1 1.13451E-1 1.17273E-1 1.25208E-1 1.34881E-1 1.56592E-1 1.82445E-1 2.03807E-1 2.15462E-1 2.33435E-1 2.69923E-1 2.9494E-1 3.22013E-1 3.82857E-1 4.24563E-1 4.27513E-1 4.35998E-1 4.39452E-1 4.19255E-1 4.28131E-1 4.88222E-1 4.31437E-1
5.64764E-2 5.38783E-2 3.41345E-2 3.50279E-2 2.97992E-2 3.05439E-2 3.11573E-2 3.30067E-2 3.3548E-2 3.51589E-2 4.99422E-2 5.18671E-2 5.43896E-2 5.42324E-2 5.53103E-2 5.82525E-2 6.00762E-2 5.88267E-2 5.9387E-2 5.96762E-2 5.92996E-2 6.42336E-2 5.88164E-2 5.75005E-2 6.25126E-2 6.41168E-2 6.99624E-2 7.93579E-2 8.90172E-2 9.34218E-2 9.58381E-2 9.56256E-2 9.15452E-2 1.43013E-1 1.09733E-1 9.03449E-2 9.36517E-2 9.67303E-2 9.96637E-2 1.16671E-1 1.05417E-1 1.0672E-1 1.03771E-1 1.03677E-1 1.07237E-1 1.09267E-1 1.21901E-1 1.31999E-1 1.37433E-1 1.58936E-1 1.88629E-1 1.90273E-1 2.11144E-1 2.40017E-1 2.63739E-1 2.9449E-1 3.51483E-1 3.95445E-1 4.07977E-1 4.20336E-1 4.36165E-1 4.47741E-1 4.45376E-1 4.60394E-1 4.43913E-1
5.86196E-2 4.62369E-2 2.9412E-2 3.09621E-2 2.94972E-2 2.87226E-2 2.88458E-2 3.01797E-2 2.98657E-2 3.0483E-2 3.20398E-2 4.89412E-2 5.29989E-2 5.27E-2 5.22708E-2 5.61204E-2 5.72287E-2 5.67271E-2 5.82887E-2 5.93375E-2 5.71296E-2 5.75141E-2 5.45507E-2 5.50052E-2 5.67223E-2 6.26278E-2 6.86097E-2 7.58523E-2 8.25463E-2 8.87368E-2 8.89445E-2 8.84832E-2 8.42321E-2 8.54344E-2 6.7847E-2 9.6724E-2 1.05523E-1 1.20655E-1 9.50911E-2 7.59672E-2 9.79039E-2 9.85227E-2 9.99737E-2 9.987E-2 1.0044E-1 1.05563E-1 1.23267E-1 1.24243E-1 1.24587E-1 1.45197E-1 1.62073E-1 1.7873E-1 2.11231E-1 2.51073E-1 2.69199E-1 2.98294E-1 3.39882E-1 3.85109E-1 4.13816E-1 4.28254E-1 4.4503E-1 4.56075E-1 4.29324E-1 4.29628E-1 4.40465E-1
5.08297E-2 3.03104E-2 2.94489E-2 3.2175E-2 2.689E-2 2.59126E-2 2.72712E-2 2.73273E-2 2.64912E-2 2.7549E-2 2.89294E-2 3.00564E-2 3.52034E-2 5.68281E-2 5.33315E-2 5.32478E-2 5.229E-2 5.05883E-2 5.27771E-2 5.46208E-2 5.23261E-2 5.21926E-2 5.44887E-2 5.58009E-2 5.71554E-2 6.1671E-2 6.66743E-2 7.10971E-2 7.70237E-2 8.14345E-2 8.45204E-2 8.50179E-2 7.91013E-2 7.63747E-2 9.4649E-2 9.54311E-2 1.67012E-1 1.16282E-1 6.99972E-2 6.41386E-2 6.65973E-2 6.98599E-2 9.79836E-2 9.62602E-2 9.93864E-2 1.15299E-1 1.19955E-1 1.14831E-1 1.16963E-1 1.30172E-1 1.5026E-1 1.71159E-1 2.04242E-1 2.71749E-1 2.86845E-1 3.01773E-1 3.27927E-1 3.70525E-1 4.18853E-1 4.48076E-1 4.37797E-1 4.04033E-1 3.90593E-1 4.2358E-1 4.36368E-1
