layers/tupi.asc
ncols         638
nrows         825
xllcorner     -2985163.8955
yllcorner     -3022031.214
cellsize      10000.0
NODATA_value  -9999
[rows 348 to 376 of 825, columns 195 to 259 of 638]
9.19035E-5 1.32892E-4 1.68994E-4 1.51344E-4 1.90643E-4 1.81348E-4 2.12204E-4 2.4844E-4 3.28309E-4 2.44212E-4 1.04408E-4 2.71349E-4 2.48011E-4 2.64057E-4 1.97236E-4 2.63937E-4 2.62011E-4 3.40079E-4 2.58115E-4 1.40287E-4 1.53088E-4 2.34327E-4 2.78503E-4 4.38825E-4 4.95813E-4 5.66686E-4 5.53688E-4 4.69409E-5 2.44234E-5 2.62729E-4 1.70794E-3 8.79278E-3 2.59373E-3 5.24237E-4 1.21821E-3 1.14766E-3 2.66224E-4 2.29528E-4 2.74509E-4 1.7454E-3 8.24438E-3 6.90348E-3 1.38929E-2 3.36981E-2 4.52193E-2 1.85626E-2 1.75527E-2 2.91041E-2 9.20959E-3 4.43177E-3 4.53066E-3 4.71274E-3 4.13752E-3 3.83472E-3 4.28559E-3 4.89784E-3 4.05274E-3 5.20521E-3 8.02235E-3 1.49186E-2 2.64091E-2 4.39998E-2 8.47061E-2 1.42939E-1 2.38029E-1
6.10368E-5 5.11737E-5 1.05016E-4 1.37153E-4 1.38158E-4 1.32016E-4 1.623E-4 2.93015E-4 2.0274E-4 1.05491E-4 6.54529E-5 1.04219E-4 1.37719E-4 3.08202E-4 2.62881E-4 2.30659E-4 1.892E-4 2.86732E-4 3.17777E-4 2.40553E-4 1.19562E-4 2.66275E-4 4.21125E-4 4.32934E-4 5.43592E-4 4.44106E-4 3.83731E-4 9.04795E-5 3.33588E-5 7.57125E-5 3.19593E-4 2.31172E-3 2.3721E-3 2.52827E-3 2.9629E-3 1.07122E-3 4.36924E-4 2.70588E-4 1.56402E-4 4.48134E-4 8.2102E-4 1.58678E-3 6.92372E-3 2.30601E-2 3.97024E-2 3.91365E-2 2.66698E-2 2.76642E-2 2.18784E-2 2.13556E-2 1.06133E-2 1.04459E-2 8.08611E-3 6.42174E-3 5.64558E-3 5.4616E-3 9.37813E-3 1.13997E-2 1.77937E-2 2.84731E-2 4.43888E-2 6.66385E-2 1.13857E-1 1.6702E-1 2.62722E-1
4.89437E-5 3.26282E-5 6.85748E-5 1.00376E-4 1.11251E-4 9.37286E-5 1.36193E-4 3.06591E-4 2.81599E-4 1.25023E-4 4.48025E-5 1.32267E-4 5.33853E-4 3.12672E-4 2.59581E-4 2.38712E-4 1.80628E-4 1.84353E-4 2.49926E-4 2.72042E-4 8.98982E-5 1.04895E-4 4.62546E-4 2.95634E-4 4.26056E-4 2.73719E-4 1.41198E-4 7.36994E-5 7.77844E-5 4.60109E-5 1.34567E-4 6.85166E-4 1.52385E-3 4.43832E-3 4.39123E-3 1.71809E-3 6.26444E-4 3.27702E-4 1.32473E-4 2.14979E-4 2.35814E-4 8.29318E-4 2.90574E-3 1.27073E-2 2.09759E-2 3.87251E-2 3.12159E-2 1.73426E-2 1.51938E-2 2.73327E-2 4.30736E-2 3.34602E-2 1.58973E-2 7.92841E-3 6.22979E-3 6.42022E-3 1.40856E-2 2.16732E-2 4.08026E-2 6.04599E-2 9.81822E-2 1.40955E-1 2.07562E-1 2.78413E-1 3.23699E-1
4.40096E-5 3.8551E-5 4.36455E-5 7.36622E-5 7.10394E-5 8.44487E-5 1.41576E-4 2.065E-4 1.9273E-4 8.5511E-5 3.69277E-5 6.46831E-5 1.97917E-4 3.41142E-4 1.95074E-4 2.24722E-4 1.43949E-4 1.11707E-4 1.61733E-4 1.6634E-4 9.84721E-5 9.7619E-5 1.14599E-4 1.99319E-4 1.6553E-4 1.76191E-4 1.5894E-4 1.30272E-4 1.0147E-4 9.27543E-5 7.70243E-5 1.07147E-4 4.14321E-4 2.70044E-3 4.76908E-3 3.19214E-3 1.24949E-3 3.7061E-4 1.30563E-4 1.97258E-4 3.68722E-4 5.69138E-4 1.55037E-3 3.56336E-3 2.85006E-3 1.49213E-3 2.23192E-3 5.4994E-3 2.5226E-2 9.20778E-2 4.44167E-2 4.45556E-2 4.05317E-2 3.12532E-2 2.10453E-2 2.15445E-2 3.39029E-2 6.20479E-2 1.14301E-1 1.71426E-1 2.28016E-1 2.89776E-1 3.51212E-1 3.58847E-1 3.43413E-1
5.07054E-5 5.03773E-5 3.55075E-5 7.24218E-5 8.23671E-5 6.34744E-5 8.50374E-5 1.38446E-4 1.41366E-4 1.38475E-4 8.63853E-5 7.14965E-5 6.39245E-5 1.5761E-4 2.2713E-4 3.75614E-4 1.25648E-4 9.32025E-5 1.12511E-4 1.00176E-4 9.40133E-5 1.17133E-4 8.40044E-5 1.4037E-4 1.19044E-4 1.94819E-4 2.02316E-4 1.21225E-4 2.00457E-4 1.72196E-4 8.93009E-5 8.69729E-5 2.64464E-4 1.11023E-3 2.99065E-3 3.23033E-3 1.6451E-3 5.17191E-4 2.7895E-4 4.10915E-4 9.48088E-4 1.03161E-3 1.87372E-3 3.35957E-3 1.0931E-3 5.79198E-4 5.91717E-4 1.35291E-3 1.17676E-2 5.62364E-2 9.62784E-2 5.03372E-2 4.57332E-2 2.80881E-2 4.18536E-2 7.56201E-2 1.43758E-1 2.26323E-1 3.6696E-1 4.66001E-1 5.48619E-1 4.22967E-1 4.9249E-1 3.86704E-1 3.72654E-1
5.73329E-5 5.63224E-5 5.03633E-5 7.60719E-5 8.34492E-5 4.17747E-5 6.37544E-5 8.796E-5 8.03115E-5 8.31764E-5 1.22788E-4 1.384E-4 9.35416E-5 1.0952E-4 1.02299E-4 2.69869E-4 2.50757E-4 1.09049E-4 7.48463E-5 6.0607E-5 7.65114E-5 7.57715E-5 3.47848E-5 3.99007E-5 7.23986E-5 1.13633E-4 1.81407E-4 2.08197E-4 1.34935E-4 1.25326E-4 1.64899E-4 1.16451E-4 2.69129E-4 1.1247E-3 2.78992E-3 2.96426E-3 1.15691E-3 7.23212E-4 1.36227E-3 6.73176E-3 7.72568E-3 9.07939E-3 7.52091E-3 4.36268E-3 2.62136E-3 2.13919E-3 6.55012E-4 3.18934E-4 1.26723E-3 1.12736E-2 7.42532E-2 1.61424E-1 1.29646E-1 5.5982E-2 6.53158E-2 2.21339E-1 2.21259E-1 2.76594E-1 3.86135E-1 6.35345E-1 8.43746E-1 6.92264E-1 6.69125E-1 6.653E-1 5.47542E-1
3.41319E-5 4.03288E-5 4.00729E-5 5.01819E-5 5.1869E-5 5.54851E-5 9.65769E-5 8.22539E-5 1.05325E-4 1.12204E-4 1.37453E-4 1.502E-4 1.33895E-4 8.11058E-5 1.01661E-4 2.55224E-4 2.25916E-4 9.14682E-5 8.35781E-5 7.16963E-5 8.86595E-5 8.67312E-5 3.92687E-5 2.48938E-5 1.06308E-4 5.9484E-5 8.14689E-5 1.1284E-4 1.26014E-4 1.57305E-4 2.48925E-4 2.22765E-4 4.49092E-4 8.27366E-4 1.08173E-3 1.3153E-3 7.96207E-4 9.50238E-4 2.91424E-3 4.55421E-3 5.01391E-3 7.64369E-3 8.30953E-3 6.16684E-3 3.74933E-3 3.36103E-3 1.58649E-3 5.15101E-4 8.98889E-4 2.23359E-3 6.23718E-3 1.16893E-2 7.77899E-2 7.35612E-2 8.14902E-2 1.604E-1 1.96654E-1 2.29201E-1 2.97225E-1 4.63235E-1 5.61508E-1 8.09486E-1 8.67519E-1 8.13572E-1 7.65208E-1
3.48612E-5 2.00263E-5 3.55626E-5 4.02431E-5 5.22898E-5 6.3866E-5 7.29439E-5 1.21269E-4 1.25327E-4 8.98927E-5 1.08351E-4 1.17215E-4 1.30889E-4 1.13856E-4 1.57959E-4 1.47448E-4 2.60035E-4 1.83437E-4 1.68853E-4 1.63502E-4 1.9137E-4 1.68684E-4 9.7172E-5 2.96009E-5 9.09426E-5 7.42058E-5 8.37511E-5 1.04187E-4 1.16106E-4 2.0288E-4 2.74463E-4 3.06038E-4 4.43645E-4 4.70041E-4 3.71686E-4 4.70632E-4 5.1994E-4 8.88044E-4 2.28634E-3 3.99475E-3 5.23366E-3 5.50137E-3 3.88147E-3 2.98862E-3 3.84261E-3 3.43918E-3 2.03072E-3 1.01689E-3 1.47229E-3 1.38057E-3 9.67778E-4 1.40012E-3 4.39593E-3 8.07058E-3 1.68231E-2 2.63617E-2 8.42295E-2 1.53078E-1 1.78543E-1 2.51552E-1 2.9914E-1 4.82379E-1 6.98551E-1 8.88472E-1 8.4451E-1
3.56316E-5 1.50417E-5 1.69718E-5 2.28686E-5 3.56332E-5 6.63729E-5 4.87876E-5 6.41681E-5 4.91224E-5 5.31485E-5 8.73593E-5 1.12192E-4 9.14152E-5 1.57018E-4 1.84128E-4 1.35957E-4 2.48701E-4 1.92157E-4 1.90744E-4 1.87159E-4 2.53444E-4 1.18517E-4 1.36712E-4 8.54994E-5 8.32568E-5 7.84811E-5 1.41681E-4 3.11029E-4 1.79972E-4 1.39889E-4 1.15776E-4 1.88637E-4 2.59396E-4 2.81393E-4 2.88747E-4 4.76563E-4 4.99227E-4 7.53089E-4 1.57443E-3 3.33762E-3 3.92171E-3 3.98154E-3 2.23064E-3 1.34892E-3 1.98246E-3 1.3285E-3 1.37647E-3 9.81779E-4 1.70819E-3 4.12939E-3 3.81692E-3 3.7421E-3 4.75884E-3 6.04545E-3 9.99493E-3 2.33544E-2 6.97316E-2 1.28274E-1 1.39557E-1 1.62656E-1 1.78597E-1 2.5687E-1 3.46621E-1 5.04191E-1 6.1239E-1
2.99739E-5 1.50151E-5 9.82701E-6 1.63589E-5 3.72948E-5 5.82892E-5 4.55811E-5 3.82224E-5 3.60634E-5 6.27886E-5 8.58286E-5 5.58837E-5 5.11575E-5 8.72335E-5 1.36383E-4 9.48502E-5 9.77722E-5 7.08013E-5 6.82426E-5 8.71381E-5 1.22673E-4 1.05693E-4 9.20778E-5 4.55157E-5 4.07909E-5 4.06826E-5 1.01546E-4 1.19284E-4 1.12663E-4 1.05416E-4 5.48276E-5 7.82484E-5 1.88731E-4 1.95044E-4 2.75047E-4 3.93016E-4 4.62935E-4 6.54324E-4 1.14842E-3 2.36402E-3 2.65079E-3 1.54158E-3 2.15378E-3 2.93646E-3 1.73316E-3 8.81302E-4 8.11096E-4 8.45902E-4 2.15646E-3 6.46852E-3 7.85062E-3 7.26045E-3 7.14857E-3 7.18005E-3 1.13408E-2 3.09721E-2 5.58622E-2 8.85226E-2 1.03831E-1 9.9789E-2 1.06151E-1 1.09213E-1 1.6612E-1 3.26147E-1 3.16988E-1
4.99712E-5 1.41611E-5 6.08566E-6 1.37963E-5 2.94363E-5 4.49543E-5 4.55954E-5 3.86027E-5 2.72246E-5 4.25361E-5 3.9934E-5 2.86646E-5 2.83386E-5 3.368E-5 6.46535E-5 6.90472E-5 7.46107E-5 5.53714E-5 4.01827E-5 5.65139E-5 6.66965E-5 8.13931E-5 6.73666E-5 3.81312E-5 2.37315E-5 2.98047E-5 4.78437E-5 1.10251E-4 1.40833E-4 9.89582E-5 3.86155E-5 3.9569E-5 9.50961E-5 1.75271E-4 2.49074E-4 2.60546E-4 2.29001E-4 2.8625E-4 6.73503E-4 1.27251E-3 1.65011E-3 6.27028E-4 7.65224E-4 2.17349E-3 1.612E-3 5.47251E-4 5.54928E-4 4.85213E-4 1.33589E-3 3.49147E-3 8.03923E-3 9.20878E-3 9.3894E-3 9.01468E-3 1.09442E-2 1.90416E-2 2.71124E-2 3.28707E-2 3.67183E-2 4.26167E-2 4.48867E-2 4.6463E-2 6.25561E-2 1.1885E-1 1.41609E-1
2.41678E-4 7.34625E-5 1.83121E-5 2.05134E-5 3.41219E-5 3.60133E-5 5.52596E-5 5.56959E-5 3.20194E-5 4.64534E-5 4.24787E-5 4.77261E-5 4.22581E-5 4.06517E-5 2.36811E-5 6.16462E-5 6.73215E-5 6.00622E-5 3.92811E-5 4.6069E-5 5.04102E-5 6.41334E-5 9.62663E-5 6.68508E-5 3.03008E-5 2.4158E-5 4.6463E-5 6.84083E-5 2.76978E-4 1.17444E-4 3.95137E-5 3.68291E-5 9.46022E-5 1.8373E-4 3.10794E-4 3.42175E-4 2.67037E-4 2.15119E-4 3.29993E-4 5.67385E-4 8.2994E-4 1.00395E-3 7.16164E-4 6.23514E-4 5.30458E-4 4.92678E-4 5.06391E-4 4.88124E-4 1.30389E-3 3.41909E-3 5.73293E-3 7.28939E-3 8.46772E-3 8.78712E-3 7.36482E-3 8.70653E-3 1.22279E-2 1.86416E-2 2.35955E-2 2.92857E-2 2.70273E-2 3.2007E-2 3.03118E-2 3.96413E-2 4.55635E-2
1.48377E-3 6.98139E-4 2.73024E-4 8.80964E-5 6.54105E-5 1.73937E-5 3.64233E-5 4.25833E-5 4.00026E-5 2.37618E-5 4.11218E-5 4.7945E-5 5.69848E-5 6.31068E-5 4.26133E-5 3.1993E-5 7.34626E-5 8.42001E-5 5.68252E-5 7.65951E-5 5.69255E-5 5.80295E-5 1.03611E-4 1.30359E-4 8.09677E-5 4.05532E-5 2.84593E-5 3.89503E-5 1.83269E-4 2.2228E-4 3.14763E-5 7.44961E-5 1.23285E-4 3.11025E-4 2.29321E-4 1.9747E-4 4.02762E-4 3.51305E-4 2.93634E-4 2.33095E-4 2.52837E-4 5.73051E-4 8.91655E-4 6.29094E-4 7.12258E-4 6.6741E-4 8.44908E-4 9.15205E-4 1.95981E-3 5.39443E-3 7.73079E-3 7.73258E-3 7.89547E-3 7.0356E-3 4.88646E-3 6.27164E-3 1.08608E-2 1.67125E-2 2.58671E-2 3.05588E-2 3.36771E-2 3.93379E-2 2.23831E-2 2.17397E-2 1.63022E-2
3.61562E-3 1.59908E-3 4.06593E-4 1.42284E-4 5.76422E-5 1.86532E-5 2.90634E-5 5.18796E-5 4.48996E-5 2.07451E-5 2.93893E-5 2.24638E-5 2.63506E-5 4.40229E-5 5.98248E-5 4.17959E-5 6.26073E-5 5.61315E-5 5.23527E-5 7.7387E-5 8.33634E-5 7.35335E-5 5.74227E-5 8.53871E-5 9.55614E-5 9.58087E-5 6.09794E-5 3.16117E-5 3.87416E-5 7.74335E-5 3.47847E-5 1.2606E-4 1.04175E-4 1.73756E-4 2.29085E-4 2.66652E-4 2.53776E-4 3.59905E-4 3.03116E-4 2.44248E-4 2.66837E-4 4.48785E-4 6.97674E-4 4.94008E-4 9.76448E-4 1.94143E-3 1.23403E-3 1.60285E-3 3.21351E-3 4.10179E-3 7.33476E-3 8.19053E-3 6.44331E-3 6.63512E-3 8.81957E-3 8.58332E-3 1.15689E-2 1.79289E-2 2.34123E-2 2.22623E-2 2.65115E-2 3.70798E-2 2.16543E-2 2.59011E-2 1.35868E-2
4.06871E-3 2.40015E-3 5.80819E-4 2.47224E-4 9.33191E-5 2.85795E-5 2.85873E-5 4.16948E-5 3.52428E-5 1.84778E-5 2.17358E-5 2.29771E-5 1.34214E-5 2.98566E-5 4.19679E-5 4.49388E-5 5.45467E-5 6.7358E-5 8.54539E-5 1.04983E-4 9.66442E-5 9.33655E-5 5.40786E-5 4.64168E-5 6.61406E-5 1.18191E-4 1.35529E-4 3.03663E-5 4.10757E-5 8.94766E-5 8.71901E-5 1.55752E-4 7.91129E-5 1.06377E-4 1.88227E-4 3.02195E-4 2.39158E-4 2.92437E-4 2.35942E-4 2.4921E-4 2.15341E-4 2.83099E-4 5.06466E-4 3.54799E-4 7.98754E-4 2.70494E-3 1.62268E-3 1.72874E-3 2.70769E-3 3.50842E-3 4.96322E-3 7.13033E-3 7.30558E-3 1.03744E-2 1.92658E-2 1.45232E-2 1.28755E-2 1.37889E-2 1.29418E-2 1.43915E-2 2.02695E-2 2.5494E-2 2.34004E-2 2.90865E-2 1.77608E-2
6.32823E-3 3.27607E-3 7.8928E-4 2.27159E-4 1.36354E-4 3.1312E-5 3.64334E-5 3.42041E-5 1.98603E-5 1.24001E-5 1.76517E-5 1.65147E-5 1.50132E-5 2.84762E-5 5.6707E-5 3.1342E-5 3.48759E-5 5.01647E-5 5.51844E-5 6.54493E-5 1.47459E-4 8.12425E-5 5.41248E-5 4.09952E-5 5.95349E-5 1.57855E-4 1.87757E-4 3.12065E-5 3.22922E-5 3.75619E-5 3.73738E-5 1.01688E-4 5.03624E-5 1.37341E-4 1.48316E-4 2.03955E-4 3.24641E-4 2.28486E-4 2.14668E-4 2.19737E-4 1.9539E-4 2.06668E-4 3.94448E-4 3.98742E-4 4.46361E-4 1.07673E-3 1.17475E-3 1.4932E-3 2.04001E-3 3.75617E-3 4.00788E-3 5.72387E-3 5.89402E-3 9.02137E-3 1.41004E-2 1.16817E-2 1.10969E-2 5.99987E-3 5.39239E-3 8.57698E-3 1.21402E-2 1.70984E-2 2.22866E-2 3.06116E-2 2.14332E-2
6.86443E-3 5.09261E-3 1.13947E-3 2.43415E-4 2.20106E-4 4.12924E-5 2.44394E-5 2.547E-5 1.95656E-5 1.02921E-5 1.61081E-5 1.66665E-5 1.80719E-5 2.69186E-5 3.93314E-5 3.02718E-5 5.08913E-5 5.9901E-5 6.79517E-5 8.56205E-5 9.98588E-5 4.72479E-5 5.62305E-5 3.7763E-5 5.5045E-5 1.13296E-4 1.71759E-4 3.25688E-5 2.71566E-5 2.76665E-5 3.08961E-5 3.66285E-5 1.34169E-4 2.16634E-4 1.14598E-4 1.53414E-4 2.62689E-4 3.71851E-4 2.22406E-4 2.36039E-4 2.41134E-4 1.62627E-4 1.9756E-4 3.70364E-4 4.94216E-4 1.02966E-3 1.3344E-3 1.22761E-3 1.54246E-3 3.35109E-3 3.94417E-3 4.1703E-3 3.22779E-3 4.8499E-3 7.84649E-3 6.42021E-3 7.63222E-3 4.85918E-3 4.48242E-3 7.25241E-3 8.77544E-3 1.37878E-2 2.05727E-2 2.2798E-2 1.74831E-2
7.11376E-3 7.43458E-3 2.71131E-3 4.36041E-4 1.7755E-4 6.08857E-5 3.12556E-5 4.48965E-5 2.6011E-5 1.1864E-5 1.44569E-5 9.77774E-6 1.91922E-5 2.17522E-5 4.30755E-5 4.93333E-5 4.66877E-5 8.99559E-5 6.26935E-5 2.71597E-5 2.24405E-5 2.31002E-5 6.70385E-5 4.22095E-5 3.78689E-5 7.47072E-5 1.1583E-4 3.20748E-5 2.56484E-5 2.69075E-5 2.81448E-5 3.53287E-5 2.20374E-4 2.81992E-4 1.27978E-4 1.33382E-4 2.71002E-4 3.18587E-4 2.83709E-4 2.87605E-4 2.68725E-4 1.83681E-4 1.52131E-4 2.99902E-4 7.22467E-4 1.58239E-3 1.34865E-3 9.88304E-4 1.74051E-3 5.40661E-3 7.04091E-3 3.87269E-3 2.74109E-3 5.14374E-3 8.57454E-3 7.21395E-3 6.83854E-3 4.76995E-3 5.51528E-3 8.26531E-3 7.2864E-3 1.36819E-2 2.36525E-2 1.56768E-2 1.3251E-2
6.02718E-3 6.77581E-3 4.32051E-3 1.22292E-3 1.35183E-4 3.71094E-5 6.96843E-5 5.9584E-5 3.39336E-5 1.2628E-5 1.71642E-5 1.09085E-5 5.82354E-6 1.32698E-5 3.17078E-5 4.02409E-5 1.73993E-5 1.62796E-5 1.62556E-5 1.36857E-5 1.31384E-5 1.471E-5 4.12728E-5 4.46722E-5 3.54036E-5 4.22299E-5 5.89846E-5 2.90543E-5 2.53599E-5 2.61253E-5 2.78236E-5 3.53446E-5 1.57554E-4 2.94203E-4 1.76437E-4 1.61217E-4 1.6877E-4 2.15088E-4 2.59583E-4 2.9277E-4 3.09729E-4 1.40409E-4 1.16972E-4 2.6102E-4 5.86674E-4 1.34506E-3 1.36176E-3 1.14613E-3 2.75337E-3 7.51577E-3 1.0517E-2 4.80007E-3 5.70318E-3 8.49529E-3 1.64465E-2 1.4837E-2 1.17072E-2 4.64051E-3 6.72166E-3 1.45072E-2 9.87435E-3 8.21449E-3 1.8111E-2 1.0787E-2 7.75863E-3
6.25198E-3 8.12661E-3 5.11582E-3 1.78997E-3 3.77868E-4 1.01683E-4 1.32945E-4 9.27201E-5 4.23769E-5 1.14532E-5 1.62768E-5 1.5276E-5 4.24328E-6 1.37481E-5 2.90131E-5 3.76402E-5 5.73889E-5 1.822E-5 1.57143E-5 1.17528E-5 1.32964E-5 1.65877E-5 2.40213E-5 2.82137E-5 3.37637E-5 2.98168E-5 2.80332E-5 4.31512E-5 4.23453E-5 3.88443E-5 2.48709E-5 2.48187E-5 8.52145E-5 2.50116E-4 2.03214E-4 1.91956E-4 1.5762E-4 1.30906E-4 1.52804E-4 1.72689E-4 2.56952E-4 1.20198E-4 9.27659E-5 2.81663E-4 6.69763E-4 1.04833E-3 1.12225E-3 1.03225E-3 2.12994E-3 4.57406E-3 1.84015E-2 1.56184E-2 7.16062E-3 7.74766E-3 7.68464E-3 6.58722E-3 1.49806E-2 1.33851E-2 1.86699E-2 3.08144E-2 1.43649E-2 8.93475E-3 1.18871E-2 9.26705E-3 5.89895E-3
5.60818E-3 7.63456E-3 4.87602E-3 3.73385E-3 8.5739E-4 8.17113E-5 1.13223E-4 1.21065E-4 2.26723E-5 1.77207E-5 1.57767E-5 1.36144E-5 1.926E-5 2.27118E-5 1.21679E-5 1.37835E-5 1.52376E-5 2.79892E-5 1.34943E-5 1.28927E-5 1.33955E-5 1.77747E-5 2.14419E-5 2.24682E-5 3.12685E-5 2.85125E-5 3.63572E-5 5.72719E-5 4.38295E-5 3.92227E-5 1.9887E-5 2.99811E-5 4.27867E-5 8.9428E-5 2.28575E-4 2.06584E-4 1.64577E-4 1.37641E-4 1.03754E-4 1.30732E-4 2.66133E-4 2.97948E-4 2.52074E-4 2.97803E-4 3.85261E-4 4.14136E-4 4.95286E-4 6.87109E-4 1.42519E-3 3.35982E-3 5.43763E-3 4.88115E-3 7.31165E-3 6.27641E-3 4.39503E-3 4.23952E-3 6.2954E-3 2.07772E-2 3.24173E-2 1.71273E-2 1.63229E-2 9.94557E-3 1.44385E-2 1.28855E-2 8.63949E-3
6.68829E-3 7.98525E-3 5.46674E-3 4.62755E-3 1.25454E-3 1.41804E-4 1.30533E-4 1.04071E-4 2.0415E-5 1.04566E-5 1.62575E-5 1.53009E-5 3.89635E-5 3.48515E-5 2.11903E-5 2.66286E-5 2.81696E-5 1.35555E-5 1.3289E-5 1.522E-5 1.83619E-5 1.74652E-5 1.93055E-5 2.20291E-5 2.86986E-5 3.99256E-5 4.65615E-5 7.44298E-5 4.20174E-5 3.62889E-5 1.48419E-5 1.86103E-5 3.44253E-5 1.96402E-5 1.80427E-4 2.02969E-4 1.84946E-4 1.66129E-4 9.21084E-5 1.84384E-4 2.63257E-4 3.23579E-4 2.81518E-4 2.73895E-4 2.32028E-4 3.6909E-4 6.26578E-4 1.03918E-3 1.90653E-3 2.58023E-3 3.00855E-3 3.31917E-3 3.69737E-3 3.01519E-3 2.61022E-3 2.75724E-3 7.65236E-3 1.34977E-2 6.87275E-3 8.88867E-3 1.98267E-2 9.51855E-3 1.53165E-2 1.48999E-2 1.48011E-2
6.10569E-3 5.22516E-3 3.33609E-3 2.63426E-3 1.55151E-3 4.51655E-4 1.84781E-4 9.72924E-5 3.26056E-5 1.67917E-5 1.86256E-5 1.04145E-5 1.55876E-5 2.51041E-5 3.30458E-5 2.20311E-5 2.48683E-5 1.33843E-5 1.21168E-5 3.23393E-5 5.56551E-5 2.59808E-5 1.99226E-5 2.32168E-5 2.39598E-5 3.36645E-5 6.94991E-5 1.45751E-4 6.12549E-5 2.53496E-5 1.10906E-5 1.30963E-5 3.04913E-5 1.31403E-5 3.57594E-5 1.37743E-4 1.78866E-4 1.23747E-4 8.80761E-5 1.80657E-4 2.91557E-4 3.41901E-4 2.76633E-4 2.43327E-4 3.4523E-4 6.63627E-4 1.1212E-3 1.75537E-3 2.54535E-3 2.41355E-3 3.54089E-3 3.79933E-3 3.99793E-3 2.95731E-3 2.15984E-3 3.56902E-3 6.59348E-3 7.13333E-3 3.96318E-3 4.31265E-3 1.82907E-2 3.31302E-2 1.18566E-2 1.2156E-2 1.9305E-2
4.8306E-3 4.88628E-3 2.97701E-3 1.86261E-3 1.30716E-3 7.73359E-4 1.93278E-4 8.54546E-5 4.90159E-5 2.99956E-5 2.62677E-5 1.68493E-5 1.3915E-5 2.11129E-5 2.86462E-5 2.84436E-5 4.05982E-5 2.44305E-5 1.11788E-5 4.40803E-5 1.0347E-4 5.84564E-5 1.75909E-5 2.23135E-5 1.88514E-5 2.11505E-5 4.56287E-5 1.18034E-4 7.54999E-5 2.69389E-5 4.43429E-5 4.72391E-5 7.11033E-5 1.24832E-5 2.31155E-5 1.21342E-4 1.14277E-4 1.1064E-4 1.00955E-4 1.44655E-4 2.01349E-4 2.41526E-4 2.18003E-4 2.5544E-4 3.94683E-4 3.39098E-4 5.91984E-4 1.37667E-3 1.96496E-3 2.76813E-3 5.21932E-3 3.45883E-3 3.86344E-3 2.98946E-3 2.58077E-3 4.16437E-3 5.64272E-3 5.16644E-3 4.26049E-3 3.53442E-3 9.69146E-3 4.23437E-2 2.78338E-2 1.55292E-2 3.681E-2
8.08057E-3 5.7634E-3 3.22084E-3 1.95882E-3 1.3626E-3 8.99905E-4 3.16825E-4 1.22009E-4 6.27081E-5 4.97129E-5 4.04348E-5 2.93558E-5 9.52094E-6 1.59766E-5 9.42032E-6 1.54562E-5 2.80117E-5 3.26315E-5 1.80925E-5 2.71213E-5 5.86487E-5 6.06416E-5 1.64002E-5 2.13908E-5 1.786E-5 1.86844E-5 2.51479E-5 4.21007E-5 5.94634E-5 6.83E-5 1.68001E-4 8.98997E-5 6.07972E-5 1.18187E-5 8.71829E-6 1.21399E-4 8.607E-5 1.17625E-4 7.60441E-5 8.15977E-5 9.84208E-5 1.20374E-4 1.23168E-4 2.04432E-4 1.91181E-4 1.05634E-4 2.05558E-4 7.06299E-4 1.41482E-3 1.54846E-3 3.91504E-3 3.0779E-3 3.68364E-3 3.35589E-3 3.09775E-3 3.6428E-3 5.12464E-3 6.52911E-3 5.67196E-3 3.01367E-3 9.69605E-3 2.04803E-2 6.02589E-2 8.11408E-2 1.63136E-1
5.35207E-3 3.05284E-3 2.66116E-3 1.79431E-3 9.91679E-4 5.19052E-4 1.87615E-4 8.92964E-5 3.66789E-5 3.33434E-5 3.56497E-5 2.65769E-5 1.74969E-5 1.92568E-5 1.94165E-5 2.09601E-5 2.52694E-5 3.4292E-5 3.15592E-5 4.14506E-5 1.29876E-5 1.55166E-5 1.54328E-5 1.79116E-5 1.72783E-5 1.92356E-5 2.81119E-5 7.64205E-5 8.33554E-5 1.95255E-4 2.98371E-4 1.11361E-4 5.51975E-5 1.14684E-5 1.22112E-5 6.77728E-5 8.99591E-5 9.19607E-5 4.65862E-5 6.11911E-5 6.00875E-5 8.63713E-5 1.07976E-4 1.64054E-4 1.41458E-4 1.35088E-4 2.02387E-4 4.08982E-4 1.09558E-3 1.6429E-3 2.84067E-3 3.87625E-3 5.29865E-3 2.80235E-3 2.52566E-3 2.00037E-3 3.42781E-3 4.74051E-3 5.28503E-3 4.57403E-3 1.52274E-2 2.15455E-2 5.77293E-2 9.41592E-2 1.61212E-1
4.27212E-3 2.33996E-3 1.88119E-3 1.46266E-3 1.2054E-3 3.83818E-4 1.96699E-4 9.14064E-5 2.35417E-5 2.49809E-5 3.35895E-5 2.33113E-5 1.1834E-5 2.21977E-5 1.77481E-5 2.13476E-5 2.51292E-5 2.9981E-5 4.64085E-5 5.78091E-5 1.63935E-5 3.10962E-5 2.64462E-5 1.75255E-5 2.11253E-5 2.2133E-5 6.05963E-5 7.5729E-5 4.37405E-5 1.69035E-4 1.95352E-4 1.24285E-4 5.75291E-5 3.80818E-5 2.17366E-5 3.0032E-5 8.13777E-5 7.29057E-5 4.68764E-5 3.59485E-5 5.54458E-5 7.17382E-5 9.42677E-5 1.78762E-4 2.25109E-4 1.80836E-4 2.53055E-4 5.2473E-4 1.54537E-3 2.04347E-3 2.49016E-3 3.48832E-3 5.19603E-3 1.70227E-3 1.44409E-3 1.2899E-3 1.55062E-3 3.88484E-3 5.80715E-3 7.06533E-3 1.51661E-2 1.31866E-2 2.63816E-2 4.05436E-2 7.37296E-2
4.06558E-3 3.16901E-3 3.62744E-3 2.71298E-3 1.55456E-3 8.86911E-4 3.848E-4 1.60961E-4 4.0394E-5 2.22464E-5 3.80493E-5 2.69916E-5 1.91855E-5 2.33885E-5 2.6425E-5 2.17596E-5 2.85624E-5 4.42423E-5 8.0379E-5 1.00464E-4 2.99402E-5 6.43553E-5 2.83868E-5 2.02401E-5 4.43922E-5 4.82468E-5 5.73899E-5 3.22633E-5 2.67874E-5 6.13054E-5 6.77666E-5 9.62758E-5 7.75359E-5 7.93981E-5 2.32432E-5 2.40209E-5 5.20484E-5 4.995E-5 5.66E-5 4.60881E-5 6.3823E-5 6.68983E-5 7.55368E-5 9.78883E-5 1.85693E-4 1.74981E-4 2.37613E-4 6.22719E-4 1.49761E-3 1.78802E-3 1.51023E-3 2.07642E-3 2.05958E-3 2.05822E-3 1.65307E-3 2.52571E-3 2.29323E-3 5.53425E-3 8.54414E-3 9.26528E-3 1.58659E-2 1.22101E-2 2.43004E-2 2.66988E-2 3.80284E-2
9.36001E-3 3.60916E-3 5.18709E-3 3.52898E-3 2.46531E-3 1.50067E-3 5.4917E-4 2.19901E-4 6.07806E-5 3.17335E-5 4.71911E-5 2.68426E-5 2.07955E-5 2.34491E-5 2.65364E-5 2.8124E-5 2.93601E-5 4.41174E-5 5.73822E-5 6.38388E-5 1.01087E-4 1.6414E-5 3.40743E-5 5.6664E-5 4.62214E-5 2.2503E-5 2.71122E-5 3.3366E-5 2.95736E-5 2.7257E-5 6.24211E-5 3.38384E-5 5.07761E-5 4.60605E-5 2.31736E-5 3.70675E-5 3.37239E-5 3.0004E-5 4.44333E-5 4.48374E-5 5.94305E-5 7.37027E-5 8.09098E-5 6.71703E-5 1.06318E-4 1.88166E-4 2.44578E-4 4.76106E-4 1.06534E-3 2.22038E-3 2.09674E-3 1.45254E-3 8.00082E-4 1.91435E-3 2.20059E-3 2.11019E-3 2.03058E-3 5.53636E-3 9.42591E-3 1.17607E-2 1.52093E-2 1.31074E-2 2.42872E-2 2.57829E-2 3.28676E-2
