layers/tupi.asc
ncols         638
nrows         825
xllcorner     -2985163.8955
yllcorner     -3022031.214
cellsize      10000.0
NODATA_value  -9999
[rows 203 to 231 of 825, columns 390 to 454 of 638]
6.37513E-1 6.34712E-1 6.80988E-1 7.74766E-1 9.55429E-1 7.23383E-1 6.81339E-1 6.57526E-1 7.21392E-1 6.38704E-1 5.89047E-1 5.92668E-1 5.93615E-1 6.24212E-1 6.37919E-1 6.26591E-1 6.05799E-1 5.52984E-1 4.66337E-1 3.87537E-1 3.15017E-1 2.64743E-1 1.94495E-1 2.15927E-1 3.26888E-1 1.60794E-1 1.34889E-1 1.7478E-1 2.29716E-1 1.87275E-1 1.61661E-1 1.93997E-1 1.96322E-1 2.12942E-1 2.46079E-1 3.34058E-1 4.0494E-1 4.42691E-1 3.81373E-1 3.68494E-1 3.55184E-1 3.83485E-1 3.84526E-1 3.54184E-1 3.56357E-1 3.94281E-1 3.92395E-1 3.59216E-1 3.69739E-1 4.08048E-1 3.37325E-1 4.13205E-1 4.81968E-1 3.79305E-1 4.40297E-1 4.749E-1 5.88543E-1 7.11923E-1 7.41483E-1 7.11329E-1 6.95961E-1 5.98981E-1 5.60314E-1 5.74878E-1 5.95835E-1
6.30692E-1 6.28403E-1 6.45298E-1 7.75511E-1 9.4421E-1 9.38201E-1 7.39377E-1 7.62497E-1 7.04815E-1 6.66716E-1 5.84145E-1 6.12371E-1 6.14245E-1 6.39998E-1 6.27542E-1 6.07471E-1 5.83944E-1 5.60889E-1 4.92541E-1 4.04085E-1 3.44258E-1 2.88923E-1 2.73167E-1 3.12614E-1 2.62567E-1 1.71391E-1 1.17122E-1 1.73431E-1 2.54158E-1 2.07709E-1 1.73193E-1 2.06921E-1 1.90222E-1 1.80977E-1 1.66633E-1 1.28883E-1 1.61002E-1 1.95181E-1 2.60317E-1 3.2251E-1 3.50371E-1 3.65113E-1 3.92848E-1 3.97376E-1 3.71177E-1 3.80764E-1 4.25574E-1 4.12555E-1 3.89738E-1 3.51281E-1 4.20662E-1 5.11239E-1 4.52895E-1 3.92164E-1 4.49318E-1 5.74354E-1 6.90311E-1 7.2958E-1 8.19461E-1 7.58326E-1 7.48508E-1 7.16445E-1 6.7112E-1 7.4118E-1 9.18124E-1
6.59702E-1 6.51419E-1 6.42944E-1 7.42793E-1 9.39791E-1 6.38156E-1 6.81906E-1 7.6899E-1 7.43829E-1 6.74732E-1 6.29872E-1 6.68695E-1 6.31782E-1 6.28808E-1 6.34E-1 6.17218E-1 5.76786E-1 5.53921E-1 5.03932E-1 3.95043E-1 3.50989E-1 2.9515E-1 3.3824E-1 5.34895E-1 5.59503E-1 2.68629E-1 1.17483E-1 1.55904E-1 2.0214E-1 2.2248E-1 2.24839E-1 1.97699E-1 1.63477E-1 2.00829E-1 1.97962E-1 1.63747E-1 1.23071E-1 1.35013E-1 1.79471E-1 2.3761E-1 2.72856E-1 3.10816E-1 3.86181E-1 4.07257E-1 4.13063E-1 4.11251E-1 4.04262E-1 4.35418E-1 4.46277E-1 4.61375E-1 4.96229E-1 5.22447E-1 4.4757E-1 4.76739E-1 4.87574E-1 5.8711E-1 6.5327E-1 7.23224E-1 7.90605E-1 8.14346E-1 7.34384E-1 8.02782E-1 7.70237E-1 8.06202E-1 8.03449E-1
6.43728E-1 6.25431E-1 6.14425E-1 6.99463E-1 9.35236E-1 6.64646E-1 6.49354E-1 6.89008E-1 6.78185E-1 6.57436E-1 6.43789E-1 6.63426E-1 6.49261E-1 6.25233E-1 6.02861E-1 5.92517E-1 5.60974E-1 5.46296E-1 5.0432E-1 3.99265E-1 3.6023E-1 3.15294E-1 3.1029E-1 2.9199E-1 7.51639E-1 3.26831E-1 1.22942E-1 1.47888E-1 1.62929E-1 2.03935E-1 2.51627E-1 1.70242E-1 1.21309E-1 2.52291E-1 3.1116E-1 3.18447E-1 2.01422E-1 1.18272E-1 1.54054E-1 2.15045E-1 2.49017E-1 2.95717E-1 3.72526E-1 3.83876E-1 4.15923E-1 4.23971E-1 4.15708E-1 4.28806E-1 4.75087E-1 5.03744E-1 5.23381E-1 4.96779E-1 5.13994E-1 5.911E-1 6.26546E-1 6.2813E-1 6.13695E-1 6.58409E-1 7.56535E-1 7.63422E-1 7.20816E-1 8.72105E-1 8.26163E-1 7.76178E-1 8.50036E-1
6.6789E-1 6.73762E-1 6.49188E-1 6.35058E-1 6.86609E-1 6.13419E-1 5.77288E-1 6.11009E-1 6.08284E-1 5.97865E-1 6.03551E-1 5.97698E-1 5.88772E-1 5.99991E-1 5.96483E-1 5.5501E-1 5.37194E-1 5.42272E-1 5.10122E-1 4.09851E-1 3.68945E-1 3.19881E-1 3.06789E-1 3.68743E-1 8.44771E-1 4.04195E-1 2.39856E-1 1.48821E-1 1.27394E-1 1.51062E-1 1.89193E-1 1.56349E-1 1.44519E-1 1.43058E-1 1.72255E-1 2.11689E-1 1.86744E-1 1.45506E-1 1.69256E-1 2.05846E-1 2.27813E-1 2.64382E-1 3.56835E-1 3.83437E-1 4.00259E-1 4.12194E-1 4.08011E-1 4.29148E-1 4.9538E-1 5.05711E-1 5.25732E-1 5.09272E-1 5.86258E-1 6.36711E-1 6.22172E-1 6.43009E-1 6.3356E-1 6.80153E-1 7.6884E-1 8.04869E-1 7.9339E-1 8.01527E-1 8.8344E-1 8.5908E-1 8.42414E-1
5.95962E-1 6.33897E-1 6.03771E-1 6.13014E-1 5.98214E-1 5.65413E-1 5.20174E-1 5.71402E-1 5.65692E-1 5.82042E-1 5.96414E-1 5.57208E-1 5.58978E-1 5.72393E-1 5.66265E-1 5.37151E-1 5.28817E-1 5.10979E-1 5.13987E-1 4.38121E-1 3.68446E-1 3.04471E-1 2.78318E-1 3.98434E-1 4.54975E-1 5.92694E-1 3.70655E-1 1.60679E-1 1.14292E-1 1.26766E-1 1.3008E-1 1.27992E-1 1.04323E-1 5.45679E-2 7.87508E-2 1.03851E-1 1.56247E-1 2.41434E-1 2.14903E-1 1.88691E-1 1.71982E-1 2.12537E-1 3.60334E-1 3.85751E-1 3.98668E-1 3.81754E-1 3.9958E-1 4.3334E-1 4.89879E-1 4.98175E-1 5.05294E-1 4.93638E-1 6.1304E-1 6.27801E-1 6.77608E-1 7.22273E-1 6.85557E-1 7.40317E-1 7.59009E-1 8.12951E-1 7.95501E-1 8.20531E-1 8.01843E-1 7.13699E-1 7.74221E-1
5.3979E-1 5.86451E-1 5.72939E-1 6.0205E-1 6.01204E-1 5.89607E-1 5.39633E-1 5.60202E-1 5.46686E-1 5.70369E-1 6.02472E-1 5.7514E-1 5.71722E-1 5.70368E-1 5.47474E-1 5.38306E-1 5.18632E-1 4.90489E-1 4.83442E-1 4.13398E-1 3.38652E-1 2.92418E-1 2.54615E-1 3.14052E-1 3.9464E-1 4.76991E-1 4.02106E-1 1.86227E-1 1.20956E-1 9.49045E-2 1.03044E-1 1.08084E-1 9.62405E-2 6.43683E-2 7.4315E-2 6.86642E-2 7.85124E-2 1.20602E-1 1.7242E-1 1.91181E-1 1.81254E-1 2.05108E-1 3.57546E-1 3.85147E-1 3.81467E-1 3.15843E-1 3.94326E-1 4.33269E-1 4.97413E-1 4.93165E-1 4.82187E-1 4.84667E-1 5.85368E-1 6.58764E-1 6.59612E-1 7.46911E-1 7.76338E-1 7.98503E-1 8.05113E-1 7.89489E-1 8.03582E-1 8.08992E-1 7.70102E-1 7.41929E-1 7.84817E-1
5.1858E-1 4.99554E-1 5.312E-1 5.97181E-1 5.94689E-1 5.67497E-1 5.61928E-1 5.76879E-1 5.81363E-1 5.80441E-1 5.78074E-1 5.57836E-1 5.60868E-1 5.64002E-1 6.0689E-1 6.02852E-1 5.37976E-1 4.887E-1 4.32963E-1 3.63244E-1 2.93546E-1 2.93839E-1 3.07349E-1 3.58465E-1 5.7189E-1 4.04857E-1 3.42655E-1 1.86719E-1 9.90315E-2 9.07703E-2 1.01025E-1 9.16609E-2 7.91931E-2 6.65691E-2 6.08651E-2 4.79193E-2 4.36175E-2 4.65835E-2 1.23637E-1 2.36412E-1 2.66656E-1 2.84238E-1 3.0727E-1 3.72795E-1 3.67457E-1 3.84612E-1 4.27791E-1 4.70632E-1 5.00979E-1 4.85508E-1 4.72499E-1 4.72389E-1 5.98281E-1 6.51658E-1 7.34728E-1 6.98467E-1 7.16038E-1 7.60048E-1 7.41292E-1 7.16449E-1 7.48459E-1 7.69444E-1 7.85728E-1 7.82185E-1 7.37739E-1
4.80602E-1 5.28431E-1 5.43298E-1 5.56056E-1 5.48431E-1 5.05364E-1 5.72789E-1 6.12908E-1 5.97821E-1 6.01618E-1 5.72314E-1 5.37569E-1 5.53375E-1 5.27242E-1 5.33949E-1 5.59761E-1 5.36508E-1 4.54945E-1 4.24749E-1 3.49431E-1 2.75821E-1 2.86235E-1 3.24077E-1 2.83312E-1 2.8306E-1 4.68917E-1 2.8862E-1 1.43942E-1 1.12519E-1 1.21937E-1 1.00348E-1 7.16828E-2 4.88664E-2 3.61132E-2 4.12411E-2 4.34452E-2 3.75603E-2 3.78932E-2 1.01071E-1 2.02833E-1 2.4793E-1 2.96039E-1 3.03826E-1 3.41246E-1 3.64913E-1 3.84122E-1 4.24584E-1 4.79277E-1 4.93273E-1 4.74082E-1 4.68175E-1 4.78374E-1 5.48434E-1 5.67531E-1 6.54303E-1 6.47205E-1 6.91578E-1 7.54789E-1 7.47728E-1 7.07263E-1 6.6414E-1 6.83704E-1 7.77211E-1 7.80435E-1 7.45643E-1
5.05985E-1 5.01281E-1 5.29251E-1 5.44086E-1 4.53108E-1 4.7413E-1 5.23144E-1 5.87298E-1 5.86855E-1 5.64441E-1 5.57499E-1 5.42867E-1 5.45157E-1 5.32924E-1 5.28186E-1 5.25454E-1 5.18744E-1 4.81393E-1 4.28911E-1 3.38715E-1 2.59725E-1 2.44013E-1 2.35886E-1 1.76869E-1 2.07681E-1 5.46589E-1 3.47906E-1 1.31185E-1 9.80261E-2 1.0305E-1 9.18669E-2 7.43462E-2 5.55686E-2 2.93078E-2 3.08485E-2 3.46369E-2 2.77828E-2 3.07304E-2 8.44557E-2 1.62893E-1 1.93178E-1 2.68225E-1 3.24451E-1 3.36555E-1 3.38428E-1 3.68719E-1 4.01086E-1 4.4286E-1 4.61952E-1 4.66405E-1 4.54442E-1 4.80028E-1 5.35776E-1 6.7199E-1 6.20325E-1 6.14926E-1 7.69382E-1 7.5573E-1 7.40036E-1 6.7158E-1 6.6737E-1 6.80106E-1 7.32976E-1 7.15128E-1 7.73964E-1
4.89082E-1 4.73931E-1 4.92617E-1 4.46987E-1 4.27569E-1 4.50696E-1 4.78139E-1 4.90305E-1 5.12845E-1 5.41105E-1 5.61686E-1 5.63858E-1 5.47846E-1 5.28398E-1 5.36117E-1 5.16573E-1 5.10956E-1 5.12417E-1 5.02298E-1 3.97793E-1 3.0817E-1 2.68016E-1 2.32542E-1 1.71622E-1 1.88315E-1 5.29413E-1 3.34353E-1 1.20332E-1 7.54928E-2 7.79314E-2 9.3056E-2 1.19973E-1 8.62381E-2 3.33747E-2 2.69533E-2 2.54295E-2 1.99405E-2 2.34104E-2 5.82466E-2 1.19502E-1 1.9676E-1 3.01682E-1 3.5454E-1 3.45011E-1 3.5476E-1 3.79513E-1 3.83141E-1 4.27925E-1 4.43565E-1 4.62966E-1 3.84791E-1 4.74414E-1 5.26347E-1 5.24857E-1 5.54747E-1 6.95224E-1 7.43029E-1 7.25342E-1 6.8542E-1 6.13784E-1 6.19281E-1 6.09146E-1 6.44759E-1 7.52461E-1 8.23349E-1
4.15493E-1 4.37625E-1 4.58564E-1 4.07208E-1 4.34637E-1 4.66468E-1 4.91957E-1 5.00327E-1 5.16106E-1 5.23711E-1 5.07517E-1 5.1633E-1 5.31441E-1 5.21071E-1 5.25555E-1 5.2452E-1 5.07673E-1 5.05762E-1 5.34346E-1 4.79569E-1 3.77676E-1 3.64904E-1 3.18571E-1 2.65231E-1 2.82368E-1 5.90164E-1 3.13292E-1 1.45603E-1 9.23364E-2 8.03993E-2 9.2462E-2 1.16408E-1 9.34895E-2 4.50738E-2 4.18327E-2 3.47064E-2 2.2903E-2 2.55493E-2 4.54283E-2 9.03539E-2 1.89169E-1 3.41199E-1 3.75334E-1 3.54432E-1 3.44703E-1 3.62793E-1 3.2268E-1 4.30894E-1 4.63279E-1 4.65782E-1 4.70492E-1 5.22853E-1 5.10294E-1 5.02758E-1 5.78825E-1 6.92391E-1 7.15831E-1 7.51816E-1 6.54265E-1 5.96209E-1 6.20584E-1 5.94232E-1 6.71479E-1 8.03683E-1 8.29708E-1
4.32496E-1 4.28519E-1 4.27532E-1 4.32379E-1 4.14894E-1 4.47248E-1 4.77143E-1 5.0549E-1 5.13514E-1 5.00596E-1 5.20398E-1 5.33737E-1 4.97341E-1 5.15362E-1 5.14249E-1 5.15272E-1 5.25405E-1 5.2659E-1 5.55411E-1 5.64273E-1 5.03285E-1 4.63581E-1 3.97387E-1 2.71673E-1 2.85695E-1 4.67319E-1 3.94103E-1 1.78241E-1 1.0793E-1 8.28619E-2 8.67361E-2 9.08329E-2 1.123E-1 8.56234E-2 1.10039E-1 1.13368E-1 7.26821E-2 6.61951E-2 6.991E-2 9.61002E-2 1.51508E-1 2.46001E-1 3.57268E-1 3.77048E-1 3.67819E-1 3.35394E-1 3.98172E-1 4.45363E-1 4.77714E-1 4.64961E-1 4.97562E-1 5.0387E-1 5.0154E-1 5.56394E-1 6.51755E-1 6.41817E-1 6.71375E-1 7.00192E-1 6.08137E-1 6.22382E-1 6.43668E-1 5.71804E-1 6.46158E-1 7.97796E-1 8.01304E-1
4.45058E-1 4.50566E-1 4.28355E-1 4.21528E-1 4.28404E-1 4.53786E-1 4.84034E-1 5.10888E-1 5.1865E-1 5.28808E-1 5.3818E-1 5.46128E-1 5.14554E-1 5.19037E-1 5.1952E-1 5.19932E-1 5.35734E-1 5.36318E-1 5.51396E-1 5.65381E-1 5.66624E-1 4.92034E-1 3.597E-1 2.59577E-1 2.1797E-1 1.91233E-1 3.76202E-1 3.85613E-1 1.4947E-1 9.81826E-2 9.17685E-2 9.75878E-2 1.27712E-1 1.04148E-1 1.45961E-1 2.41681E-1 1.58751E-1 1.48086E-1 1.54007E-1 1.90442E-1 1.97122E-1 2.08984E-1 2.26532E-1 3.96332E-1 4.06091E-1 3.71305E-1 4.12898E-1 4.66165E-1 5.60816E-1 5.26448E-1 4.87641E-1 5.0759E-1 4.97564E-1 5.49084E-1 5.99216E-1 6.2087E-1 6.60924E-1 6.64028E-1 6.01882E-1 6.38098E-1 5.38751E-1 6.20269E-1 7.13221E-1 7.53565E-1 7.6627E-1
4.79921E-1 4.69297E-1 4.35987E-1 4.28295E-1 4.42376E-1 4.77256E-1 4.77883E-1 5.10203E-1 5.21063E-1 5.15093E-1 5.25901E-1 5.95143E-1 6.04522E-1 5.64117E-1 5.19281E-1 5.20247E-1 5.44307E-1 5.47477E-1 5.50625E-1 5.62014E-1 5.71328E-1 4.82069E-1 3.74175E-1 2.64853E-1 1.9547E-1 1.73589E-1 3.50573E-1 3.83543E-1 1.73701E-1 1.15641E-1 1.08523E-1 9.98142E-2 1.22474E-1 1.49141E-1 1.72312E-1 3.38413E-1 3.91122E-1 4.83127E-1 4.26919E-1 4.33154E-1 4.64668E-1 5.27202E-1 4.60783E-1 4.56313E-1 4.46851E-1 4.11997E-1 4.3684E-1 4.54733E-1 5.26731E-1 6.31588E-1 5.61656E-1 5.07385E-1 5.22677E-1 5.59397E-1 6.1548E-1 6.36707E-1 6.08743E-1 6.19868E-1 6.31224E-1 6.14076E-1 6.35109E-1 7.40882E-1 7.45398E-1 7.41479E-1 7.66233E-1
4.66611E-1 4.58839E-1 4.88499E-1 4.64409E-1 4.52954E-1 4.75866E-1 4.66319E-1 4.66217E-1 4.81895E-1 5.02383E-1 5.13593E-1 5.04772E-1 4.89759E-1 4.96266E-1 4.94993E-1 5.13071E-1 5.34898E-1 5.37708E-1 5.3433E-1 5.374E-1 5.34501E-1 4.87233E-1 3.97939E-1 3.25004E-1 2.60553E-1 2.21913E-1 4.02088E-1 3.05087E-1 1.74607E-1 1.90011E-1 2.1926E-1 1.93098E-1 1.75708E-1 1.89452E-1 2.77084E-1 6.04323E-1 7.00723E-1 7.49132E-1 4.34693E-1 4.78966E-1 4.27491E-1 5.86454E-1 5.74595E-1 5.71357E-1 6.21778E-1 5.90088E-1 6.17933E-1 5.76668E-1 5.12511E-1 6.42451E-1 5.98523E-1 5.61227E-1 6.09438E-1 5.9259E-1 5.94685E-1 5.96643E-1 6.02624E-1 6.064E-1 6.23945E-1 5.37024E-1 5.92229E-1 5.96004E-1 6.84047E-1 7.01935E-1 7.88779E-1
4.06216E-1 4.15987E-1 4.70279E-1 4.68653E-1 4.72567E-1 4.95507E-1 4.82605E-1 4.85807E-1 4.81495E-1 4.8238E-1 4.74463E-1 4.70973E-1 4.74532E-1 5.00775E-1 4.96949E-1 4.92921E-1 5.05718E-1 5.2567E-1 5.30851E-1 5.24094E-1 5.05239E-1 4.2479E-1 3.57025E-1 3.22848E-1 2.65068E-1 2.08953E-1 2.66767E-1 5.3864E-1 4.40306E-1 4.31497E-1 5.02036E-1 4.95808E-1 2.60522E-1 2.81122E-1 3.50975E-1 5.62915E-1 2.747E-1 6.4338E-1 7.01861E-1 7.67286E-1 4.65464E-1 8.28551E-1 6.29663E-1 5.34217E-1 5.65299E-1 4.64595E-1 5.15023E-1 5.88736E-1 5.43958E-1 6.72332E-1 6.45821E-1 6.52827E-1 6.37391E-1 5.76674E-1 5.60595E-1 5.51267E-1 5.9847E-1 5.95005E-1 5.61822E-1 5.65851E-1 6.11815E-1 6.41392E-1 6.54338E-1 7.08778E-1 7.74254E-1
3.92134E-1 4.13471E-1 4.46652E-1 4.49589E-1 4.58906E-1 4.72775E-1 4.71375E-1 4.93848E-1 4.85554E-1 4.87416E-1 4.69961E-1 4.554E-1 4.72622E-1 5.06268E-1 5.29848E-1 5.41907E-1 5.23621E-1 5.14848E-1 5.1881E-1 5.24602E-1 5.01686E-1 4.01301E-1 3.84594E-1 2.96671E-1 2.33405E-1 1.87975E-1 2.27075E-1 4.94598E-1 4.60949E-1 4.33247E-1 2.23549E-1 4.19626E-1 3.69902E-1 3.77899E-1 4.94855E-1 3.1331E-1 3.90614E-1 4.95305E-1 5.21324E-1 7.43114E-1 6.99654E-1 7.67022E-1 8.14227E-1 6.81873E-1 6.03842E-1 4.68437E-1 4.93945E-1 6.23224E-1 6.28996E-1 6.50837E-1 6.63743E-1 6.52368E-1 5.97617E-1 5.60454E-1 5.43743E-1 4.86265E-1 5.7099E-1 5.47127E-1 5.20301E-1 5.4635E-1 5.48097E-1 5.88317E-1 7.04528E-1 7.50052E-1 7.48463E-1
3.41261E-1 3.78987E-1 4.19759E-1 4.07664E-1 3.88167E-1 4.34979E-1 4.92619E-1 5.08507E-1 5.04437E-1 5.02631E-1 4.94397E-1 5.16274E-1 5.20652E-1 5.33915E-1 5.46655E-1 5.61952E-1 6.04839E-1 5.6181E-1 5.52845E-1 5.42552E-1 5.74053E-1 6.09219E-1 8.2474E-1 4.58051E-1 3.91278E-1 3.3748E-1 2.79491E-1 4.5924E-1 4.12796E-1 2.32857E-1 1.81494E-1 1.9399E-1 1.98075E-1 2.29172E-1 5.97486E-1 7.89516E-1 8.95797E-1 7.85181E-1 4.95263E-1 4.627E-1 4.61337E-1 5.38361E-1 7.97265E-1 8.6825E-1 8.00412E-1 4.85811E-1 4.91688E-1 5.13025E-1 6.17297E-1 6.66078E-1 6.4764E-1 5.95561E-1 5.73456E-1 5.6176E-1 4.39926E-1 3.91543E-1 4.74427E-1 4.68033E-1 4.88031E-1 5.04064E-1 5.05178E-1 5.51205E-1 7.08314E-1 7.32619E-1 7.03128E-1
2.23492E-1 2.66118E-1 3.45169E-1 4.11277E-1 4.33339E-1 4.42869E-1 4.81038E-1 5.82938E-1 5.03289E-1 5.43067E-1 6.11549E-1 6.26603E-1 6.03305E-1 5.65505E-1 5.68629E-1 5.4547E-1 5.46341E-1 5.58848E-1 5.47464E-1 5.81464E-1 6.79933E-1 9.089E-1 8.84865E-1 8.65357E-1 8.51831E-1 8.27649E-1 7.49976E-1 6.54094E-1 3.20701E-1 2.60814E-1 2.59828E-1 2.27158E-1 1.91415E-1 2.13723E-1 3.05636E-1 4.20766E-1 5.7638E-1 8.36153E-1 4.78602E-1 4.89683E-1 4.18056E-1 4.80407E-1 5.18808E-1 6.16852E-1 9.09102E-1 8.84964E-1 5.74722E-1 4.29318E-1 5.05686E-1 5.73823E-1 6.36149E-1 6.10404E-1 5.93384E-1 5.4956E-1 3.89143E-1 3.61815E-1 3.65049E-1 3.59339E-1 4.05552E-1 3.92846E-1 4.32869E-1 4.9905E-1 6.26642E-1 5.56056E-1 6.70188E-1
1.73587E-1 1.95741E-1 2.28776E-1 2.78094E-1 3.47933E-1 4.2189E-1 4.38201E-1 4.9785E-1 4.39265E-1 5.67236E-1 6.36049E-1 6.68236E-1 6.98549E-1 6.42248E-1 5.82387E-1 5.34911E-1 5.53469E-1 5.92938E-1 5.78754E-1 6.18658E-1 6.65758E-1 7.12557E-1 6.47707E-1 5.87231E-1 4.90698E-1 7.54762E-1 7.40554E-1 4.58376E-1 3.61331E-1 3.28042E-1 3.43344E-1 3.20961E-1 2.74944E-1 2.61338E-1 3.01511E-1 4.02119E-1 5.73686E-1 9.04446E-1 8.38165E-1 8.13885E-1 5.3863E-1 4.36174E-1 4.25139E-1 4.51544E-1 5.98468E-1 9.02279E-1 8.03882E-1 4.76023E-1 4.11773E-1 4.19953E-1 6.23809E-1 6.28055E-1 5.91895E-1 5.34059E-1 3.69757E-1 3.39859E-1 3.77632E-1 4.29853E-1 4.29157E-1 4.37088E-1 4.75668E-1 4.63214E-1 4.73422E-1 4.60563E-1 5.72763E-1
1.52263E-1 1.42785E-1 1.43591E-1 1.80474E-1 2.38069E-1 3.15577E-1 3.77122E-1 4.838E-1 5.94304E-1 6.65247E-1 6.938E-1 6.68415E-1 6.36515E-1 6.69564E-1 6.63513E-1 5.82488E-1 5.85836E-1 6.0012E-1 6.1338E-1 6.32437E-1 6.28191E-1 5.49203E-1 4.77434E-1 3.77311E-1 3.21323E-1 3.44496E-1 4.54236E-1 3.90813E-1 3.89937E-1 4.53331E-1 4.61538E-1 4.52001E-1 4.41339E-1 3.56104E-1 3.74279E-1 4.86787E-1 5.63407E-1 6.69686E-1 8.9143E-1 8.03498E-1 7.40539E-1 6.38586E-1 5.29903E-1 4.29718E-1 4.42431E-1 6.33497E-1 8.74741E-1 5.20604E-1 5.66364E-1 5.04314E-1 6.87712E-1 4.97491E-1 5.43045E-1 4.27432E-1 3.34172E-1 3.73064E-1 4.11541E-1 4.40197E-1 4.49599E-1 4.5507E-1 4.54289E-1 4.47958E-1 4.11122E-1 4.23014E-1 4.62918E-1
2.08878E-1 2.22472E-1 2.28986E-1 2.3212E-1 2.65504E-1 3.24666E-1 4.25761E-1 5.55627E-1 6.48064E-1 6.50628E-1 5.85454E-1 4.45039E-1 4.67845E-1 6.47161E-1 6.75883E-1 6.34974E-1 6.388E-1 6.28318E-1 6.90802E-1 6.49197E-1 5.76288E-1 5.1951E-1 4.77581E-1 4.07511E-1 4.10337E-1 4.29518E-1 4.86028E-1 4.05579E-1 4.41251E-1 4.61295E-1 4.727E-1 5.08216E-1 4.94833E-1 4.57947E-1 4.61552E-1 5.2442E-1 6.91112E-1 8.71341E-1 8.81065E-1 5.92931E-1 7.18223E-1 6.97518E-1 5.23758E-1 4.33209E-1 5.19872E-1 6.27399E-1 9.21383E-1 8.51618E-1 6.31781E-1 6.09347E-1 6.34797E-1 6.28179E-1 4.5382E-1 4.201E-1 3.7845E-1 3.79535E-1 4.09993E-1 4.19194E-1 4.57378E-1 4.48943E-1 4.11664E-1 4.3491E-1 4.19039E-1 4.05094E-1 3.92733E-1
3.04247E-1 3.58857E-1 3.69431E-1 3.23254E-1 2.52677E-1 2.76819E-1 2.86683E-1 4.51381E-1 6.06545E-1 6.79028E-1 6.2944E-1 5.23656E-1 5.33227E-1 4.84956E-1 5.66067E-1 5.8226E-1 5.91837E-1 6.60229E-1 6.88271E-1 6.53831E-1 6.44317E-1 6.43339E-1 6.18703E-1 4.81639E-1 4.87371E-1 5.27425E-1 4.80545E-1 4.37523E-1 4.38451E-1 4.61216E-1 5.17779E-1 5.14348E-1 5.25081E-1 4.71569E-1 5.01164E-1 5.75408E-1 7.34967E-1 9.05245E-1 6.06421E-1 5.42205E-1 5.58829E-1 5.74861E-1 5.00254E-1 5.63594E-1 5.22778E-1 5.36888E-1 8.51405E-1 5.59729E-1 4.36261E-1 4.13184E-1 4.41917E-1 5.86195E-1 5.78745E-1 5.25765E-1 4.95011E-1 4.20264E-1 3.98832E-1 4.62267E-1 4.84069E-1 5.08998E-1 4.5604E-1 4.2456E-1 3.92585E-1 3.34264E-1 3.19355E-1
2.2061E-1 2.18743E-1 2.42043E-1 2.68875E-1 3.04422E-1 2.71693E-1 2.45534E-1 3.33029E-1 4.79606E-1 5.71726E-1 6.24226E-1 6.70429E-1 5.44554E-1 5.09191E-1 3.45812E-1 3.81429E-1 4.54735E-1 5.34573E-1 6.41871E-1 6.7567E-1 6.78182E-1 7.05812E-1 7.08206E-1 5.2838E-1 5.41742E-1 5.41566E-1 4.60264E-1 4.36224E-1 4.38333E-1 4.58339E-1 4.95667E-1 5.10974E-1 5.59296E-1 5.17655E-1 5.03363E-1 5.9631E-1 8.23143E-1 8.8399E-1 8.30068E-1 5.32094E-1 5.15159E-1 6.08666E-1 5.65432E-1 4.86039E-1 4.52555E-1 5.02261E-1 7.23758E-1 7.94828E-1 4.30511E-1 3.12107E-1 3.38576E-1 3.65841E-1 3.89419E-1 5.20909E-1 5.98558E-1 4.28384E-1 4.82593E-1 5.05017E-1 4.81771E-1 4.93431E-1 4.83943E-1 4.11912E-1 2.92778E-1 3.12795E-1 3.38647E-1
1.03462E-1 1.41591E-1 1.41275E-1 2.02512E-1 3.14975E-1 2.67134E-1 1.86404E-1 2.53088E-1 3.78063E-1 4.8974E-1 5.48632E-1 6.84183E-1 5.20141E-1 6.1096E-1 6.08962E-1 6.03405E-1 5.79582E-1 5.89964E-1 6.43376E-1 5.89594E-1 5.82049E-1 6.28055E-1 5.75979E-1 5.07295E-1 4.88747E-1 4.68538E-1 5.07711E-1 5.12404E-1 4.54193E-1 4.46345E-1 4.81839E-1 5.46994E-1 5.60109E-1 5.2803E-1 5.99925E-1 7.11756E-1 9.78769E-1 8.65207E-1 5.466E-1 4.6981E-1 5.18084E-1 6.52996E-1 5.72079E-1 4.28241E-1 4.05872E-1 4.40377E-1 7.14091E-1 7.57508E-1 4.38689E-1 3.22351E-1 3.24307E-1 3.38302E-1 3.71316E-1 4.49205E-1 5.79414E-1 4.45683E-1 4.07525E-1 5.36241E-1 4.11411E-1 3.92313E-1 4.79583E-1 4.62879E-1 3.49331E-1 4.0625E-1 3.97507E-1
9.15892E-2 9.23701E-2 1.33058E-1 1.9997E-1 3.25666E-1 2.59617E-1 1.66706E-1 2.02213E-1 2.80484E-1 3.73609E-1 4.82015E-1 5.43647E-1 6.68139E-1 5.92378E-1 6.73025E-1 6.91639E-1 5.82209E-1 5.36373E-1 6.29379E-1 5.64518E-1 5.90375E-1 7.03773E-1 6.5773E-1 6.03688E-1 4.94784E-1 4.65633E-1 5.51206E-1 5.40778E-1 5.14587E-1 4.76316E-1 4.70198E-1 5.17151E-1 5.33032E-1 5.53539E-1 9.18337E-1 9.90454E-1 9.75144E-1 8.43322E-1 5.37072E-1 4.47937E-1 4.62307E-1 6.31662E-1 6.0695E-1 3.87557E-1 3.54716E-1 4.69196E-1 7.48711E-1 7.51625E-1 4.64463E-1 3.52742E-1 3.37466E-1 3.18499E-1 3.16676E-1 4.02036E-1 4.23779E-1 3.79429E-1 3.8609E-1 3.85697E-1 3.74641E-1 3.63669E-1 4.39665E-1 4.93275E-1 4.53817E-1 4.51992E-1 4.53213E-1
6.15528E-2 7.78268E-2 1.16483E-1 1.89709E-1 3.14192E-1 2.53189E-1 1.92157E-1 2.03375E-1 2.23083E-1 2.86062E-1 4.10143E-1 4.93037E-1 5.53479E-1 6.71633E-1 6.53796E-1 6.1362E-1 6.32969E-1 6.39836E-1 6.71191E-1 6.82518E-1 6.20103E-1 7.03178E-1 5.86823E-1 5.22963E-1 5.21679E-1 4.95959E-1 5.69292E-1 5.47971E-1 5.40236E-1 4.88422E-1 4.44525E-1 4.73659E-1 4.99364E-1 6.382E-1 9.42583E-1 9.96502E-1 8.1957E-1 5.55877E-1 3.67498E-1 4.39955E-1 4.68049E-1 6.98961E-1 6.69244E-1 5.34734E-1 3.78606E-1 4.76243E-1 8.09441E-1 7.77755E-1 4.76895E-1 3.91549E-1 3.80515E-1 3.50296E-1 3.07153E-1 3.23723E-1 3.39353E-1 2.99948E-1 3.22489E-1 3.77002E-1 4.46824E-1 3.92674E-1 3.95185E-1 4.73214E-1 4.63961E-1 4.63854E-1 4.76762E-1
7.64628E-2 7.29044E-2 9.42314E-2 1.34831E-1 2.49631E-1 2.19222E-1 1.6194E-1 1.63861E-1 1.91899E-1 2.68215E-1 3.61077E-1 4.25024E-1 4.84648E-1 5.69454E-1 6.53055E-1 6.38057E-1 6.13688E-1 6.60727E-1 6.46852E-1 6.29362E-1 5.91583E-1 6.96398E-1 6.06376E-1 5.36863E-1 5.08458E-1 5.24698E-1 5.38124E-1 4.70243E-1 4.55477E-1 4.49015E-1 4.32251E-1 4.42535E-1 4.81768E-1 6.23601E-1 9.90009E-1 9.93219E-1 9.6534E-1 4.85018E-1 3.48641E-1 4.25695E-1 4.61094E-1 7.19149E-1 6.05924E-1 5.58394E-1 3.95556E-1 4.87111E-1 8.48231E-1 8.82625E-1 7.00716E-1 4.85415E-1 3.90879E-1 3.55722E-1 3.38193E-1 3.55163E-1 3.57994E-1 3.26027E-1 3.03747E-1 3.35815E-1 3.65374E-1 3.48608E-1 3.66877E-1 4.44309E-1 4.60874E-1 4.81137E-1 4.9169E-1
